-0.0052
-0.0084366
0.0109872
-0.0114777
-0.0120663
0.007848
0.0110853
-0.0044145
-0.0105
0.0091233
-0.0301167
-0.0217782
-0.013734
-0.0082404
-0.0153036
0.0110853
0.0593505
0.0442431
0.0331578
-0.0122625
0.0092214
-0.0207972
-0.0122
-0.0007848
-0.0338445
-0.0230535
-0.0371799
-0.0295281
-0.0247212
-0.0405153
-0.030411
-0.0153036
0.0192276
0.0594486
0.0350217
0.0290376
0.0336483
0.0219744
0.0373761
0.0258
0.0362
0.0438507
0.0134397
-0.0118701
-0.0248
-0.0531702
-0.0889
-0.0933912
-0.0507177
-0.0111834
0.0363951
0.0343
0.0236421
0.0615087
-0.0133416
-0.0181485
-0.0361989
-0.035316
-0.0097119
0.0659
0.0670023
0.0687681
0.0079461
-0.0234459
-0.0954513
-0.0732
-0.021
0.0094176
0.0372
0.0265
-0.0093195
0.0543474
0.0887805
0.0439
0.0354141
0.055917
0.0312939
-0.0124587
-0.00157
-0.0201
-0.0612144
-0.125
-0.112
-0.0487557
-0.0172
-0.0594486
-0.0217
-0.0007848
-0.0096138
0
0.0379647
0.0819135
0.0906
0.0857394
0.0767
0.148916
0.120173
0.0475
0.0542
0.0233
-0.0460089
-0.116543
-0.131062
-0.161571
-0.114679
-0.134
-0.0902
-0.0879957
-0.144011
-0.109
0.0306072
0.064
0.0354
-0.002943
0.0481671
0.0844641
0.0854451
0.103
0.148
0.0593505
0.0241326
0.0229
0.0751
0.0475
-0.0205
-0.0731
-0.00755
0.0577809
0.0556227
0.0636
0.0841
0.0564075
0.0162846
-0.0010791
0.0139302
-0.0457146
-0.100651
-0.171577
-0.159314
-0.125862
-0.105065
-0.067
0.0191
0.0244269
0.0428
-0.0100062
-0.0354141
0.034335
0.0171
0.0653346
0.17609
0.174
0.138419
0.0874
0.0232497
0.041202
-0.0149112
-0.0763218
-0.0929988
-0.0896
-0.0516
-0.0406
0.00481
0.0567018
0.00991
-0.0499
-0.0491
0.0121
0.0232
-0.0648441
-0.0633
-0.0165789
-0.0427
-0.0396
0.0205
0.0476766
0.0557
0.0732
0.153428
0.177169
0.0772047
-0.107321
0.01962
0.0915273
0.113404
0.100945
0.0646479
0.0291357
-0.040221
-0.061803
-0.0615087
-0.132533
-0.244
-0.242
-0.0821097
0.0240345
0.0595467
0.0629802
0.0530721
0.0511101
0.0776952
0.193551
0.246
0.192767
0.147444
0.161
0.142343
0.0210915
-0.0370818
-0.0743598
-0.11615
-0.121546
-0.0485595
-0.0850527
-0.0730845
-0.0841698
-0.18227
-0.0648441
0.0006867
0.0847
0.16108
0.201
0.0761256
-0.00716
-0.174
-0.174618
-0.108204
-0.10016
-0.0802458
0.04
0.0887805
0.152
0.0456165
-0.0348255
-0.0015696
0.0312939
0.191491
0.319
0.32
0.200909
0.135
0.121153
0.0841
0.0373
0
-0.0738693
-0.115856
-0.153919
-0.23
-0.18227
-0.335698
-0.404
-0.259
-0.187
-0.184
-0.151
-0.119
-0.0783
0.0455184
0.225434
0.356299
0.538079
0.514927
0.305
0.262123
0.237
0.11566
0.0181
-0.116
-0.241718
-0.252
-0.326477
-0.342
-0.31
-0.378
-0.306
-0.0401
0.15902
0.0583
-0.116543
-0.143
-0.129
-0.0812268
0.129
0.33
0.354828
0.197
-0.0266
-0.152055
-0.227
-0.331
-0.262221
0.0306072
0.242
0.423105
0.422811
0.250842
0.184
0.120074
-0.0884862
-0.127
-0.163
-0.330401
-0.359046
-0.154802
0.0502
0.0813
-0.0207972
-0.108891
-0.0828945
-0.113
0.0292338
0.23956
0.34
0.311
0.230927
0.10585
-0.112423
-0.504234
-0.614
-0.503
-0.456852
-0.0727902
0.157
0.327065
0.193
0.00363
0.0122
0.0124
-0.209542
-0.166
0.0427716
0.169713
0.265
0.393577
0.21631
-0.0992
-0.235734
-0.206304
-0.0110853
0.142
-0.0295281
-0.128315
-0.103103
-0.0457146
0.138
0.248
0.235
0.128
-0.118
-0.258
-0.214
-0.252
-0.476472
-0.527189
-0.464209
-0.467
-0.448
-0.4182
-0.432621
-0.318
-0.175109
-0.0574866
0.177
0.303325
0.291063
0.334
0.449
0.573
0.402504
0.0038259
-0.0089271
0.0281
-0.146856
-0.200615
-0.189333
-0.165
-0.0602
-0.0331
-0.0639612
-0.116641
-0.133514
-0.129884
-0.0278
0.0109872
-0.198849
-0.193
-0.0321
0.167
0.389751
0.47706
0.355
0.209
0.211307
0.312743
0.395
0.146561
-0.125
-0.164808
-0.0766
-0.038
0.206
0.366305
0.35
0.344
0.347372
0.338
0.24937
-0.231
-0.544
-0.555148
-0.434
-0.119
0.0817173
0.324
0.404761
0.255747
0.110951
0.334717
0.519243
0.445472
0.399561
0.441
0.431051
0.428206
0.188744
-0.123
-0.460874
-0.74556
-0.819
-0.716
-0.864
-0.998266
-0.856217
-0.401818
0.112717
0.434975
0.612
0.576828
0.579379
0.503547
0.564664
0.578496
0.318
0.142
0.125372
-0.0988848
-0.219
-0.274
-0.456
-0.541
-0.678
-0.638
-0.398
-0.151
0.0516
0.382688
0.566
0.7693
0.931
0.77656
0.491
0.352571
0.263
0.123
-0.106046
-0.342663
-0.313626
-0.119
0.115
0.227
-0.116
-0.566822
-0.609495
-0.148
0.455674
0.742225
0.883
1.09
0.952
0.375527
-0.163
-0.552
-0.754781
-0.878682
-0.802
-0.583793
-0.598018
-0.747816
-0.858571
-0.710931
-0.308
0.0267813
0.243779
0.409862
0.348157
0.013734
-0.0918216
-0.043164
-0.169321
-0.448709
-0.556031
-0.438703
-0.11772
0.110853
0.303521
0.333246
0.104084
-0.29587
-0.680716
-0.955985
-1.07204
-1.10333
-1.09166
-0.87358
-0.429482
0.174716
0.540629
0.531604
0.248978
-0.0316863
-0.469212
-0.777933
-0.723389
-0.357771
-0.0150093
0.348353
0.614204
0.706712
0.675517
0.338053
0.199535
0.234165
-0.0640593
-0.213466
-0.0155979
0.187273
0.0823059
-0.273993
-0.380432
-0.189333
-0.0900558
-0.211307
-0.179327
0.375527
0.924985
1.01308
0.879761
0.681304
0.399071
0.062784
0.003924
0.221608
0.36709
0.464602
0.519047
0.389653
0.0247212
-0.915273
-1.60217
-1.50103
-0.738399
0.0142245
0.243092
0.214054
0.358948
0.672966
1.00239
1.15238
1.1667
0.963048
0.82404
0.804812
0.970601
0.807265
-0.104378
-0.812
-1.06851
-0.891042
-0.336189
0.131356
0.351394
0.443804
0.19983
0.0059841
-0.0109872
-0.0703377
-0.0602334
-0.187763
-0.254471
-0.0162846
0.021582
-0.0620973
-0.231418
-0.824432
-1.43805
-1.60443
-1.09362
-0.272424
0.335993
0.898988
1.09754
0.919393
0.650207
0.577515
0.612536
0.498446
0.107321
0.112815
0.040221
-0.0928026
-0.289984
-0.558974
-0.508256
-0.593407
-0.771458
-0.73418
-0.431248
-0.340996
-0.222589
-0.132239
-0.406723
-0.902716
-1.10882
-1.04212
-0.748209
-0.486478
-0.419868
-0.0359046
0.523069
0.826492
0.768417
0.767829
0.795493
0.909289
1.01121
1.27
1.29158
0.293711
-0.665314
-1.30434
-1.83928
-2.00389
-1.78601
-1.67977
-1.43697
-1.05095
-0.764199
-0.0871128
0.930086
1.64661
1.80082
1.7449
1.4045
0.8106
0.232889
-0.146267
-0.159609
0.208659
0.235636
-0.0165789
-0.0355122
0.222589
0.595761
0.905855
1.07361
1.13659
1.07135
0.966285
0.474215
0.154802
-0.097119
-0.508354
-0.996794
-1.05134
-0.91851
0.0924102
0.554559
0.471665
0.333932
0.411039
0.631372
0.5731
0.122821
-0.1136
0.0133416
0.663352
1.38203
1.73225
1.69919
0.695235
-0.369543
-0.805891
-1.20516
-1.34201
-1.01514
-0.687583
-0.226807
0.844445
1.6007
1.36477
0.191982
-1.00013
-1.6111
-1.55881
-0.843366
-0.0878976
0.461462
0.681697
0.743402
0.869558
0.544063
-0.258592
-0.988946
-1.35407
-1.02583
-0.593505
-0.418397
-0.588208
-0.734278
-0.82404
-0.796081
-0.799809
-1.05536
-1.56273
-1.83467
-1.65887
-0.143913
0.930969
1.6937
1.96926
1.43746
0.669827
0.182172
-0.287531
-0.259671
0.164808
0.347764
0.184134
0.0169713
0.341094
0.588306
0.463719
0.660017
0.580065
0.229162
-0.29224
-0.608416
-0.139989
0.759196
1.59334
1.77669
1.51849
1.10676
0.511591
-0.0818154
-0.163435
0.234655
0.753997
0.530819
0.222883
0.139989
0.403485
0.458421
0.568195
0.758509
0.511788
0.200909
0.0742617
0.0932931
0.164023
0.360812
0.460481
0.858964
1.31071
1.36948
0.702004
0.37121
0.220921
0.096138
-0.0749484
-0.154409
-0.415159
-1.16131
-1.75413
-1.55979
-1.09185
-0.987475
-1.25127
-1.25754
-0.692586
-0.249861
-0.0211896
0.343252
0.600764
0.804322
0.809325
0.959712
1.15307
1.29325
0.66139
0.264478
0.216114
0.270167
0.58085
1.09028
1.25862
1.30551
1.32955
0.98051
0.698178
0.350708
0.127628
0.0655308
0.0292338
0.179327
0.379647
0.205912
0.473823
0.670121
0.512769
0.238972
0.215722
-0.0080442
0.40633
0.974427
1.31689
1.70488
1.89362
1.76874
1.44079
0.866517
0.714953
0.534841
0.140283
0.28606
0.373467
0.169615
0.317059
0.286942
-0.0481671
0.137046
0.247016
0.693273
1.11177
1.00709
0.623524
-0.100258
-0.751152
-1.19093
-1.40273
-1.67153
-1.55714
-1.30306
-1.57912
-2.19577
-2.58788
-3.09221
-3.12311
-3.27409
-3.21
-2.31506
-0.375625
0.532094
0.813838
1.26539
1.20192
0.543964
-0.137732
-0.564566
-1.12668
-2.02508
-2.93829
-3.65187
-3.52934
-2.43563
-0.74968
0.362283
0.890159
1.25264
1.48602
1.17308
0.941171
0.843562
0.217193
-0.929988
-1.18858
-1.43157
-1.92433
-1.79474
-1.76619
-2.12328
-2.3388
-2.21892
-1.92963
-1.50054
-0.864653
-0.274189
0.397992
0.957652
1.53419
1.50377
0.955102
0.489127
0.240149
0.292044
0.520617
1.24165
1.77247
2.24257
2.75377
2.12936
0.337
-0.405153
-0.656681
-0.835322
-0.644125
-0.746345
-0.929203
-0.787449
-0.453026
-0.0654327
0.0400248
-0.535332
-1.55479
-2.60269
-3.32314
-2.628
-1.43491
-0.950295
-0.98257
-1.01543
-1.40617
-1.94052
-2.78594
-3.28694
-3.31706
-3.31058
-2.81567
-1.94689
-0.986395
-0.136457
0.14872
0.621856
1.48239
2.778
4.33916
5.24521
5.46064
4.8536
1.37556
-0.471469
-1.23223
-0.438409
1.14071
2.50027
3.14636
2.55619
1.64592
1.24057
1.12207
0.791765
-0.0212877
-1.05889
-2.04391
-2.39197
-1.51123
-0.0073575
1.25529
2.04539
1.80887
0.555442
-0.531113
-0.22769
0.19463
0.578986
0.310585
-0.866615
-1.55184
-1.87587
-2.21166
-2.89866
-4.26029
-4.6056
-4.01052
-3.08044
-2.3287
-0.615676
3.77518
0.281743
0.778031
-1.16062
-0.473921
0.534743
2.10022
0.176384
-0.114679
0.682285
2.31673
4.00405
2.73159
1.93335
-0.334227
0.449298
1.79631
0.381413
-1.07704
-1.80818
-1.40558
-2.95928
-3.64245
-3.65736
-3.31912
-0.966677
1.08145
-0.901245
-1.37683
0.05886
1.35525
0.0753408
-1.62493
-0.499918
1.07508
0.864065
0.177757
0.510218
0.990123
1.02465
0.715443
0.804126
0.91645
0.483927
-0.0357084
-0.232889
-0.178346
-0.149406
0.134005
0.396422
0.611653
0.791078
0.881919
0.760569
0.23956
-0.235342
-0.655014
-1.25382
-1.39116
-1.17426
-0.980019
-0.542003
0.056898
1.17985
2.18322
1.76423
0.653542
-0.150976
-0.0349236
-1.39469
0.67326
3.34943
2.67558
1.79494
-2.28622
-2.69441
-2.12386
-3.06504
-3.15843
-0.878093
-1.05664
-0.287041
0.677381
2.55462
3.614
4.25303
4.25195
2.29211
2.12033
1.61914
2.36421
2.85805
1.79994
3.05866
2.45868
1.19358
-0.797259
-2.1583
-2.26699
-1.31483
-0.861416
-1.05919
-1.09588
-0.468722
0.19669
0.199437
-0.129198
0.303325
1.4403
2.2047
2.32654
1.95935
1.29973
0.495503
-0.066708
0.0492462
0.224453
0.222589
-0.176188
-0.715443
-0.906248
-0.711225
-0.257709
0.294692
0.722114
0.711814
0.428991
0.320787
0.197573
0.244858
0.25143
0.24525
0.420947
1.09381
1.62199
1.45943
1.03437
0.616853
0.566527
0.57928
0.350511
0.0774009
-0.100258
-0.375134
-1.0276
-1.64161
-2.0548
-2.2616
-2.73777
-3.32834
-3.20512
-2.09394
-0.955886
-0.19002
0.339524
0.639612
0.61391
0.0927045
-0.924985
-1.33445
-1.62915
-1.72774
-1.4148
-0.661881
0.326967
1.52104
2.37883
2.44701
2.03734
1.53723
1.07684
0.674339
0.315882
0.234263
0.424577
0.76312
0.970111
0.909681
0.723095
0.524639
0.106439
-0.399659
-0.659624
-0.760667
-0.836695
-0.874561
-0.87927
-0.935089
-0.950589
-0.92371
-0.603315
-0.0954513
0.557502
1.24273
1.70733
1.85203
2.06707
2.55364
3.16265
3.32078
3.03541
2.48477
1.54664
0.812955
0.53543
0.670317
0.836793
0.949902
0.731728
-0.116935
-1.03819
-1.57362
-2.09875
-2.56424
-3.03325
-3.26408
-3.13479
-2.86334
-2.20401
-1.66289
-1.50328
-1.56195
-1.56872
-1.51094
-1.40195
-1.06017
-0.344527
0.418789
0.968639
1.52879
1.81367
1.55439
0.854157
0.324417
-0.128413
-0.419378
-0.793531
-1.45325
-2.01066
-2.10797
-1.89451
-1.67918
-1.65338
-1.99849
-2.28328
-2.35597
-2.17498
-1.74706
-0.869558
0.0360027
0.709852
1.17426
1.48818
1.47582
1.03388
0.312154
-0.341878
-0.932931
-1.38468
-1.54625
-1.29355
-0.624701
0.0744579
0.611065
1.01877
1.33622
1.80033
2.37579
3.13802
3.91007
4.18504
3.99875
3.49197
2.85903
2.08982
1.1513
-0.0080442
-1.23155
-2.04941
-2.44132
-2.28181
-1.44864
-0.860337
-0.618521
-0.571825
-0.615774
-0.631568
-0.646283
-0.686504
-0.716719
-0.25869
0.689251
1.5593
2.19097
2.49145
2.37902
2.0446
1.92109
1.88156
1.93237
1.80671
1.38811
1.14228
1.28521
1.51005
1.45865
1.19613
0.766848
0.250646
-0.0194238
-0.116641
-0.172754
-0.273895
-0.46676
-0.651188
-0.828356
-0.823451
-0.694156
-0.585461
-0.483437
-0.424773
-0.386122
-0.362283
-0.487067
-0.538471
-0.671396
-0.896438
-1.01622
-0.900362
-0.603805
-0.139302
0.11723
0.224257
0.310192
0.446944
0.598704
0.611457
0.429776
0.288022
0.179621
0.158235
0.222883
0.232203
0.0418887
-0.190118
-0.308721
-0.268205
-0.139596
0.071613
0.325692
0.450083
0.285667
0.115562
0.150682
0.239364
0.379647
0.410941
0.449298
0.568686
0.797259
0.959712
1.13531
1.33141
1.31366
0.950687
0.586834
0.551322
0.651482
0.73006
0.785585
0.637356
0.309702
0.0981981
0.120271
0.117916
-0.0097119
-0.246427
-0.505019
-0.646871
-0.669336
-0.717503
-0.750857
-0.688564
-0.70995
-0.736829
-0.792354
-0.775284
-0.751348
-0.659821
-0.589287
-0.536999
-0.45695
-0.257807
-0.0616068
-0.0093195
0.0562113
0.200713
0.192178
0.102613
-0.0135378
-0.0093195
0.157352
0.221608
0.133122
-0.166476
-0.5886
-0.84984
-1.03083
-1.18436
-1.01867
-0.593014
-0.225826
0.0012753
0.13577
0.0881919
-0.157745
-0.409666
-0.69082
-0.922238
-1.08508
-1.17573
-1.23714
-1.30561
-1.2703
-1.25686
-1.25009
-1.27138
-1.27118
-1.24881
-1.17377
-0.96707
-0.841992
-0.731041
-0.724567
-0.70426
-0.639023
-0.600372
-0.559366
-0.466858
-0.255452
0.0252117
0.303129
0.471959
0.555736
0.460579
0.25869
0.153723
0.102613
0.115758
0.0845622
0.124489
0.0749484
0.0044145
-0.0800496
-0.117033
-0.245839
-0.492364
-0.710833
-0.826198
-0.699944
-0.304404
-0.0053955
0.118505
0.167849
0.217095
0.260161
0.278212
0.46107
0.683168
0.844052
0.946665
0.938326
0.835518
0.76881
0.759
0.687583
0.533664
0.306955
0.056898
-0.136065
-0.281056
-0.423988
-0.403093
-0.272031
-0.257905
-0.16471
0.115954
0.40015
0.454595
0.159707
-0.202969
-0.349726
-0.281743
-0.108499
0.189922
0.468133
0.589679
0.50237
0.309702
0.160295
0.0781857
-0.0032373
-0.125862
-0.11566
0.0041202
0.255256
0.59792
0.868774
0.993066
0.958241
0.923121
0.84778
0.647362
0.390046
0.241228
0.210817
0.226807
0.203067
0.142932
0.0468918
-0.0443412
-0.10585
-0.0251136
0.0996696
0.110068
0.0168732
-0.229456
-0.381511
-0.484123
-0.482456
-0.38416
-0.210032
-0.0339426
0.210523
0.459108
0.58448
0.488832
0.326182
0.127726
0.0592524
0.0158922
0.0962361
0.277623
0.43321
0.549458
0.755076
0.905757
0.985807
0.780385
0.18227
-0.540825
-1.03005
-1.36359
-1.38841
-1.25274
-1.11069
-1.11589
-1.265
-1.31395
-1.30267
-1.29865
-1.27442
-1.33494
-1.48249
-1.56136
-1.52173
-1.36545
-1.11304
-0.859062
-0.682874
-0.574376
-0.426343
-0.320296
-0.300677
-0.289591
-0.306563
-0.369837
-0.462836
-0.75488
-1.05134
-1.26618
-1.32572
-1.1825
-0.860729
-0.538373
-0.298813
-0.237206
-0.236323
-0.0876033
0.138223
0.327752
0.47088
0.583401
0.610182
0.51787
0.273307
0.125764
-0.0020601
-0.187567
-0.312056
-0.274974
-0.146561
0.0290376
0.3046
0.692194
1.1151
1.43815
1.59462
1.45149
1.04084
0.622935
0.299401
0.145875
0.118505
0.333638
0.606945
0.742617
0.89114
1.00808
0.994145
0.967953
0.916843
0.836106
0.671887
0.474019
0.295183
0.21013
0.244269
0.269284
0.436251
0.589581
0.681501
0.608024
0.47863
0.293123
0.0511101
-0.207874
-0.389163
-0.565154
-0.652365
-0.759981
-0.788822
-0.688956
-0.469703
-0.30254
-0.186586
-0.22926
-0.381903
-0.574179
-0.692782
-0.695725
-0.5215
-0.282332
-0.065727
0.0982962
0.140381
0.130179
0.102024
-0.0084366
-0.185409
-0.323632
-0.311566
-0.207776
-0.0926064
-0.111343
-0.234361
-0.337072
-0.463915
-0.598214
-0.801183
-0.93038
-0.809914
-0.457146
-0.173931
0.0345312
0.0625878
-0.160688
-0.627055
-1.01288
-1.203
-0.921846
-0.443118
-0.0917235
0.240737
0.407704
0.357084
0.180406
-0.172165
-0.497956
-0.727902
-0.78843
-0.650207
-0.287825
0.0418887
0.319904
0.491775
0.434779
0.190216
-0.0845622
-0.27831
-0.314705
-0.25143
-0.0207972
0.13685
0.159118
0.0334521
-0.18845
-0.333344
-0.386514
-0.233576
0.0466956
0.340113
0.488244
0.460678
0.241522
0.136261
0.117426
0.225826
0.416042
0.52611
0.61646
0.756057
0.84935
0.85298
0.740165
0.461659
0.171969
-0.0766161
-0.344135
-0.396716
-0.308328
-0.15284
0.0815211
0.228279
0.344822
0.298518
0.188842
0.145777
0.115954
0.116739
0.139792
0.112128
0.14303
0.246133
0.249076
0.162159
0.093195
0.0454203
0.0389457
0.0933912
0.245152
0.414276
0.55505
0.766357
1.0015
1.05997
1.06988
0.993263
0.916058
0.979823
1.00484
1.03427
1.1206
1.24322
1.28982
1.22144
1.03692
0.886333
0.791275
0.660802
0.578496
0.571334
0.556031
0.513357
0.438311
0.337562
0.197475
0.205127
0.242797
0.244465
0.273699
0.336679
0.355612
0.3253
0.300971
0.317354
0.392694
0.404172
0.372878
0.349334
0.327458
0.247899
0.132729
-0.086328
-0.396618
-0.681599
-0.848173
-0.79618
-0.542101
-0.287433
-0.0516006
0.0905463
0.155881
0.127236
0.0947646
0.0464994
0.0763218
0.104476
0.146758
0.195906
0.24888
0.34953
0.385631
0.264281
0.0227592
-0.123508
-0.138812
-0.095157
-0.0228573
0.0426735
0.0253098
-0.064746
-0.161963
-0.204637
-0.170302
-0.116445
-0.153232
-0.181387
-0.316471
-0.406232
-0.516006
-0.515516
-0.529053
-0.554363
-0.636375
-0.700826
-0.762139
-0.888688
-1.00523
-1.1719
-1.25597
-1.25911
-1.12491
-0.912821
-0.709852
-0.515516
-0.391419
-0.33148
-0.31235
-0.316961
-0.306759
-0.336385
-0.334129
-0.246525
-0.123606
0.0325692
0.122919
0.10948
0.0310977
-0.153527
-0.267617
-0.342663
-0.359635
-0.366502
-0.370229
-0.406723
-0.311762
-0.23495
-0.122625
-0.0703377
-0.0385533
-0.0234459
0.0533664
0.194238
0.326281
0.470782
0.600078
0.652659
0.72025
0.740949
0.720741
0.711421
0.729472
0.707693
0.704456
0.718484
0.698864
0.709067
0.670513
0.627546
0.585853
0.557698
0.539648
0.555835
0.619698
0.612242
0.576632
0.436055
0.246133
0.0324711
-0.0589581
-0.0594486
0.01962
0.171969
0.199732
0.167947
0.107125
0.0646479
0.0923121
0.170007
0.236127
0.312645
0.382688
0.359536
0.374252
0.335012
0.265262
0.101828
-0.0991791
-0.255452
-0.370916
-0.391419
-0.377881
-0.280566
-0.1652
-0.0782838
-0.0899577
-0.148916
-0.184428
-0.182466
-0.18482
-0.165397
-0.113207
-0.0542493
-0.0482652
-0.0217782
0.0143226
0.031392
-0.0185409
-0.139008
-0.251626
-0.340898
-0.403976
-0.3924
-0.35365
-0.271541
-0.100454
0.106144
0.247016
0.299794
0.330303
0.258493
0.17707
0.127432
0.140479
0.197083
0.237696
0.277623
0.324809
0.380726
0.373172
0.293515
0.147248
0.0103986
-0.163925
-0.294398
-0.381119
-0.393479
-0.316176
-0.111638
0.0953532
0.206795
0.219646
0.0485595
-0.0880938
-0.149504
-0.148523
-0.123998
-0.03924
0.0646479
0.211896
0.265851
0.285667
0.250253
0.107321
-0.062784
-0.196102
-0.254079
-0.25869
-0.282724
-0.330205
-0.3666
-0.345116
-0.364049
-0.432425
-0.519538
-0.578005
-0.659428
-0.706418
-0.645792
-0.542395
-0.491579
-0.504921
-0.534939
-0.589679
-0.542101
-0.498544
-0.450377
-0.413884
-0.385631
-0.31598
-0.245839
-0.186586
-0.125764
-0.13165
-0.183055
-0.139694
-0.0604296
-0.0097119
0.0025506
0.0002943
-0.0154998
-0.0503253
-0.0312939
-0.0783819
-0.050031
-0.0428697
-0.0377685
0.030411
0.135476
0.259376
0.325005
0.348451
0.3511
0.285177
0.19414
0.05886
-0.0636669
-0.204048
-0.339818
-0.438997
-0.476079
-0.4595
-0.410745
-0.341388
-0.370524
-0.367483
-0.380236
-0.312449
-0.243582
-0.110363
-0.0475785
-0.0661194
-0.0940779
-0.128021
-0.105261
-0.105261
-0.140381
-0.258199
-0.310486
-0.343644
-0.294104
-0.209738
-0.140185
-0.0980019
-0.171577
-0.2685
-0.334129
-0.411333
-0.427618
-0.41977
-0.382786
-0.223178
0.0384552
0.178444
0.293221
0.344135
0.27831
0.194532
0.0973152
0.0528759
0.0404172
0.0859356
0.164612
0.241816
0.304404
0.368267
0.395932
0.357476
0.3046
0.316863
0.340113
0.331578
0.324515
0.355024
0.340898
0.326084
0.294692
0.247212
0.147641
0.0781857
-0.0213858
-0.0572904
-0.0805401
-0.121252
-0.12959
-0.172067
-0.187077
-0.196396
-0.154115
-0.103692
-0.0248193
0.0479709
0.133416
0.182172
0.200026
0.219352
0.167064
0.157745
0.128903
0.152644
0.0898596
0.0071613
-0.0452241
-0.0395343
-0.0133416
-0.0145188
-0.0269775
-0.0346293
-0.112619
-0.123214
-0.171577
-0.121448
-0.133416
-0.166279
-0.242405
-0.204539
-0.15745
-0.0959418
-0.0948627
-0.152153
-0.193257
-0.260848
-0.283705
-0.213662
-0.101632
-0.0758313
-0.118505
-0.204637
-0.274876
-0.289984
-0.345018
-0.402995
-0.439586
-0.408292
-0.369641
-0.219646
-0.0741636
0.0223668
0.0179523
0.0035316
-0.036297
0.0063765
0.059841
0.102416
0.174127
0.214839
0.212877
0.156371
0.0872109
0.0221706
0.0110853
-0.0051993
-0.030411
-0.0033354
0.00981
0.0477747
0.0570942
0.0615087
0.091233
0.118995
0.0743598
-0.0234459
-0.102122
-0.159216
-0.212975
-0.222883
-0.209247
-0.134103
-0.0463032
0.0306072
0.134887
0.21739
0.261731
0.251921
0.174716
0.15078
0.146071
0.203852
0.262712
0.328046
0.375821
0.35728
0.275857
0.185017
0.0668061
-0.0083385
-0.0652365
-0.0901539
-0.0781857
-0.0021582
0.0346293
0.084366
0.140872
0.169419
0.182956
0.185507
0.255158
0.287825
0.331774
0.377979
0.444099
0.513455
0.490794
0.414276
0.31343
0.253588
0.188352
0.160492
0.141166
0.130669
0.0414963
-0.041202
-0.0859356
-0.161375
-0.175207
-0.169124
-0.0711225
-0.017658
0.0310977
0.0614106
0.0799515
0.0590562
0.0900558
0.089271
0.10948
0.0714168
0.0671985
0.0427716
0.0591543
0.0435564
0.0968247
0.157941
0.179915
0.203754
0.224845
0.225238
0.212877
0.223276
0.236519
0.271345
0.31343
0.382394
0.389751
0.39858
0.50031
0.523363
0.536509
0.484222
0.378764
0.230437
0.120173
0.0722997
0.0442431
0.0205029
0.0672966
0.01962
-0.0254079
0.0043164
0.0975114
0.148621
0.224551
0.273699
0.289199
0.335208
0.352179
0.333736
0.337856
0.288022
0.290866
0.23544
0.245544
0.247899
0.215133
0.173343
0.105261
0.046107
0.0148131
0.0073575
0.014715
0.0484614
0.0864261
0.0465975
0.0253098
0.0389457
0.0900558
0.128413
0.142637
0.12184
0.0744579
0.0306072
-0.0200124
-0.0279585
-0.0286452
-0.0129492
0.0250155
0.048069
0.0563094
0.0327654
0.0615087
0.0472842
0.0349236
0.0478728
0.0551322
-0.0042183
-0.0497367
-0.13371
-0.198064
-0.152349
-0.0671004
0.036297
0.0944703
0.0439488
-0.0517968
-0.206501
-0.336385
-0.448709
-0.468329
-0.477355
-0.436055
-0.386024
-0.351983
-0.305385
-0.262123
-0.203459
-0.131748
-0.105752
-0.0920178
-0.0883881
-0.096138
-0.0405153
-0.0005886
0.0254079
0.0336483
0.0587619
0.0112815
-0.0857394
-0.130865
-0.10016
-0.0621954
0.0008829
0.0678852
0.0570942
-0.010791
-0.0835812
-0.0980019
-0.0523854
-0.0201105
-0.0308034
-0.0181485
-0.0531702
-0.160786
-0.244465
-0.319414
-0.370622
-0.41202
-0.445766
-0.450181
-0.445374
-0.426048
-0.409862
-0.438507
-0.438409
-0.479709
-0.496288
-0.528465
-0.545142
-0.522775
-0.473627
-0.436153
-0.407802
-0.387299
-0.358752
-0.349923
-0.315588
-0.284098
-0.224453
-0.140283
-0.0775971
-0.0449298
-0.0475785
-0.06867
-0.146856
-0.252706
-0.278015
-0.324613
-0.334815
-0.348353
-0.405251
-0.436349
-0.41359
-0.411039
-0.38259
-0.367875
-0.362872
-0.354141
-0.355612
-0.324613
-0.271247
-0.283117
-0.265164
-0.285667
-0.254962
-0.254864
-0.304404
-0.338445
-0.346587
-0.341388
-0.30774
-0.278212
-0.210032
-0.217586
-0.275759
-0.34335
-0.335894
-0.301461
-0.248291
-0.284686
-0.237696
-0.199045
-0.196789
-0.140872
-0.120957
-0.0581733
-0.0453222
-0.0315882
-0.0812268
-0.208757
-0.328831
-0.367875
-0.341192
-0.253098
-0.216703
-0.201301
-0.186488
-0.161571
-0.0762237
-0.0104967
0.0355122
0.0210915
-0.0067689
-0.0387495
-0.0151074
0.0424773
0.03924
0.0030411
-0.0528759
-0.031392
9.81e-05
0.0802458
0.15127
0.221019
0.263006
0.333442
0.386416
0.459697
0.492168
0.489519
0.475295
0.444785
0.465092
0.502763
0.543376
0.521107
0.442529
0.34492
0.260259
0.228867
0.231516
0.262908
0.313528
0.355024
0.443902
0.553774
0.64589
0.689054
0.673358
0.61028
0.534056
0.490009
0.529544
0.522677
0.562702
0.617834
0.622641
0.61803
0.595467
0.598606
0.575651
0.544749
0.564369
0.577515
0.585951
0.604198
0.551813
0.523167
0.490009
0.46107
0.448808
0.458912
0.457833
0.464307
0.50394
0.539746
0.561132
0.570942
0.557404
0.514633
0.426343
0.343742
0.30411
0.284098
0.259867
0.216997
0.209051
0.202576
0.218273
0.233282
0.204539
0.215526
0.203361
0.186684
0.185703
0.0992772
0.0375723
-0.0163827
-0.0933912
-0.115562
-0.143226
-0.199633
-0.192178
-0.248193
-0.276544
-0.273307
-0.263987
-0.2633
-0.275955
-0.295968
-0.300186
-0.282136
-0.240836
-0.220823
-0.207776
-0.214152
-0.269677
-0.351394
-0.378175
-0.315784
-0.210326
-0.11929
-0.0562113
-0.0759294
-0.111147
-0.185409
-0.234361
-0.254373
-0.258395
-0.229554
-0.18482
-0.136457
-0.0684738
-0.038259
-0.0410058
-0.0422811
-0.0320787
0.0193257
0.0561132
0.153527
0.167162
0.222295
0.234753
0.20964
0.20964
0.192668
0.131944
0.0875052
0.0143226
0.0281547
0.0359046
0.0621954
0.097119
0.123704
0.159413
0.119878
0.129884
0.112913
0.159903
0.188156
0.232693
0.271737
0.296066
0.31343
0.290572
0.301167
0.29587
0.236911
0.207285
0.173735
0.185213
0.18796
0.202184
0.19463
0.202969
0.188941
0.185998
0.174912
0.155979
0.166378
0.110363
0.0379647
-0.0358065
-0.0663156
-0.124096
-0.179229
-0.183447
-0.174618
-0.117622
-0.0652365
-0.0187371
0.002943
-0.0061803
-0.0447336
-0.0513063
-0.0633726
-0.0919197
-0.132926
-0.124293
-0.0862299
-0.0617049
-0.0778914
-0.147837
-0.234361
-0.296066
-0.3666
-0.373663
-0.427618
-0.503744
-0.525326
-0.513652
-0.512572
-0.43164
-0.391517
-0.399561
-0.404172
-0.417612
-0.404074
-0.372191
-0.313135
-0.306955
-0.292534
-0.274091
-0.213956
-0.162159
-0.129394
-0.142735
-0.177561
-0.243877
-0.230535
-0.221216
-0.210719
-0.262516
-0.345803
-0.368562
-0.36915
-0.346489
-0.29381
-0.28243
-0.324907
-0.321081
-0.301363
-0.236911
-0.154802
-0.101926
-0.102711
-0.105163
-0.107616
-0.0620973
-0.0507177
-0.0788724
-0.126255
-0.172656
-0.156273
-0.142735
-0.10948
-0.0714168
-0.0448317
0.0439488
0.101632
0.156175
0.182074
0.148916
0.112619
0.0862299
0.116739
0.131748
0.148425
0.141656
0.126058
0.132141
0.103496
0.075537
0.0501291
0.0385533
0.0104967
-0.0254079
-0.0357084
-0.0639612
-0.0652365
-0.0646479
-0.102416
-0.112815
-0.134397
-0.0889767
-0.056898
-0.0567018
-0.0726921
-0.0940779
-0.0813249
-0.0767142
-0.0722016
-0.0709263
-0.0570942
-0.0509139
-0.0698472
-0.0683757
-0.0677871
-0.101141
-0.108793
-0.0887805
0.0283509
0.0606258
0.05886
0.0438507
-0.0508158
-0.148229
-0.212681
-0.242013
-0.241424
-0.175501
-0.166181
-0.103201
-0.0945684
-0.0962361
-0.109676
-0.141755
-0.127922
-0.0701415
-0.0074556
0.0666099
0.164906
0.222883
0.300873
0.316176
0.289493
0.278506
0.248291
0.193061
0.138027
0.0934893
0.10016
0.100454
0.0856413
0.0591543
0.0320787
-0.015696
-0.0466956
-0.101141
-0.0952551
-0.0934893
-0.0688662
-0.0272718
0.0272718
0.0305091
-0.0153036
-0.100945
-0.140381
-0.181093
-0.205029
-0.243288
-0.273012
-0.297439
-0.314607
-0.298224
-0.246623
-0.192472
-0.21994
-0.253687
-0.279389
-0.290866
-0.27517
-0.211405
-0.137242
-0.0850527
-0.0572904
-0.0475785
-0.0388476
-0.0683757
-0.0943722
-0.149701
-0.0901539
-0.0603315
0.0182466
0.0564075
0.0928026
0.104869
0.146169
0.131356
0.125372
0.0507177
-0.0167751
-0.0554265
-0.0763218
-0.0477747
-0.0075537
-0.0230535
-0.0251136
-0.030411
-0.0131454
0.0289395
0.0570942
0.0708282
0.102613
0.130081
0.18796
0.249174
0.285667
0.254668
0.23387
0.245741
0.24731
0.211994
0.190903
0.142539
0.0874071
0.077499
0.14715
0.233968
0.262221
0.262221
0.211602
0.219744
0.196592
0.19257
0.190216
0.19669
0.219155
0.244858
0.281939
0.314607
0.324221
0.280468
0.247408
0.220725
0.245642
0.279389
0.312154
0.320493
0.315195
0.316373
0.292338
0.246231
0.259965
0.217193
0.234165
0.212583
0.237991
0.223374
0.188058
0.121546
0.0639612
0.0748503
0.132435
0.148033
0.184919
0.197377
0.241915
0.238775
0.263104
0.245054
0.283509
0.275072
0.276053
0.348745
0.396422
0.438507
0.449592
0.413197
0.36709
0.326771
0.287531
0.288316
0.310094
0.295379
0.221117
0.16265
0.0671004
0.0322749
-0.0051993
0.0342369
0.0626859
0.0689643
0.0654327
-0.0067689
-0.0205029
-0.037278
-0.0518949
-0.0964323
-0.1549
-0.19257
-0.243975
-0.259671
-0.270854
-0.256826
-0.264576
-0.301363
-0.357575
-0.375331
-0.339917
-0.334227
-0.283901
-0.247702
-0.175403
-0.106144
-0.038259
0.0037278
0.0226611
0.0024525
-0.0116739
-0.0249174
-0.0338445
-0.0528759
-0.0718092
-0.0914292
-0.111343
-0.119682
-0.141264
-0.163336
-0.237402
-0.328145
-0.375036
-0.395147
-0.402799
-0.356594
-0.324221
-0.237304
-0.148131
-0.0660213
-0.0446355
0.0054936
-0.0161865
-0.0465975
-0.0646479
-0.0950589
-0.102514
-0.106831
-0.118701
-0.149602
-0.19208
-0.218959
-0.245544
-0.25349
-0.22151
-0.186488
-0.160982
-0.144501
-0.146169
-0.136653
-0.101435
-0.101337
-0.0925083
-0.0811287
-0.094176
-0.032373
-0.0077499
0.0097119
0.0130473
0.0024525
-0.0157941
-0.0120663
-0.0026487
0.0144207
0.0116739
-0.0010791
-0.0652365
-0.0771066
-0.0944703
-0.0996696
-0.157843
-0.195415
-0.182466
-0.137536
-0.089271
-0.0940779
-0.128413
-0.190314
-0.180013
-0.186292
-0.165397
-0.184624
-0.193944
-0.220823
-0.208953
-0.146267
-0.0948627
-0.0525816
-0.0614106
-0.0574866
-0.0350217
0.0321768
0.067689
0.0633726
0.0906444
0.0266832
0.0164808
-0.024525
-0.0373761
-0.0807363
-0.121448
-0.0787743
-0.0299205
0.0662175
0.0851508
0.1239
0.0874071
0.0485595
0.0111834
-0.0092214
0.0131454
0.004905
0.0286452
0.0220725
0.0599391
0.0933912
0.11723
0.121252
0.092214
0.0677871
0.0443412
0.0527778
0.0603315
0.0296262
-0.0071613
-0.0571923
-0.109087
-0.169321
-0.16883
-0.146561
-0.0937836
-0.0697491
-0.0263889
-0.0524835
-0.0468918
-0.0599391
-0.109185
-0.18021
-0.182956
-0.170302
-0.148425
-0.0722016
-0.0300186
0.0393381
0.0622935
0.0888786
0.105163
0.082404
0.121153
0.126647
0.136948
0.19208
0.212877
0.219057
0.195121
0.202675
0.177855
0.168928
0.124979
0.116739
0.117916
0.119093
0.0887805
0.0628821
0.0462051
0.0123606
0.0399267
0.0581733
0.0996696
0.127236
0.14558
0.162159
0.230829
0.261142
0.266047
0.284981
0.240541
0.253687
0.227788
0.20807
0.19257
0.153428
0.139891
0.116837
0.0790686
0.066708
0.0268794
0.0090252
0.0213858
-0.0187371
0.0061803
0.0167751
0.0252117
0.0018639
-0.016677
-0.0290376
0.0136359
0.056898
0.0834831
0.0743598
0.0481671
0.0393381
0.0095157
0.0080442
-0.0132435
0.0079461
0.0067689
0.0277623
0.0449298
0.0584676
0.0541512
0.027
0.0188352
0.0244269
0.0361008
0.0275661
-0.025506
-0.0227592
-0.0336483
-0.0523854
-0.0459108
-0.007848
-0.0154017
-0.0288414
-0.0356103
-0.0429678
-0.0212877
-0.0177561
-0.0258984
-0.0205029
-0.0173637
-0.0592524
-0.115366
-0.122429
-0.137242
-0.133318
-0.132141
-0.139204
-0.155489
-0.142147
-0.159118
-0.158137
-0.152546
-0.150976
-0.150584
-0.112128
-0.0916254
-0.0740655
-0.0409077
-0.0240345
-0.0209934
0.0204048
0.0396324
0.0133416
0.0003924
-0.0031392
0.0189333
0.0464013
0.0584676
0.0562113
0.0607239
0.0633726
0.0506196
0.0422811
0.0486576
0.08829
0.0723978
0.0399267
0.014715
9.81e-05
-0.0118701
-0.042183
-0.0345312
-0.0236421
-0.0139302
-0.0399267
-0.0791667
-0.118112
-0.137046
-0.15078
-0.173441
-0.167751
-0.180896
-0.189235
-0.181191
-0.131944
-0.102416
-0.102416
-0.0554265
-0.0326673
0.0097119
0.0194238
0.0269775
-0.0110853
-0.051012
-0.10016
-0.137732
-0.151564
-0.162846
-0.115366
-0.0817173
-0.0628821
-0.0381609
0.0085347
0.0114777
0.018639
0.0033354
-0.0113796
-0.0171675
-0.017658
-0.0312939
-0.0472842
-0.0173637
-0.0154998
-0.0150093
0.0075537
0.007848
0.0377685
0.0233478
0.0309015
0.0591543
0.109774
0.122233
0.154213
0.188744
0.228573
0.247899
0.273307
0.313822
0.349138
0.3356
0.334717
0.31961