-0.0056898
0.0157941
0.0242307
0.0205029
0.0247212
0.0041202
-0.0378
-0.0244269
-0.0240345
-0.0171675
-0.0126
0.0186
0.0105
0.0146
0.0084366
-0.0356
0.0116
0.0271737
0.0454
0.0018639
-0.0236421
0.00912
-0.0001962
-0.0277
-0.0494
-0.059841
0.0153036
0.0403
0.0395343
0.0280566
-0.0184428
0.007848
-0.0368856
-0.0050031
-0.0356103
0.0375723
0.0347
0.0099081
-0.00677
-0.0063765
-0.0224649
-0.012
-0.062784
-0.0416925
0.0389457
0.0309015
0.0632745
0.0797553
0.0925083
0.0446355
-0.0342369
-0.0630783
-0.0964323
-0.0570942
-0.0371799
-0.0192
0.014715
-0.0064746
-0.0135
-0.0140283
-0.0161865
-0.046107
0.0128511
0.0481671
0.0860337
0.0764199
0.10634
0.0619011
0.0104967
-0.03924
-0.0330597
-0.0632745
-0.0344331
-0.0434583
-0.0733788
-0.0713187
-0.0354141
-0.0165789
0.0086328
0.036297
0.0585
0.061803
0.0320787
0.0081423
-0.0196
-0.0663156
-0.105065
-0.105457
0.0640593
0.053955
0.0001962
0.0602334
0.0081423
0.0214839
0.0062784
-0.0023544
-0.0181
-0.0214839
-0.0153
0.0595467
0.0457146
0.0250155
-0.0096138
0.0629802
-0.0010791
-0.0151074
0.0115758
0.0357084
0.00912
-0.0309
-0.011772
0.0747522
0.0153036
-0.0638
-0.0399267
-0.0438507
-0.0848565
-0.0648441
0.0179523
0.0512082
0.0877
0.179
0.222
0.235832
0.11615
0.0839736
0.0762237
-0.00412
-0.153625
-0.192472
-0.17452
-0.189725
-0.175403
-0.144501
-0.149602
-0.13685
-0.144698
-0.0045126
0.170204
0.13116
0.103496
0.12
0.08
0.0361989
0.0102024
0.104
0.0934
0.062784
0.0471861
0.0048069
-0.0126
-0.122625
-0.147837
-0.108793
-0.059841
0.0136359
0.0610182
0.115562
0.0713187
-0.0552
-0.0585657
-0.120074
-0.113207
-0.0710244
-0.0143226
0.0779895
0.0965304
0.0340407
0.0194238
0.0388476
0.0251136
-0.0331
-0.0181485
0.0171675
0.0748503
0.0944703
0.0257
-0.0179523
-0.0061803
-0.0211896
0.0226611
0.056898
0.0601353
0.00726
-0.110264
-0.134495
-0.176874
-0.220823
-0.196396
-0.152
-0.085347
-0.0542493
-0.0654327
-0.0827964
-0.119486
-0.105752
-0.103
0.0167751
0.162944
0.297243
0.315
0.226
0.176972
0.065727
0.00324
-0.0097119
-0.0197181
-0.0206991
-0.0129492
-0.0105948
0.014715
0.0076518
-0.143
-0.249
-0.196
-0.152
-0.0126
0.00608
-0.0355
-0.091233
-0.1704
-0.21013
-0.0611163
-0.0593505
0.00667
0.0818154
0.148916
0.220823
0.216
0.0801477
0.0228573
-0.0086328
0.0185
0.0532
0.116445
0.0481671
-0.0768123
-0.0456165
-0.0850527
-0.0503253
-0.0269775
-0.0281547
-0.0190314
-0.0952551
-0.106046
-0.135084
0.0144207
0.0357
-0.0447336
0.0278604
0.193747
0.244
0.338347
0.337
0.29587
0.295575
0.342
0.395932
0.363755
0.264
0.11929
0.0499329
-0.129688
-0.0594
-0.0162846
-0.0688
0.104771
0.231614
0.322553
0.328341
0.0345
-0.0468
-0.0139
-0.0989829
-0.125
-0.176678
-0.434877
-0.587913
-0.511395
-0.296
-0.156568
-0.186
-0.284
-0.316
-0.212975
-0.281
-0.26
-0.134495
-0.02
0.126
0.372486
0.549949
0.556914
0.296
0.0057879
-0.147444
-0.2
-0.127
0.017658
0.0891729
0.138
0.112324
0.092214
0.0816192
0.0242307
-0.162748
-0.131748
0.145384
0.549556
0.822372
0.847
0.607
0.223178
-0.0609201
-0.196
-0.304797
-0.301461
-0.356986
-0.303
-0.0962
-0.00736
0.0178542
-0.206
-0.361204
-0.247408
-0.108
0.0737712
0.0194238
0.0233
-0.0325692
-0.0830907
-0.137
-0.162
-0.454
-0.698963
-0.755
-0.652954
-0.446
-0.235
-0.00961
0.129198
0.406821
0.635296
0.876622
1.07
0.975506
0.775
0.694
0.646577
0.693469
0.65521
0.367973
-0.0168
-0.233576
-0.24525
-0.451849
-0.66
-0.916
-0.968051
-0.940092
-0.933814
-0.752819
-0.634609
-0.737
-0.936953
-1.06792
-1.08
-0.888492
-0.583989
-0.206991
0.28861
0.685229
0.965108
1.16533
1.09764
0.818448
0.451162
0.337072
0.534
0.88133
1.18338
1.3785
1.34583
0.970307
0.454792
0.120369
-0.302835
-0.762
-1.20467
-1.33916
-1.28
-1.11442
-0.848957
-0.709459
-0.526208
-0.452
-0.397599
-0.261731
0.0022563
0.20444
0.405938
0.538373
0.622739
0.788037
0.867596
0.74713
0.461
0.432425
0.485889
0.263104
-0.139
-0.328831
-0.234
-0.310781
-0.374055
-0.194
0.0415
0.205421
-0.0516987
-0.263693
-0.292
-0.567901
-0.775382
-0.76312
-0.460383
-0.179
0.170498
0.595467
0.962067
1.2134
1.18495
1.2
1.17514
1.02426
0.904874
0.496288
-0.0308034
-0.506687
-0.645988
-0.715541
-0.629115
-0.335698
-0.0789
0.0230535
0.0183447
-0.0464013
-0.2375
-0.169321
0.100651
0.352964
0.560053
0.715738
0.766455
0.884568
0.525424
0.118
-0.168438
-0.438
-0.609
-0.844445
-0.943
-0.728
-0.500016
-0.217291
-0.138321
-0.0717111
-0.17452
-0.48
-0.836499
-0.99081
-0.884077
-0.48275
0.0674928
0.581
0.875641
0.888394
0.597331
0.209542
0.104
0.416925
0.861612
1.2131
1.34711
1.24361
1.0122
0.636178
0.0375723
-0.381119
-0.467839
-0.13116
0.252215
0.266047
0.0819135
-0.414473
-1.10166
-1.72999
-1.82966
-1.39714
-0.932539
-0.810208
-0.739282
-0.582616
-0.677675
-0.466564
0.0297243
0.539256
0.807854
0.818546
0.930773
1.26873
1.5336
1.49652
1.26117
0.933127
0.149504
-0.991104
-1.90324
-2.50802
-2.45427
-1.79955
-1.17367
-0.721427
-0.347764
-0.390242
-0.912821
-1.30198
-1.23243
-0.864555
-0.827
-0.802752
-0.531211
-0.0768123
0.19002
0.330597
0.236911
0.286648
0.361989
0.400837
0.703573
0.950687
0.922336
0.540727
0.0046107
-0.524737
-0.821391
-0.807657
-0.511886
0.133808
0.820312
1.24646
1.63788
1.58785
1.13924
0.593897
-0.0015696
-0.613714
-1.12099
-1.18318
-0.87672
-0.586442
-0.159903
0.344625
0.793433
0.981196
0.831201
0.635001
0.514731
0.267323
0.0348255
-0.0085347
-0.0454
-0.402112
-0.892023
-1.2651
-1.09401
-0.494914
0.0314901
0.520911
0.918805
0.913998
1.07684
1.48111
1.78091
2.12828
1.84585
1.5336
1.26304
0.70426
0.471665
0.467446
0.292436
0.166868
-0.186684
-0.763218
-1.0018
-1.23959
-1.16935
-0.874267
-0.674045
-0.61391
-0.256728
0.532389
1.37124
1.66662
1.43667
1.27324
0.706026
-0.0691605
-0.910466
-1.35162
-1.43216
-1.16504
-0.573983
0.415748
1.4819
1.68683
1.07782
0.0138321
-0.948921
-1.74775
-2.10209
-1.50132
-0.486086
0.104967
-0.135672
-0.643144
-1.11618
-1.61374
-1.99594
-1.95121
-1.78061
-1.54959
-0.866419
0.097119
1.31209
2.57689
2.73081
2.34969
1.87037
1.28119
1.00454
0.919589
0.875837
1.16219
1.55282
1.47101
1.3168
0.712206
-0.305189
-1.42912
-2.29838
-2.6124
-2.70256
-2.6332
-2.58032
-1.98093
-1.12943
-0.981294
-1.14522
-1.07223
-0.964519
-0.71662
0.0575847
1.03152
1.70674
2.39325
2.55492
2.26837
1.8225
1.40489
0.722605
0.438311
0.404368
0.700434
0.874267
0.778325
0.402504
-0.203656
-0.805891
-1.34319
-1.828
-2.20686
-2.16203
-1.81838
-1.45355
-0.94019
-0.291259
0.369445
0.998069
0.949019
0.297832
0.103103
-0.0269775
-0.41045
-0.311566
0.230927
0.566822
0.208364
-0.525227
-0.666491
-0.536803
-0.0400248
0.525522
1.15434
1.73382
2.17723
2.04
1.70674
1.07694
-0.63922
-2.16369
-2.87816
-2.80615
-2.17498
-1.46395
-1.08087
-0.912624
-0.607631
-0.443412
0.446061
1.80681
2.18194
2.40031
2.22981
2.03204
1.957
1.83006
0.365521
-1.07714
-1.86361
-2.57297
-2.61417
-1.77443
-0.34698
0.724959
1.18191
1.82368
2.15948
1.52506
0.251234
-1.27491
-2.34253
-2.55541
-2.12622
-0.76469
0.182956
0.379157
0.614204
0.341486
0.1394
0.0418887
-0.31549
-0.486968
-0.0192276
0.239364
0.306759
0.553578
0.825315
0.427029
0.01962
-0.102514
0.105065
0.780778
1.56205
2.14927
2.42837
2.53441
2.04813
1.39243
0.713677
0.494032
0.738497
0.951668
0.746443
-0.189922
-1.00641
-1.64631
-2.339
-2.68961
-2.46515
-1.88117
-1.09264
-0.166672
0.51944
0.434387
-0.123606
-0.360125
-0.196887
0.0946665
0.551911
1.25607
1.99015
2.32595
2.08462
1.34897
0.385729
-0.626957
-1.63523
-2.55168
-2.25149
-1.0223
-0.0611163
0.565448
0.964813
1.00474
0.385043
-0.334619
-0.958045
-1.00229
-0.531015
0.279683
1.19074
1.79258
2.06275
1.94493
1.70517
1.15405
0.833261
0.45538
0.672279
0.991104
1.33583
1.62277
1.83437
1.32582
0.533075
-0.162748
-0.746933
-1.00337
-0.681893
0.0174618
0.547104
1.27452
2.06383
2.24727
2.3387
2.48782
2.3389
1.87008
1.39989
0.501291
-0.505117
-1.78797
-2.88571
-3.53474
-3.50786
-2.6747
-0.984139
0.519341
1.3374
1.456
1.01484
0.0025506
-0.550047
-0.844543
-1.074
-1.22262
-0.889375
-0.807657
-0.352964
0.351983
0.510512
-0.419672
-1.22654
-1.7966
-1.84153
-1.23272
-0.752721
-0.774009
-1.34024
-1.34103
-0.840325
-0.696902
-0.66139
-1.48102
-1.88224
-1.64455
-1.22321
-0.726038
-0.0624897
0.598312
1.18456
1.10706
0.809816
0.847388
1.83015
2.3232
2.32399
2.36666
1.90226
1.81063
0.965795
-0.550047
-1.48778
-2.30878
-2.78251
-3.17354
-3.06052
-2.68843
-2.58729
-2.64448
-3.12674
-3.03001
-2.9534
-3.098
-2.75269
-3.52238
-3.4488
-4.20888
-4.2392
-4.38232
-1.14061
-0.754585
1.05006
2.75906
2.84451
2.95546
1.51143
1.35761
0.670317
0.715639
0.40172
0.333834
-0.0270756
0.409469
1.7039
2.75995
2.41542
1.87901
1.6676
1.93129
1.89009
1.92001
1.56391
1.45296
1.07988
-0.198456
-1.28511
-1.98643
-2.09973
-1.85507
-1.88166
-2.25257
-2.4989
-1.32298
0.138517
-0.143422
-1.53703
-0.36709
2.97233
2.37785
0.482063
2.68362
1.96887
2.06422
1.36496
0.870245
2.43484
2.55757
2.66155
-0.0228573
-1.18004
-2.4885
-3.81629
-3.8929
-3.60625
-2.67715
-1.8485
-0.685523
0.862789
2.40061
3.11595
2.49949
1.03976
-0.167947
-0.803537
-0.729472
0.148916
0.391125
-0.453222
-1.90854
-2.88139
-2.67401
-1.41323
-0.0316863
1.05781
0.890159
-0.173441
-1.11981
-1.1671
-0.629998
-0.344331
-1.47111
-2.92348
-2.90298
-1.42353
-0.517576
-1.61345
-3.30018
-3.53876
-2.04489
-0.696804
0.355612
0.643144
0.830122
2.10081
3.24515
2.64252
1.3941
0.94019
1.02721
1.07527
0.208266
-1.25323
-1.0892
-0.925868
-1.32043
-1.28119
-0.47863
0.375331
0.0472842
-0.919197
-1.77277
-2.04803
-1.94621
-1.45345
-0.275759
0.756253
1.64131
1.87724
1.79915
1.74422
1.88921
2.95497
4.39655
5.36852
5.8135
4.78051
1.77365
-0.924396
-1.50417
-0.336091
1.65142
2.23796
1.31748
0.24162
-1.585
-1.41735
-0.739282
0.326477
0.764395
-1.08695
-1.68134
-1.8071
-1.29414
-0.968934
-1.07694
-1.56989
-1.31964
-0.177659
1.45894
2.50332
2.98106
2.19195
0.558974
-0.971582
-2.01802
-2.51264
-1.86802
0.160099
1.76325
2.14123
1.83212
1.02946
-0.204342
-0.454203
-0.251332
-0.379745
-1.0535
-1.394
-1.3525
-0.747914
0.413295
1.55675
2.43249
2.33037
1.24352
-0.0452241
-1.01681
-1.69311
-1.36202
-0.698766
-0.504528
-0.395539
-0.02943
0.257022
0.878289
1.73097
2.20127
1.33416
-0.113011
-1.65799
-1.75687
-0.497661
0.968247
1.56882
1.70449
1.28845
1.06409
1.30767
1.42265
1.36261
1.3577
1.5127
1.64004
1.97799
1.95307
1.1512
0.170498
-0.35679
-0.42801
-0.623916
-0.940877
-0.9965
-1.18515
-1.4664
-1.25882
-1.00239
-0.626761
0.085347
0.325398
0.0512082
-0.215624
-0.0809325
0.353062
0.875543
1.7505
2.75641
3.69307
4.38929
4.03397
2.73179
1.51408
0.508158
-0.408587
-0.817369
-0.469801
0.0221706
0.258101
0.104967
-0.484614
-1.2754
-1.52781
-1.78385
-2.30251
-2.61436
-2.54815
-2.51803
-2.59808
-2.18439
-1.4303
-0.561819
-0.134789
-0.324319
-0.481377
-0.689545
-1.03417
-1.55459
-1.67437
-1.25087
-0.195513
0.790882
1.59913
1.93502
1.7658
0.972661
0.20601
-0.0708282
0.0719073
0.590758
1.17838
1.36938
1.67437
2.18881
2.46977
2.24208
1.04447
-0.387985
-1.4149
-1.93424
-1.64416
-1.07204
-0.574964
-0.155685
-0.0286452
-0.36915
-0.612242
-0.568391
-0.192668
0.454399
1.23076
1.95562
2.79281
3.35325
3.60292
3.44409
2.64105
1.68212
0.928811
0.244661
-0.385435
-0.807559
-0.940387
-1.12413
-1.55626
-2.07462
-2.59887
-2.85461
-2.43445
-1.60668
-1.08548
-0.954219
-1.24195
-1.82603
-2.00232
-1.6833
-0.821489
-0.229358
0.244367
0.341388
0.129198
-0.140185
-0.295085
-0.255354
-0.455184
-0.89065
-1.20349
-1.1826
-1.1307
-1.0427
-0.742421
-0.412805
-0.263595
-0.150191
0.191393
0.637846
0.967658
1.11442
1.172
1.02102
0.990418
0.948725
0.765082
0.783034
0.62166
0.45901
0.221314
0.234263
0.467446
0.449985
0.492658
0.676988
0.933225
1.27324
1.58765
1.75383
1.6883
1.6523
1.74834
1.44541
0.795885
0.0978057
-0.508452
-0.953336
-1.19417
-1.43098
-1.3474
-1.3062
-1.37095
-1.38566
-1.35152
-1.27981
-1.05006
-0.662469
-0.340113
-0.0999639
0.172558
0.243582
0.259082
0.189235
-0.161473
-0.359046
-0.225336
0.114286
0.453418
0.750661
0.895555
0.903991
0.570844
0.125666
0.0075537
-0.0164808
0.0204048
0.117131
0.609299
1.37242
1.85026
1.96455
1.59756
0.861514
0.285569
-0.128315
-0.600176
-0.811974
-0.601451
-0.169321
0.447238
1.04908
1.61639
2.07099
2.12857
1.89382
1.75226
1.66878
1.74775
1.77561
1.64965
1.48553
1.36055
1.0378
0.587815
0.118995
-0.355416
-0.770477
-0.926849
-0.86534
-0.316765
0.138125
0.388574
0.309898
-0.0281547
-0.244171
-0.381805
-0.544651
-0.709754
-0.973937
-1.13364
-1.01573
-0.826591
-0.686111
-0.645498
-0.851704
-1.18632
-1.40685
-1.389
-1.07076
-0.817467
-0.513357
-0.319119
-0.25094
-0.41408
-0.74399
-1.25264
-1.5592
-1.6473
-1.45914
-1.1563
-0.784113
-0.689054
-0.781661
-0.96707
-1.21526
-1.38596
-1.53468
-1.55989
-1.43393
-1.01583
-0.64903
-0.426048
-0.315588
-0.292927
-0.321572
-0.356692
-0.368954
-0.287629
-0.0325692
0.120761
0.364638
0.479317
0.361008
0.3666
0.265753
0.232301
0.33354
0.552695
0.855334
1.16219
1.48504
1.48847
1.17602
0.801477
0.25143
-0.285275
-0.759294
-0.93195
-0.837185
-0.785879
-0.655014
-0.441744
-0.278408
-0.267519
-0.561034
-1.10814
-1.67064
-2.08315
-2.33046
-2.32948
-2.04519
-1.53615
-0.938425
-0.446159
-0.0599391
0.207285
0.26644
0.0981
-0.165397
-0.295085
-0.368366
-0.285177
-0.131846
0.179131
0.549949
0.863182
1.05889
1.13914
1.02044
0.723487
0.475491
0.250842
0.0498348
-0.014715
0.0973152
0.466367
0.809914
0.952943
0.882409
0.781268
0.557404
0.307445
0.0830907
-0.0405153
-0.133416
-0.129688
0.0520911
0.361302
0.588011
0.760079
0.698864
0.531996
0.302442
-0.0090252
-0.369543
-0.669532
-0.931852
-1.08724
-1.09117
-0.876033
-0.455674
-0.220431
-0.112619
-0.143422
-0.0161865
0.161276
0.17501
-0.120369
-0.572315
-0.878682
-1.06311
-1.02328
-0.838559
-0.516202
-0.128609
0.132631
0.306955
0.469997
0.647656
0.65727
0.568588
0.533958
0.624014
0.939602
1.2544
1.46208
1.45973
1.14316
0.776854
0.364834
-0.0817173
-0.500408
-0.729374
-0.571923
-0.0914292
0.366403
0.617343
0.558483
0.0815211
-0.479611
-0.882213
-1.21026
-1.43452
-1.59059
-1.65495
-1.51417
-1.16798
-0.665314
-0.217095
0.0071613
0.0595467
-0.116347
-0.332363
-0.381413
-0.103299
0.255551
0.57928
0.7125
0.673751
0.563585
0.445668
0.354828
0.310192
0.367679
0.342271
0.139302
-0.19463
-0.42026
-0.65364
-0.747326
-0.829926
-0.815505
-0.875837
-0.913017
-1.09097
-1.26912
-1.45816
-1.48867
-1.46787
-1.39636
-1.16572
-0.761746
-0.339622
-0.0590562
0.196592
0.332853
0.186488
-0.0928026
-0.383375
-0.676105
-0.865831
-0.922042
-0.830613
-0.577024
-0.136555
0.240345
0.586246
0.859945
1.03858
1.14895
1.22586
1.28266
1.29109
1.14306
1.02289
1.00082
1.03103
1.33642
1.61924
1.94189
2.23639
2.48497
2.59288
2.49164
2.26591
1.98113
1.6985
1.39145
1.06929
0.743402
0.490892
0.157254
-0.21533
-0.615577
-0.968934
-1.29767
-1.73205
-2.22089
-2.58121
-2.70884
-2.46113
-1.90687
-1.37065
-0.880938
-0.4234
-0.208364
-0.115758
0.075537
0.321964
0.593113
0.887903
1.16817
1.54213
1.82888
1.91884
1.61787
1.22654
0.885745
0.506392
0.182466
0.20032
0.487165
0.89114
1.16484
1.22694
1.15228
0.890846
0.684051
0.634315
0.732611
0.83591
0.870932
0.712991
0.453124
0.142441
-0.123606
-0.331186
-0.388084
-0.35473
-0.300775
-0.0807363
0.201203
0.382786
0.305876
0.114973
-0.0011772
0.0252117
0.128511
0.286158
0.367286
0.300284
0.14921
-0.0406134
-0.210523
-0.427912
-0.589189
-0.799123
-0.976585
-0.909583
-0.763022
-0.469114
-0.166574
-0.116837
-0.328929
-0.631175
-0.841011
-0.91439
-0.842483
-0.553284
-0.23701
-0.0387495
-0.0629802
-0.444099
-0.914194
-1.32435
-1.5801
-1.65563
-1.61149
-1.39233
-1.06154
-0.820312
-0.687092
-0.632156
-0.661685
-0.505804
-0.307445
0.0760275
0.490794
0.79049
0.950981
0.932637
0.775775
0.677871
0.473725
0.470488
0.624603
0.797945
0.893691
0.892514
0.835322
0.645007
0.409469
0.195023
0.0364932
-0.103594
-0.221608
-0.325201
-0.396815
-0.548085
-0.693959
-0.725253
-0.737418
-0.703769
-0.673162
-0.54367
-0.279193
0.0222687
0.251038
0.503057
0.623524
0.555835
0.422517
0.297635
0.265262
0.417121
0.498054
0.524835
0.490892
0.511886
0.611555
0.783328
0.878289
0.876229
0.814917
0.740263
0.742715
0.74144
0.713285
0.550047
0.326575
0.144207
0.080442
0.15696
0.29273
0.420555
0.476472
0.462051
0.434975
0.386318
0.424184
0.414374
0.344037
0.14872
-0.0344331
-0.250646
-0.344429
-0.320002
-0.0523854
0.0592524
0.112913
0.0252117
-0.0988848
-0.127334
-0.200516
-0.360517
-0.481965
-0.519832
-0.506687
-0.381805
-0.311664
-0.31441
-0.488636
-0.657564
-0.777344
-0.837087
-0.748012
-0.67277
-0.655995
-0.688662
-0.686896
-0.723586
-0.759588
-0.866125
-0.927241
-0.918903
-0.707399
-0.49874
-0.302638
-0.297439
-0.410352
-0.516497
-0.630685
-0.611261
-0.59272
-0.549949
-0.441646
-0.326673
-0.23701
-0.223472
-0.219057
-0.254373
-0.320395
-0.23907
-0.159805
0.0089271
0.101239
0.14303
0.163042
0.222883
0.212779
0.246427
0.284196
0.38465
0.485889
0.506
0.568588
0.620777
0.637552
0.681206
0.72594
0.747718
0.715836
0.586932
0.363951
0.0800496
-0.122919
-0.291357
-0.369347
-0.358163
-0.351296
-0.289297
-0.337366
-0.410254
-0.548379
-0.828847
-1.04839
-1.15797
-1.23577
-1.33288
-1.35074
-1.4044
-1.46061
-1.43746
-1.43354
-1.40401
-1.35623
-1.37517
-1.40293
-1.40057
-1.37497
-1.34485
-1.27138
-1.22497
-0.959222
-0.612536
-0.203165
0.139596
0.396422
0.552794
0.693371
0.81629
0.914292
1.10676
1.21938
1.41382
1.58412
1.74098
1.90628
2.02086
1.93375
1.65063
1.32474
1.04378
0.891729
0.798142
0.835518
0.908112
0.98924
0.977272
0.850331
0.598999
0.240247
-0.0885843
-0.332068
-0.442039
-0.499427
-0.407802
-0.240541
-0.0663156
0.144796
0.275857
0.356397
0.352964
0.279585
0.15333
0.0602334
-0.0150093
-0.0417906
-0.0091233
-0.0070632
-0.0008829
-0.0958437
-0.216899
-0.394068
-0.568588
-0.676301
-0.703279
-0.611261
-0.458912
-0.193355
0.0929988
0.305778
0.509237
0.622739
0.760569
0.845622
0.87515
0.935482
0.925672
0.950687
0.928909
0.961478
0.957456
0.871226
0.703769
0.564173
0.502664
0.401131
0.260161
0.0469899
-0.0259965
-0.148425
-0.2272
-0.227788
-0.217586
-0.136163
-0.109676
-0.151368
-0.233478
-0.305876
-0.365226
-0.462247
-0.469212
-0.43007
-0.385141
-0.30254
-0.276053
-0.300284
-0.381609
-0.477747
-0.509924
-0.481769
-0.432229
-0.225238
-0.0348255
0.168732
0.297145
0.418691
0.478728
0.405742
0.255845
0.100553
-0.0231516
-0.0383571
0.0308034
0.162944
0.243484
0.352768
0.45332
0.497759
0.514535
0.515614
0.473038
0.485693
0.572119
0.67326
0.714855
0.740753
0.698374
0.620777
0.540825
0.492168
0.383375
0.302246
0.198456
0.0621954
-0.0101043
-0.0580752
-0.112717
-0.108793
-0.222883
-0.274876
-0.308721
-0.249959
-0.214741
-0.191982
-0.173931
-0.196887
-0.202184
-0.23181
-0.181485
-0.163238
-0.17609
-0.266243
-0.264576
-0.175893
0.0194238
0.136555
0.27311
0.320689
0.361499
0.363362
0.386808
0.352179
0.267323
0.123017
0.0924102
0.119976
0.139694
0.115169
0.00981
-0.184624
-0.318236
-0.45175
-0.477551
-0.479415
-0.419083
-0.435858
-0.392989
-0.297439
-0.125372
0.013734
0.0501291
0.1239
0.136653
0.0835812
0.0656289
0.0533664
0.0224649
0.0468918
0.0838755
0.114581
0.0917235
-0.0424773
-0.120467
-0.148523
-0.0837774
0.0497367
0.154409
0.209051
0.184624
0.172067
0.133514
0.10379
0.0754389
0.0352179
-9.81e-05
-0.0201105
-0.0025506
-0.0439488
-0.0866223
-0.136948
-0.185115
-0.285373
-0.341584
-0.405447
-0.567018
-0.702788
-0.687583
-0.630391
-0.5731
-0.541708
-0.531211
-0.551518
-0.605179
-0.6144
-0.571825
-0.521794
-0.474412
-0.449985
-0.475196
-0.511788
-0.569176
-0.597527
-0.712991
-0.778129
-0.820018
-0.861122
-0.876818
-0.844151
-0.804126
-0.645204
-0.477943
-0.336091
-0.202675
-0.13783
-0.136751
-0.217291
-0.302933
-0.296752
-0.208953
-0.10948
-0.0363951
0.0722016
0.234851
0.371505
0.517674
0.618815
0.689839
0.683365
0.683365
0.628429
0.609201
0.515319
0.507373
0.497073
0.487361
0.481573
0.411039
0.368856
0.278898
0.147542
0.0632745
-0.0601353
-0.161375
-0.191393
-0.084366
0.166279
0.288905
0.415552
0.484908
0.485595
0.49462
0.376115
0.249468
0.216212
0.110264
0.125274
0.167064
0.321572
0.361891
0.335698
0.204931
0.0426735
-0.07848
-0.134986
-0.230143
-0.257905
-0.255158
-0.191393
-0.234165
-0.285275
-0.373271
-0.435172
-0.468329
-0.494424
-0.473431
-0.397992
-0.38308
-0.357575
-0.362774
-0.357378
-0.335993
-0.322651
-0.330695
-0.212387
-0.111343
0.0054936
0.100356
0.126157
0.084366
0.0428697
-0.0152055
-0.0475785
-0.0720054
-0.0593505
-0.0631764
-0.0769104
-0.103103
-0.120271
-0.208757
-0.303227
-0.400346
-0.42389
-0.377979
-0.274288
-0.19051
-0.200222
-0.209051
-0.20238
-0.14715
-0.066708
0.0708282
0.185213
0.285569
0.336189
0.409077
0.397207
0.372289
0.265949
0.139989
0.127726
0.137144
0.13783
0.178836
0.235342
0.255551
0.244661
0.205519
0.210719
0.248389
0.308132
0.30048
0.408783
0.540727
0.6764
0.774892
0.76361
0.778424
0.697982
0.573296
0.494816
0.483731
0.467937
0.424577
0.398384
0.352866
0.344822
0.232791
0.197279
0.140773
0.106439
0.120467
0.157843
0.161473
0.188941
0.215231
0.179425
0.135574
0.120173
0.144501
0.151859
0.122723
0.0514044
-0.0209934
-0.10379
-0.16108
-0.216114
-0.180602
-0.115856
-0.0669042
-0.0395343
-0.0337464
-0.0871128
-0.188646
-0.20444
-0.18796
-0.15333
-0.174912
-0.116052
-0.0953532
-0.130081
-0.218567
-0.231516
-0.27311
-0.253196
-0.263693
-0.24888
-0.193257
-0.133612
-0.125078
-0.10791
-0.154017
-0.120173
-0.105556
-0.110363
-0.0994734
-0.102809
-0.0979038
-0.116837
-0.170302
-0.196102
-0.231124
-0.291946
-0.361499
-0.431444
-0.456263
-0.422222
-0.369837
-0.367973
-0.35365
-0.314116
-0.247899
-0.1291
-0.0924102
-0.0679833
-0.0995715
-0.152644
-0.200713
-0.158628
-0.0973152
-0.0936855
-0.116249
-0.135476
-0.157352
-0.0777933
0.0060822
0.028449
-0.0164808
-0.168634
-0.287433
-0.35728
-0.350315
-0.290572
-0.191884
-0.13371
-0.0736731
-0.0335502
0.037278
0.0027468
-0.0342369
-0.0199143
-0.0344331
0.0317844
0.246231
0.411333
0.521598
0.614596
0.630293
0.650403
0.61597
0.516104
0.387593
0.315097
0.19777
0.169222
0.16314
0.159118
0.179131
0.154409
0.184919
0.211209
0.217193
0.214447
0.222883
0.238677
0.237402
0.296752
0.413688
0.434191
0.434975
0.442922
0.427225
0.445668
0.364147
0.296752
0.319119
0.340799
0.428501
0.48432
0.492462
0.476962
0.446159
0.438997
0.439292
0.437918
0.456459
0.435172
0.405938
0.353454
0.294104
0.216409
0.166966
0.111638
0.0367875
-0.0061803
-0.0468918
-0.125372
-0.139891
-0.135182
-0.161473
-0.201301
-0.233674
-0.220921
-0.206501
-0.173441
-0.172558
-0.215231
-0.207874
-0.210915
-0.244171
-0.254668
-0.283607
-0.332657
-0.316667
-0.320296
-0.300873
-0.246623
-0.286256
-0.326182
-0.40172
-0.403976
-0.401327
-0.364638
-0.270462
-0.210228
-0.121252
-0.0915273
-0.0825021
-0.147837
-0.21219
-0.362185
-0.454988
-0.495994
-0.539452
-0.509629
-0.444883
-0.388182
-0.366698
-0.358948
-0.432327
-0.541218
-0.609201
-0.655406
-0.660802
-0.663058
-0.672181
-0.639023
-0.561034
-0.514829
-0.442823
-0.437624
-0.421536
-0.399561
-0.38308
-0.348745
-0.363068
-0.328537
-0.28449
-0.24319
-0.157549
-0.0701415
-0.0192276
0.0052974
0.0442431
0.0456165
0.0635688
0.0417906
0.0644517
0.0384552
0.112226
0.14097
0.223374
0.295575
0.321964
0.369837
0.383375
0.399659
0.413688
0.43007
0.402406
0.398384
0.409567
0.455576
0.504528
0.520911
0.544357
0.561819
0.5731
0.542003
0.493051
0.396815
0.364834
0.322945
0.253981
0.219548
0.111736
0.0502272
-0.0151074
-0.0886824
-0.0901539
-0.114188
-0.13891
-0.195317
-0.225924
-0.273503
-0.316765
-0.354141
-0.337268
-0.261535
-0.160295
-0.035316
0.0061803
0.0658251
0.0258984
-0.0705339
-0.0822078
-0.132239
-0.137634
-0.118603
-0.0908406
-0.115464
-0.113404
-0.227102
-0.294594
-0.41359
-0.43321
-0.465681
-0.464209
-0.38416
-0.37484
-0.380922
-0.348844
-0.329812
-0.310192
-0.328145
-0.320395
-0.291357
-0.30254
-0.287139
-0.335894
-0.33197
-0.338543
-0.292927
-0.288022
-0.266832
-0.285863
-0.296262
-0.287727
-0.230535
-0.180995
-0.101435
-0.0788724
-0.0619011
-0.0248193
-0.0253098
0.0175599
0.0059841
0.0106929
-0.0217782
-0.0373761
-0.0363951
-0.0002943
0.0868185
0.149897
0.272424
0.360419
0.433308
0.458323
0.542787
0.52042
0.494914
0.424283
0.347078
0.296851
0.23956
0.210719
0.161571
0.209934
0.200516
0.202675
0.21631
0.245152
0.260652
0.263497
0.266145
0.300873
0.338053
0.371995
0.471861
0.560936
0.607828
0.589385
0.528563
0.441058
0.373271
0.330597
0.338837
0.381903
0.392302
0.422124
0.400935
0.341192
0.301363
0.274778
0.260357
0.26644
0.3201
0.334227
0.39397
0.40221
0.414865
0.417514
0.412216
0.362381
0.304699
0.268107
0.25918
0.238579
0.297537
0.308132
0.360027
0.375723
0.359536
0.260357
0.165495
0.0978057
0.0376704
0.0722997
0.083385
0.0648441
-0.0334521
-0.066708
-0.140577
-0.179327
-0.213858
-0.229946
-0.192963
-0.16677
-0.100651
-0.0799515
-0.105654
-0.124195
-0.134397
-0.144796
-0.097119
-0.124195
-0.108597
-0.119682
-0.0286452
0.0658251
0.127236
0.108793
-0.0060822
-0.138615
-0.220234
-0.272129
-0.228082
-0.200516
-0.164514
-0.120369
-0.0391419
0.0040221
0.0015696
-0.0554265
-0.189137
-0.25869
-0.284588
-0.287041
-0.200026
-0.145384
-0.0585657
-0.0198162
0.0024525
0.0178542
-0.0673947
-0.113011
-0.226807
-0.27056
-0.192472
-0.0975114
-0.0004905
0.0376704
0.0661194
0.0148131
-0.0460089
-0.106929
-0.135084
-0.202773
-0.289689
-0.33148
-0.291749
-0.291749
-0.244269
-0.286452
-0.288022
-0.3098
-0.272718
-0.268598
-0.299009
-0.303325
-0.294889
-0.22151
-0.222883
-0.0985905
-0.0125568
0.104182
0.191884
0.219842
0.309407
0.30048
0.263987
0.201301
0.0805401
0.117916
0.0766161
0.0867204
0.0699453
0.0436545
0.0165789
-0.0642555
-0.107714
-0.0986886
-0.130571
-0.0838755
0.0015696
0.0770085
0.175403
0.211307
0.205912
0.178542
0.1084
0.094176
0.0223668
-0.0017658
0.011772
0.023544
0.0702396
0.105359
0.122821
0.186096
0.231614
0.237206
0.283117
0.256826
0.194728
0.175893
0.121055
0.0630783
0.0517968
-0.0265851
-0.0450279
-0.0345312
-0.0420849
-0.0328635
-0.0349236
0.0115758
0.010791
0.0299205
0.0178542
-0.0347274
-0.0666099
-0.0868185
-0.158432
-0.191393
-0.194925
-0.227396
-0.295772
-0.345508
-0.306759
-0.278212
-0.186684
-0.0552303
0.0281547
0.0324711
0.0165789
0.0230535
0.0276642
-0.0065727
-0.0002943
-0.0141264
0.026487
0.0066708
0.0340407
0.0228573
0.0547398
0.0669042
0.113894
0.123508
0.146365
0.115464
0.0993753
0.0907425
0.113306
0.0928026
0.111442
0.0229554
-0.0645498
-0.145973
-0.191589
-0.226415
-0.196887
-0.102514
-0.0687681
-0.0893691
-0.113502
-0.128217
-0.0670023
-0.0335502
-0.0195219
0.0472842
0.0631764
-0.0095157
-0.108302
-0.202086
-0.276838
-0.279585
-0.262418
-0.217291
-0.144894
-0.0959418
-0.0600372
-0.0457146
-0.0614106
-0.0817173
-0.117426
-0.161571
-0.277133
-0.277623
-0.294594
-0.28086
-0.216114
-0.21376
-0.19983
-0.235538
-0.242111
-0.290278
-0.216409
-0.163336
-0.0899577
-0.0218763
-0.0399267
-0.0630783
-0.108695
-0.0626859
-0.079461
-0.0348255
-0.0595467
-0.0809325
-0.106242
-0.172656
-0.158333
-0.18796
-0.18021
-0.270265
-0.284588
-0.283215
-0.255256
-0.193944
-0.174029
-0.163533
-0.162552
-0.127922
-0.117426
-0.0862299
-0.0446355
-0.0154998
-0.0142245
0.0020601
0.0473823
0.0835812
0.0842679
0.0700434
0.077499
0.0314901
-0.022563
-0.0258003
-0.0309015
-0.048069
-0.0766161
-0.151859
-0.113796
-0.0487557
0.0349236
0.117328
0.100454
0.0984924
0.0619992
0.0409077
0.0212877
0.0241326
0.0640593
0.116052
0.189824
0.271835
0.248389
0.217782
0.0756351
0.0741636
0.0097119
0.0481671
0.0507177
0.0952551
0.04905
0.0420849
0.033354
0.0154998
-0.0207972
0.0010791
0.0248193
0.0453222
0.0267813
0.0295281
0.0296262
0.024525
0.0481671
0.0798534
0.0638631
0.144894
0.205519
0.216016
0.272914
0.333736
0.324417
0.274974
0.22563
0.165691
0.115856
0.0236421
-0.0260946
-0.0848565
-0.0690624
-0.0722016
-0.030411
-0.0360027
0.0045126
0.0665118
0.0752427
0.118995
0.0977076
0.120565
0.107518
0.149112
0.157745
0.20807
0.214839
0.241228
0.263202
0.309996
0.341192
0.371407
0.350217
0.297832
0.196592
0.125666
0.108695
0.10634
0.176678
0.222196
0.210326
0.233968
0.269088
0.287433
0.345312
0.333442
0.3356
0.326869
0.363068
0.344429
0.318923
0.300088
0.21425
0.164416
0.101043
0.0980019
0.0281547
0.0370818
0.0653346
0.111147
0.184036
0.227298
0.287433
0.318629
0.317942
0.276446
0.257807
0.164612
0.116739
0.0351198
0.0692586
0.0511101
0.0270756
0.0910368
0.0468918
-0.0059841
-0.0601353
-0.100945
-0.0766161
-0.106929
-0.104673
-0.0678852
-0.0677871
-0.0501291
-0.0932931
-0.0655308
-0.0803439
-0.0803439
-0.103594
-0.0831888
-0.108008
-0.121742
-0.157254
-0.160393
-0.178346
-0.18021
-0.170007
-0.175991
-0.167064
-0.158726
-0.131062
-0.154998
-0.113698
-0.159903
-0.171969
-0.14715
-0.121546
-0.120663
-0.091233
-0.0864261
-0.0548379
-0.0570942
-0.0592524
-0.0775971
-0.129786
-0.176874
-0.16883
-0.101435
-0.0114777
-0.004905
-0.0300186
-0.0305091
-0.0666099
-0.103201
-0.095157
-0.0945684
-0.1136
-0.0871128
-0.0766161
-0.094176
-0.115954
-0.181877
-0.21219
-0.299892
-0.334129
-0.354533
-0.360125
-0.333736
-0.313626
-0.261731
-0.226219
-0.188254
-0.167359
-0.181681
-0.195219
-0.203165
-0.189235
-0.188352
-0.194238
-0.195611
-0.217488
-0.24319
-0.269186
-0.21788
-0.149014
-0.0876033
-0.0418887
-0.0043164
0.0239364
0.0387495
0.0216801
-0.0493443
-0.0909387
-0.112717
-0.175599
-0.170792
-0.188646
-0.194925
-0.167162
-0.190608
-0.201007
-0.170498
-0.0937836
-0.0270756
0.0273699
0.10016
0.136653
0.19208
0.174324
0.179033
0.163336
0.181976
0.16677
0.160295
0.182858
0.166476
0.15902
0.10997
0.102907
0.121252
0.104869
0.158726
0.141755
0.105556
0.138027
0.17609
0.201694
0.227396
0.221019
0.26899
0.279389
0.289395
0.292044
0.260946
0.188744
0.170988
0.122036
0.0986886
0.0224649
-0.0175599
-0.113796
-0.211896
-0.253687
-0.300677
-0.30254
-0.324809
-0.343252
-0.350708
-0.371799
-0.327556
-0.273895
-0.308819
-0.30568
-0.324515
-0.342761
-0.310781
-0.282528
-0.208953
-0.148229
-0.0760275
-0.0384552
-0.0042183
0.0301167
0.0265851
0.0307053
0.0499329
0.0881919
0.151663
0.27105
0.289493
0.256826
0.229162
0.201694
0.132141
0.099081
0.107223
0.0880938
0.134103
0.134593
0.201988
0.236911
0.200418
0.194042
0.162748
0.188352
0.225434
0.272522
0.306072
0.324711
0.324711
0.313233
0.242994
0.199732
0.167751
0.141068
0.115071
0.140773
0.139106
0.171577
0.158235
0.137046
0.0935874
0.0512082
0.0407115
-0.0031392
0.024525
0.0708282
0.144992
0.170204
0.228279
0.213858
0.172264
0.201792
0.181289
0.193551
0.159216
0.143716
0.139792
0.141264
0.157254
0.155587
0.168928
0.128021
0.0831888
0.0486576
-0.0180504
0.0033354
0.0154998
0.0356103
0.0301167
0.063765
0.0413982
0.0337464
0.0730845
0.0499329
0.0687681
0.0636669
0.0502272
0.048069
0.0564075
0.112423
0.133318
0.132043
0.110068
0.0881919
0.108302
0.102809
0.0748503
0.0656289
0.0601353
0.0753408
0.0927045
0.10997
0.106439
0.101141
0.056898
0.0718092
0.0544455
0.081423
0.104476
0.0926064
0.0768123
0.0328635
0.0091233
0.0031392
-0.0329616
-0.0210915
-0.011772
-0.0080442
-0.0410058
-0.0062784
-0.0092214
-0.033354
-0.106635
-0.157647
-0.227984
-0.262123
-0.291749
-0.255256
-0.241326
-0.221019
-0.220725
-0.209345
-0.206893
-0.300775
-0.359733
-0.421928
-0.422713
-0.475196
-0.450181
-0.40378
-0.374153