-0.0040221
-0.007848
-0.0140283
-0.0083385
0.0046107
0.0229554
0.0369837
0.0331578
0.0208953
0.0101043
0.0126549
0.014715
0.0064746
-0.0052974
-0.0139302
-0.0237402
-0.0161865
-9.81e-05
-0.0063765
-0.022563
-0.0267813
-0.0146169
-0.0050031
0.0036297
-0.0021582
-0.0034335
-0.0051012
-0.0146169
-0.0047088
0.0076518
0.0023544
-0.0164808
-0.0132435
0.013734
0.0379647
0.0404172
0.0116739
-0.014715
-0.0112815
0.0344331
0.0622935
0.0514044
0.0302148
0.0106929
0.002943
-0.006867
-0.0154998
-0.0151074
-0.0213858
-0.0167751
0.0072594
0.0034335
-0.0307053
-0.052974
-0.0292338
-0.0062784
0.0119682
0.0115758
-0.0073575
-0.0386514
-0.0430659
-0.0200124
-0.026487
-0.0326673
-0.0227592
0.0247212
0.0467937
0.040221
0.0126549
0.0071613
0.0355122
0.0780876
0.0709263
0.0324711
0.014715
0.0100062
0.0044145
-0.0262908
-0.0278604
-0.0228573
-0.0146169
0.0052974
0.0485595
0.0368856
-0.0062784
-0.0267813
0.0015696
-0.0020601
-0.0133416
-0.027468
-0.0407115
-0.0265851
-0.0198162
-0.0177561
-0.028449
-0.057879
-0.0599391
-0.0134397
0.0054936
0.0001962
-0.021582
-0.0003924
0.0100062
-0.0276642
-0.061803
-0.0108891
0.0505215
0.0573885
0.0185409
0.0272718
0.0499329
0.0583695
0.0761256
0.0499329
0.0394362
0.0289395
0.0390438
0.0384552
0.0536607
0.0227592
-0.044145
-0.0504234
-0.0040221
0.0230535
-0.0090252
-0.0593505
-0.0770085
-0.0455184
-0.0010791
-0.0095157
-0.02943
-0.0445374
-0.0223668
0.0012753
-0.0014715
-0.0585657
-0.0845622
-0.0790686
-0.0218763
0.0315882
0.0410058
0.0044145
-0.0443412
-0.0227592
0.0005886
0.0515025
0.096138
0.0897615
0.0050031
-0.0246231
0.0207972
0.0487557
0.0506196
0.0367875
0.0165789
0.0486576
0.0516006
0.000981
-0.0358065
-0.0449298
-0.0399267
-0.0375723
-0.0243288
-9.81e-05
0.0239364
-0.0144207
-0.0377685
-0.0438507
-0.0366894
-0.0483633
-0.0625878
-0.0411039
-0.012753
-0.0051012
-0.0289395
-0.0211896
0.0013734
0.0167751
0.0171675
0.0141264
0.0192276
0.0419868
0.0475785
0.0569961
0.0310977
0.0460089
0.0496386
0.0209934
-0.0267813
-0.0182466
0.0190314
0.0212877
0.023544
0.0332559
-0.0108891
-0.0690624
-0.104084
-0.0557208
0.0315882
0.0649422
0.0405153
-0.0209934
-0.0348255
-0.0084366
-0.0221706
-0.0159903
0.0446355
0.0749484
0.0388476
-0.064746
-0.0748503
-0.0309015
-0.0220725
0.0031392
0.0212877
0.0209934
0.0419868
0.0417906
-0.0275661
-0.0950589
-0.108597
-0.0198162
0.0826002
0.0950589
-0.020601
-0.082404
-0.0444393
0.0349236
0.0937836
0.0903501
0
-0.0589581
-0.0408096
0.0106929
0.0376704
-0.0101043
-0.0456165
-0.0104967
0.0783819
0.0595467
0.002943
-0.038259
-0.0944703
-0.071613
0.026487
0.0688662
0.0327654
-0.0073575
-0.0054936
0.0682776
0.104673
0.0842679
0.0195219
-0.0252117
-0.04905
-0.0744579
-0.0548379
-0.0301167
-0.0240345
0.0204048
0.0499329
0.017658
-0.0342369
-0.0685719
0.0259965
0.108597
0.0708282
0.0389457
0.0309015
-0.0783819
-0.147052
-0.120369
-0.0751446
-0.0016677
-0.0370818
-0.0860337
-0.0095157
0.036297
0.0787743
0.0921159
0.101533
0.0920178
0.0694548
-0.0163827
-0.0786762
-0.0898596
-0.105065
0.0163827
0.116052
0.152644
0.162944
0.0929007
-0.002943
-0.0277623
-0.0681795
-0.0969228
-0.154213
-0.20395
-0.0891729
0.0488538
0.112619
0.156371
0.0896634
-0.0396324
-0.102122
-0.117328
-0.133514
-0.022563
0.0346293
0.0022563
-0.0141264
-0.0030411
0.014715
0.0778914
0.0665118
0.0884862
0.12341
-0.0002943
-0.175403
-0.125274
0.0216801
0.16265
0.189529
0.123704
0.1084
0.0774009
-0.0207972
0.0016677
0.0546417
-0.0259965
-0.116641
-0.152938
-0.158137
-0.0838755
-0.0026487
0.104084
0.111147
0.030411
0.0182466
-0.0201105
-0.107321
-0.138321
-0.136948
-0.103103
0.0042183
0.13734
0.155489
0.0885843
0.0285471
0.0366894
0.0182466
0.0123606
0.005886
-0.0361008
-0.126353
-0.12959
0.0287433
0.0439488
0.0452241
0.148916
0.122331
-0.070632
-0.147739
-0.0704358
-0.0095157
-0.0051012
0.0212877
0.0268794
0.0415944
0.0105948
0.0102024
-0.0048069
-0.0615087
-0.079461
-0.0236421
0.0587619
-0.0101043
-0.12753
-0.124783
0.0169713
0.229848
0.283019
0.14715
-0.0046107
-0.0845622
-0.102024
-0.0066708
0.136653
0.121448
0.0305091
-0.0694548
-0.0920178
-0.0640593
-0.0904482
-0.131944
-0.0974133
-0.060822
-0.102122
-0.194728
-0.171381
-0.0426735
-0.0211896
-0.0051012
0.0790686
0.0889767
0.0252117
-0.0268794
-0.0118701
0.0064746
0.13577
0.199339
0.112324
0.0034335
0.002943
0.032373
0.0057879
-0.0161865
-0.0426735
0.0280566
0.122331
0.178738
0.0241326
-0.0839736
-0.0750465
0.0420849
0.188548
0.167457
0.0409077
-0.131454
-0.234361
-0.202282
-0.0781857
-0.099081
-0.0872109
-0.0327654
0.0226611
9.81e-05
-0.0717111
-0.127922
-0.148131
-0.114973
0.0577809
0.174029
0.0866223
0.0006867
-0.0051993
0.102613
0.137144
0.0876033
-0.0181485
-0.0866223
-0.0740655
-0.0511101
0.0122625
0.0666099
0.135476
0.21945
0.189922
0.0084366
0.022563
0.10742
0.0970209
-0.0281547
-0.147935
-0.164808
-0.0450279
-0.0669042
-0.14097
-0.135869
-0.155096
-0.155587
-0.0966285
-0.038259
0.0084366
-0.0851508
-0.112815
-0.0334521
0.0770085
0.0601353
-0.0607239
-0.15647
-0.0163827
0.231025
0.268303
0.082404
-0.0747522
0.0214839
0.0957456
0.0786762
0.0187371
0.100651
0.0854451
0.0781857
-0.0217782
-0.0437526
0.0073575
-0.0195219
-0.0458127
-0.0428697
0.0130473
0.0332559
0.0102024
-0.0813249
-0.0542493
-0.0481671
-0.0758313
-0.109185
-0.0330597
0.0985905
0.11615
-0.0212877
-0.196789
-0.22406
-0.158726
0.0374742
0.167162
0.168045
0.0118701
-0.105752
0.0170694
0.212288
0.225728
0.0561132
-0.127922
-0.114385
0.0202086
0.0715149
0.0163827
-0.196004
-0.183055
-0.0114777
0.0907425
0.130669
0.13322
0.0632745
0.0385533
0.0631764
0.0751446
0.0290376
-0.0648441
-0.105261
-0.0855432
-0.0239364
-0.0321768
-0.0631764
-0.142637
-0.122036
0.188058
0.264183
0.115464
0.0121644
0.0430659
0.0617049
0.0424773
-0.124096
-0.085347
0.035316
-0.115267
-0.239462
-0.131454
0.102809
0.141656
-0.0746541
-0.150093
0.0777933
0.166966
0.137634
-0.0024525
-0.021582
-0.0041202
0.0305091
0.0482652
-0.0052974
0.0152055
0.0793629
0.0917235
0.0062784
-0.05886
-0.072594
-0.186096
-0.145188
0.073575
0.173245
0.102809
-0.10791
-0.143422
0.0763218
0.162944
0.0110853
0.0063765
-0.0365913
-0.0671985
0.0634707
0.0607239
-0.0797553
-0.0160884
0.0772047
0.0908406
0.0675909
-0.0378666
0.0286452
0.0724959
-0.0091233
0.0401229
0.0587619
0.0244269
-0.0221706
-0.0187371
0.0668061
0.123998
0.0043164
-0.0174618
-0.0645498
-0.207678
-0.149701
-0.0968247
-0.0298224
0.053955
0.0023544
-0.13734
0.10634
0.24113
0.189039
0.112913
-0.0776952
-0.0727902
0.190804
0.166966
0.146561
0.090252
-0.246918
-0.406134
-0.376802
-0.213171
-0.0133416
0.0595467
0.114581
0.329027
0.323141
0.291651
0.135967
0.0753408
0.0322749
-0.0074556
-0.255747
-0.41614
-0.506294
-0.449887
-0.124195
0.319217
0.499918
0.341388
0.261927
0.205716
0.110363
-0.108204
-0.0862299
-0.268598
-0.355809
-0.18227
-0.0168732
0.112521
0.263104
0.0919197
-0.319315
-0.29999
-0.0958437
0.309702
0.467643
0.20444
-0.18227
-0.354239
-0.107223
0.443314
0.593897
0.160099
-0.216114
-0.536803
-0.347372
0.0621954
0.231614
0.165985
0.0055917
0.0896634
0.0365913
0.0919197
0.0715149
-0.0426735
0.0004905
0.239756
0.298126
-0.0057879
-0.382982
-0.332559
0.0890748
0.0499329
-0.0366894
-0.169419
-0.295772
-0.299499
-0.153036
0.0712206
0.125764
0.0688662
-0.0625878
-0.127138
-0.0332559
0.0692586
0.0995715
-0.102318
-0.155096
0.034335
0.245348
0.279389
0.0948627
-0.229946
-0.0704358
0.23907
-0.0901539
-0.0551322
0.0193257
-0.0177561
-0.154606
-0.380236
-0.854843
-0.5886
-0.359144
-0.120957
-0.0291357
-0.0587619
0.0013734
-0.0376704
-0.350021
-0.303521
0.12753
0.317157
0.313135
0.096138
0.432327
0.618815
0.219253
0.264379
0.661979
0.843268
0.601451
0.236323
-0.235832
-0.0015696
0.398973
0.441156
0.0997677
-0.262712
-0.342075
-0.475
-0.352768
-0.402308
-0.188548
-0.239462
-0.465386
-0.613517
-0.507569
-0.269383
-0.113207
-0.343252
-0.581635
-0.445668
-0.0672966
0.064746
0.115562
0.229652
0.569863
0.61754
0.33972
0.0266832
0.083385
0.446257
0.501389
0.328145
0.101435
0.224551
0.449298
0.314116
-0.148916
-0.32373
0.0883881
0.254177
0.476276
0.37435
-0.173735
-0.0138321
-0.305385
-0.654818
-0.590758
-0.321866
-0.37484
-0.164121
0.136457
0.229652
0.342173
0.0905463
-0.497858
-0.996304
-0.760079
-0.209444
0.145482
0.121055
0.0250155
0.276151
0.755174
0.884175
0.614106
0.25712
-0.176286
-0.462934
-0.664235
-0.236323
0.201007
0.459402
0.198849
-0.0417906
0.280272
0.501683
0.801183
0.467741
0.36915
0.25869
0.0850527
-0.552695
-0.636767
-0.702102
-0.659428
-0.465779
-0.626172
-0.0174618
0.373957
0.482554
0.218469
0.0237402
-0.278898
-0.490206
-0.453516
-0.623327
-0.373957
-0.197475
0.295085
0.345312
0.189039
-0.0834831
0.0476766
0.43321
0.419378
0.301756
-0.0219744
0.0520911
-0.0681795
-0.21945
-0.449788
-0.285765
0.259867
0.566626
0.382296
0.002943
0.173048
0.486086
0.213171
-0.15539
-0.264968
-0.195317
-0.0531702
0.0582714
-0.2117
-0.623327
-0.379745
-0.0569961
-0.165985
0.0949608
-0.104182
-0.33766
-0.460481
-0.275563
-0.351983
-0.33197
0.0789705
0.296851
0.14921
-0.128609
0.0514044
-0.0963342
-0.319414
0.156175
0.81423
1.03289
1.19309
1.05428
0.489127
-0.263889
0.0516006
0.305778
0.151957
0.0059841
-0.342369
-0.225336
-0.228867
-0.235832
0.0025506
0.217193
-0.330989
-0.577711
-0.327458
-0.386906
-0.273895
-0.222785
-0.191785
-0.260259
-0.336875
-0.429482
-0.14872
0.167359
0.389359
0.59841
0.232497
0.132533
0.271148
0.265851
-0.0641574
-0.21376
0.0227592
0.316078
0.444491
0.347274
0.0714168
0.0295281
-0.112226
-0.544161
-0.556227
0.102907
0.42389
0.513063
0.189137
-0.619109
-0.508452
0.367286
0.641476
0.375625
0.17501
-0.288806
-0.296752
-0.392694
-0.180406
0.157941
0.0680814
0.0455184
-0.136261
0.0700434
0.19571
0.276838
0.0555246
-0.0878976
-0.505706
-0.788822
-0.291749
0.0174618
0.322847
0.601942
0.530329
-0.0258003
-0.202282
-0.0790686
0.109382
0.506
0.632058
0.495111
0.418495
0.428501
0.53337
0.270756
0.0876033
0.218665
-0.0346293
-0.062784
0.234753
-0.183055
-0.65521
-0.579673
-0.470978
0.0151074
0.363559
0.354533
0.640691
0.179719
-0.496778
-0.388182
-0.301756
-0.869264
-0.728785
-0.910564
-0.876818
-0.337366
0.0085347
-0.0089271
-0.203656
-0.222098
0.173735
0.454105
0.495994
0.422811
0.182858
0.161669
0.38259
0.237696
0.0489519
-0.206501
-0.402308
-0.224649
0.407213
0.497661
0.488244
0.335012
0.354239
0.292142
0.279389
0.293515
0.0432621
-0.306268
-0.630587
-0.448808
-0.304502
-0.29999
0.0597429
0.595369
-0.0022563
-0.618913
-0.465779
0.0791667
0.357476
0.0889767
-0.512965
-0.806382
-0.535626
-0.43939
0.0180504
0.388966
0.926162
0.195023
-0.546515
-0.562996
-0.19002
0.521794
0.752231
0.0359046
-0.502174
-0.475491
0.0481671
0.279095
0.795395
0.828847
1.0121
0.75174
0.179033
-0.268696
-0.562309
-0.830417
-0.923906
-0.747718
-0.589875
-0.625584
-0.287629
0.112619
0.66551
0.587717
0.26693
0.0010791
0.101337
0.285569
-0.134495
-0.833556
-1.08567
-0.608711
-0.434485
-0.417415
-0.416336
0.193355
0.90664
0.91596
0.740949
0.447532
0.285471
0.057879
0.11154
0.382296
0.416238
0.509041
0.304502
0.016677
0.375233
0.360223
-0.0671004
-0.707007
-1.02505
-1.11599
-0.65315
-0.970896
-0.745854
-0.6196
-0.559562
-0.204539
0.389163
1.39959
1.56793
1.20535
0.548673
-0.26536
-0.868087
-1.22733
-1.13512
-0.757921
0.438899
1.13139
0.894476
0.995617
0.736044
0.402799
0.275661
0.545338
0.591641
0.377979
0.129296
-0.0552303
-0.0008829
-0.027468
0.309407
-0.148916
-1.19986
-1.54007
-1.32072
-0.905463
-0.899773
-1.29649
-1.28943
-0.963734
-0.888982
-0.919295
-0.276936
0.389457
0.602138
0.556619
0.414865
0.287923
0.620286
1.33043
1.62905
1.01269
-0.518655
-1.2183
-0.780582
0.403289
1.09892
1.18691
0.535332
-0.331284
-0.838068
0.0521892
0.769889
0.731532
0.582714
-0.0145188
-0.729766
-0.706909
-0.640103
-0.400248
-0.694548
-0.957848
-0.454497
0.182172
0.436055
0.831103
1.1615
1.43981
1.29168
1.18132
0.700434
-0.815015
-2.3184
-3.51257
-3.1756
-3.33305
-1.34348
-1.36231
0.215133
0.213073
-0.418102
-0.0994734
0.596742
2.13309
2.45387
0.399267
-0.900362
-1.26274
-0.82561
0.21631
0.393381
1.85036
1.55783
0.442529
-0.0228573
0.666982
1.06419
0.39034
0.146071
1.09401
1.61688
2.31212
2.1064
1.14689
0.880742
1.15405
1.51408
1.75059
1.51594
0.678852
0.0884862
0.0099081
0.300873
-0.0115758
0.0178542
-0.213956
-0.603904
-0.848369
-1.64298
-2.57738
-3.09123
-2.7677
-1.50839
-0.226022
0.460776
0.0249174
-0.354828
0.111736
0.525914
0.570059
0.126941
-0.856315
-1.25087
-0.833752
0.115071
0.363264
-0.0679833
-1.16759
-1.5747
-2.00448
-1.61168
-0.51375
1.13237
1.64563
2.31928
2.5869
2.08806
1.30865
0.320885
-0.415453
-1.09313
-0.567803
0.457048
-0.199732
0.970209
1.38596
1.64563
0.956867
1.86773
0.690722
-0.378175
-0.912428
-0.452045
0.0043164
-0.198358
-0.718681
-1.62552
-1.8793
-2.89532
-3.51404
-2.23845
-0.998952
-0.685327
-1.29315
-2.08943
-2.69118
-2.07325
-1.23214
0.255551
1.4198
1.63219
1.62267
1.46846
0.78892
0.508158
0.800594
1.19525
1.36712
1.63444
1.67074
0.939896
0.0655308
-0.0172656
0.967658
1.8896
1.83153
1.5385
0.974231
0.819135
0.528269
-0.0491481
-0.645007
-1.01141
0.0139302
0.959026
0.372289
-0.183055
-0.0097119
-0.171381
-0.457538
0.380236
0.452339
-0.0776952
-0.94019
-1.28982
-0.76675
-1.2342
-1.78346
-0.813641
0.515516
0.177855
-0.42026
-0.202871
0.0956475
-0.335894
-0.335404
0.370327
0.597233
0.659134
0.619796
0.0556227
0.117524
0.203459
0.374938
0.982177
1.40263
0.609005
-0.630685
-0.0573885
0.934697
2.03008
1.8486
1.68771
0.685327
-0.94333
-1.91167
-0.57673
0.366305
0.323043
0.15284
-0.573689
-1.07184
-1.32621
-1.6831
-0.44557
0.33197
-0.830907
-1.09293
-0.967266
0.473921
1.06419
-0.19257
-0.839834
-1.22811
-0.844151
-0.214643
-0.664922
-1.07272
-0.70632
0.450671
1.16072
0.981
-0.449592
-1.2394
-1.05948
-0.289787
0.0373761
0.0985905
0.390536
0.720741
1.45237
1.77384
2.07236
1.73892
-0.327948
-1.17818
-1.09676
-1.28452
-0.796866
-1.24705
-1.74471
-1.62787
-0.644909
0.531898
1.37517
2.31997
2.80144
2.84372
1.97053
1.14483
0.893985
1.14473
0.0966285
-0.898596
-1.83731
-2.8709
-2.09875
0.984433
1.50652
1.74618
0.912526
0.155292
-0.31029
0.0652365
0.53955
0.103103
0.312939
0.508648
0.903697
0.621562
-0.508747
-0.991202
-2.4527
-2.94094
-2.89611
-1.89853
-0.195808
0.440665
0.243092
0.221019
0.37278
0.68101
0.422615
-0.760177
-1.92168
-2.47143
-2.21529
-1.19859
-0.983256
-1.12874
-0.685621
-0.23593
0.410647
0.481671
-0.436349
-0.222785
0.242699
1.00376
1.65887
2.40267
2.83401
0.961478
-0.758019
0.219744
-0.437134
-0.613321
-1.46709
-1.16052
1.14208
1.19917
0.615283
1.23577
1.53193
1.74579
1.87538
0.641378
-0.281253
-0.516693
-0.51375
0.297733
0.951178
1.11275
1.25607
1.32926
1.50201
1.58883
1.24538
0.475687
-0.762629
-1.27736
-1.90961
-1.79435
-2.18449
-2.40728
-2.47398
-2.42699
-1.6934
0.295772
0.934795
0.0415944
-1.07675
-1.12079
-0.187469
0.262418
0.199732
0.584676
1.24979
1.7037
0.706222
0.349923
0.821097
-0.332657
-1.04535
-1.32523
-1.96632
-1.6833
0.179719
1.0222
1.10255
0.815113
1.48337
1.88332
2.47791
2.66685
2.31124
0.236617
-1.3887
-0.0999639
0.597331
-0.248389
-0.444099
-0.734769
-1.55587
-1.91285
-2.4992
-0.630587
0.191295
-0.188941
-0.269383
0.304012
-0.0399267
-0.321866
-0.445668
-0.349726
0.045126
-0.0966285
-1.19025
-2.03371
-2.17968
-1.65279
-0.73418
-0.273699
-0.613125
-0.63608
0.320983
1.09244
0.526895
0.974918
1.11932
1.96524
2.34763
1.4768
0.851704
1.24793
1.7606
1.54164
1.32464
0.416729
-0.818154
-1.60462
-0.920472
1.53576
0.758215
0.769889
0.470488
0.692292
0.173833
-0.575357
-1.50181
-1.96612
-1.64239
-0.868087
-0.328537
0.295772
-0.298714
-0.735161
-0.938326
-1.53213
-1.68134
-1.73559
-1.43383
-0.326673
1.09274
1.60806
2.36882
2.82381
3.14018
3.26241
2.80478
1.86733
1.0997
-0.0042183
-1.19672
-1.61492
-1.78208
-1.83575
-1.69066
-1.11716
-0.297439
0.413099
0.832967
1.06556
1.27255
0.158137
-1.12246
-1.68663
-1.48102
-1.06232
-0.373074
0.77136
0.677675
0.13783
-0.362774
-0.178934
0.328929
0.169517
-0.014715
0.391223
0.0322749
-0.195219
-0.424773
-0.54161
-0.920767
-1.92168
-1.41921
-1.13492
-1.41794
-0.784015
-0.783427
-0.826198
-0.408194
0.0648441
-0.502468
-0.891827
-0.662273
-0.654719
-0.375331
0.94951
2.15948
1.18956
0.476962
1.31611
1.88705
2.26729
1.05261
-0.59635
-0.4802
0.0007848
0.742028
1.52899
1.28079
0.581144
0.789411
1.2549
1.02622
0.27517
-0.191687
-0.597233
-1.12687
-1.40371
-0.750955
0.0994734
0.105457
0.769104
0.842385
0.191393
-0.413393
-0.754683
-0.476177
-0.215526
0.0315882
0.236127
0.0489519
-0.0518949
-0.233086
-0.54573
-1.08813
-0.674536
-0.645596
-1.58431
-1.58196
-0.675124
0.539452
0.257414
0.439782
0.89477
1.19427
0.640789
-0.358457
-0.369347
0.138419
0.566135
0.848074
1.10284
1.38861
1.70586
1.33759
0.619796
0.422419
0.480886
0.9655
-0.052974
-0.8519
-1.49043
-1.54213
-0.146856
0.729668
0.100062
-0.394362
-0.431836
-0.731237
-0.17501
0.857492
0.826394
-0.43527
-1.77061
-2.05588
-1.56126
-0.830809
-0.426441
0.0606258
0.791176
1.14551
1.31778
0.99081
-0.0965304
-0.891042
-0.895457
-0.297145
1.03417
2.13515
2.4729
2.46054
1.39459
-0.0825021
-0.106144
0.245446
-0.269677
-0.972956
-1.49161
-1.2235
-0.637159
-0.318727
-0.30823
-0.625289
-0.0969228
0.600372
0.236911
0.204833
-0.667374
-1.39508
-0.88496
0.474706
1.0688
-0.183251
-1.45041
-1.20928
0.0159903
0.213858
-0.34335
0.295968
0.887707
1.25215
1.49779
0.887315
-0.108204
-0.972956
-0.610869
-0.246918
-0.807657
-1.40509
-1.56519
-1.69703
-1.58245
-0.968149
-0.121742
0.387495
0.0509139
-0.274974
-0.205716
0.295085
0.662666
0.494522
0.31441
0.912821
1.16572
0.160786
-0.279193
0.437428
0.869264
1.58726
1.49534
0.581046
-0.650109
-0.715051
-0.0077499
0.243779
0.364245
0.578398
0.21533
-0.42752
-0.911055
-1.28423
-1.37212
-1.09077
0.026487
0.567607
0.0802458
-0.600176
-0.605571
0.411333
0.853568
1.02681
0.258493
-0.761746
-1.49809
-1.70331
-1.5077
-1.6675
-1.99182
-1.4455
-0.14872
0.816584
1.38488
1.37723
1.198
1.39125
1.74088
1.69478
1.34054
0.411039
-0.779306
-1.35908
-1.30532
-0.265066
0.884764
0.838951
0.350806
0.0494424
-0.275661
-0.375723
0.206501
0.639416
1.06625
1.37036
1.37105
1.47101
1.23734
-0.0764199
-1.10922
-1.75619
-2.86736
-3.49962
-2.63212
-0.107027
0.12547
0.11929
0.483829
0.372289
0.648735
0.962655
1.18936
0.722114
-1.20123
-1.88695
-1.13256
-0.399561
0.151761
0.375723
0.356692
0.568391
0.380922
-0.171086
-0.067689
-0.136457
-0.162944
0.0828945
0.450769
1.06851
1.47444
0.986494
-0.215035
-0.539354
-0.702298
-1.05781
-1.30914
-0.648441
0.351689
0.61754
0.621267
1.19064
1.34348
1.3994
1.28491
0.640103
-0.171773
-0.800202
-1.12423
-0.900656
-0.463817
-0.567901
-0.881527
-0.375331
0.772341
1.14561
1.08342
0.765965
0.371701
-0.200909
-0.597233
-0.889375
-1.1151
-1.31915
-1.46895
-1.0169
-0.0092214
0.48275
0.338151
0.1394
0.16677
0.270069
-0.0397305
-0.48432
-0.821588
-0.813641
-0.103005
0.114581
0.243484
0.599391
0.697099
0.29587
0.223962
0.708086
1.13207
1.09058
0.909779
0.719171
0.566429
0.42232
0.244759
0.186782
-0.357771
-0.705045
-0.278506
-0.102613
-0.319021
-0.15853
0.128413
0.289493
0.480298
0.411628
0.19257
-0.250351
-0.630587
-0.664922
-0.275759
-0.295379
-0.410254
-0.74193
-0.745658
-0.044145
0.559661
0.719465
0.558581
-0.136065
-0.597625
-0.213367
0.199437
0.263791
-0.140185
-0.561034
-0.303521
0.033354
0.418495
1.11383
1.12629
0.537196
0.114875
0.25663
0.0066708
-0.421143
-0.583989
-0.296262
-0.439782
-0.129983
0.583597
0.995715
0.751642
0.185605
-0.322357
-0.962851
-1.14993
-1.1254
-0.718484
-0.349334
-0.238677
-0.238579
-0.100651
0.324221
0.327556
0.496582
0.63353
0.432915
-0.319021
-0.579182
0.0734769
0.522971
0.922434
0.931852
0.147837
-0.909779
-0.969228
0.225728
1.33612
1.01906
0.305189
-0.346587
-0.443216
-0.34335
-0.385925
-0.782544
-1.14139
-0.652365
-0.0265851
0.178738
0.554657
0.448023
0.43164
0.356495
-0.0983943
-0.450966
-0.57261
-0.436741
-0.180602
-0.38671
-0.379745
-0.0893691
0.226121
0.360321
0.203067
-0.129983
-0.0142245
0.261535
0.484418
1.12687
1.26883
0.921551
-0.656976
-1.57872
-1.18662
-1.00788
-0.673653
0.366403
1.25666
1.4352
1.50848
0.820803
-0.281449
-0.851998
-1.19976
-1.09028
-0.332461
0.488048
0.396226
0.186881
-0.387201
-0.943918
-0.746933
-0.783132
-0.949706
-0.981098
-0.496386
0.0868185
0.0307053
0.328733
1.10284
1.5027
1.85782
1.83516
1.26431
0.146267
-0.32785
-0.377783
0.432621
1.22576
1.03682
0.829043
-0.162454
-0.679735
-0.810502
-0.507079
-0.24113
-0.119976
-0.322847
-0.594388
-0.722997
-0.811778
-1.04398
-0.879368
-0.576141
-0.327948
-0.0325692
0.11929
0.122233
-0.113698
-0.579673
-1.16661
-1.28815
-0.355907
0.688564
1.01229
1.03358
0.790784
0.584087
0.701905
0.855726
0.969522
1.03093
1.16896
0.868872
-0.199143
-1.11599
-1.25823
-0.711029
-0.0978057
-0.192472
-0.304699
-0.0797553
0.349726
0.419574
0.183055
0.503449
0.481769
0.470095
0.212583
-0.287237
-0.882704
-1.18838
-1.12197
-0.655798
-0.0122625
0.0124587
0.108204
0.253392
0.376704
0.348451
0.0302148
-0.153919
-0.173833
-0.197181
-0.0722997
0.575749
1.12619
1.09499
0.57055
0.27468
0.124587
-0.185899
-0.634805
-0.922532
-0.878289
-0.366502
0.398188
0.266636
-0.122134
-0.904384
-1.2699
-1.4509
-0.970013
-0.0603315
0.405251
0.573395
0.779012
0.95775
0.777933
0.382198
0.713481
1.01416
0.568882
-0.132435
-0.387004
-0.508452
-0.283019
-0.296066
-0.374546
-0.416827
-0.102711
0.554461
0.980117
0.926358
0.741047
0.450868
0.522481
0.674143
0.590856
0.198554
-0.0180504
-0.243975
-0.323141
-0.226807
-0.325201
-0.54887
-0.750759
-1.06272
-0.88084
-0.278604
-0.319806
-0.438016
-0.317157
-0.0836793
0.0379647
0.18639
-0.017658
-0.657564
-0.674928
-0.45489
-0.147935
0.329126
0.481279
0.387887
0.39858
0.71201
0.970405
0.813543
0.250646
-0.34384
-0.407017
-0.0238383
0.465386
0.495601
0.0195219
-0.451554
-0.351394
-0.239658
-0.205814
-0.567607
-0.667963
-0.184919
0.459697
0.886137
0.882115
0.22926
-0.35365
-0.433994
-0.160393
-0.0289395
0.150878
0.547104
0.952747
0.949117
1.09205
1.12825
0.680814
0.0516006
-0.531015
-0.990025
-1.03868
-1.20271
-1.26971
-1.39282
-1.24136
-0.905855
-0.500114
0.148229
0.445963
0.621856
0.938621
0.878387
0.460383
0.249076
0.305091
0.133416
-0.0555246
0.170988
0.400444
0.314901
0.126451
0.132435
0.458029
0.660017
0.203558
-0.387397
-0.423694
-0.0428697
0.267126
0.276838
0.214447
-0.003924
-0.0053955
0.24525
0.358654
0.185703
-0.419868
-1.10441
-1.48867
-1.4766
-0.762237
0.119192
0.613223
0.698963
0.459304
0.31235
0.0777933
-0.112521
-0.712206
-1.41156
-1.71695
-1.60217
-0.685032
0.279585
0.907033
1.37006
1.45914
1.25548
0.722605
-0.0527778
0.0040221
0.633726
1.38939
1.35662
1.08616
0.998658
0.989044
0.497171
-0.236029
-0.307936
-0.260652
-0.37847
-0.911251
-1.58873
-2.01183
-1.74647
-1.038
-0.803243
-0.981687
-1.22321
-1.26039
-0.924494
-0.693469
-0.699061
-0.401621
-0.026487
0.201203
0.294594
0.291063
0.225728
0.39034
0.51944
0.548183
0.494032
0.427127
0.596546
1.05487
1.50083
1.75521
1.64504
1.1513
0.466465
0.0300186
0.0479709
0.151172
0.124979
-0.0652365
0.106242
-0.258788
-0.330597
-0.672181
-0.814132
-0.505607
-0.408685
-0.302638
0.242699
0.635197
0.478336
0.271933
0.194336
-0.154115
-0.502763
-0.629802
-0.872992
-0.77499
-0.501487
-0.270854
-0.297537
-0.1291
0.0103986
-0.0448317
0.0213858
0.213956
0.0867204
-0.399365
-0.524933
0.0452241
0.512376
0.611948
0.393185
0.166181
0.470291
0.531996
0.434191
0.125372
0.150976
0.0739674
-0.17864
-0.0858375
0.136261
0.334619
0.30205
-0.211307
-0.491089
-0.177463
-0.149602
-0.16471
-0.35365
-0.679833
-0.46156
0.362676
0.925574
1.06183
0.518753
-0.384552
-0.52042
-0.222295
0.0681795
0.39083
0.379451
0.393675
0.0014715
-0.747228
-1.1358
-1.37369
-0.786958
0.0584676
0.301461
0.613615
1.03888
0.917725
0.251234
-0.432621
-0.716326
-0.60459
-0.48481
-0.069651
0.439684
0.562211
0.244367
-0.174226
-0.51581
-0.854843
-1.17563
-0.846995
0.167359
0.630489
1.11599
1.42843
1.48062
0.741832
-0.186096
-0.427422
-0.407017
-0.395834
-0.480396
-0.345704
0.1704
0.197279
0.0119682
0.0074556
-0.323141
-1.01112
-0.964912
-0.285079
-0.158333
-0.484614
-0.345704
0.113011
0.39191
0.143226
-0.316471
-0.870539
-0.906052
-0.538765
-0.0037278
0.614302
1.18348
1.72146
1.66554
1.16455
0.79667
0.132043
-0.340211
-0.665216
-0.728981
-0.502566
-0.267028
-0.149112
0.0870147
0.189529
0.206893
0.277034
0.180995
0.117818
0.159216
0.337856
0.543964
0.363657
-0.28086
-0.553186
-0.408488
-0.0221706
-0.0318825
-0.413001
-0.634805
-0.862005
-0.727804
-0.289493
-0.187469
0.103103
0.269775
0.573395
0.73212
0.620777
0.399169
0.107321
-0.0275661
-0.102907
-0.442529
-0.463326
0.130375
0.469703
0.352768
0.319119
0.413688
0.424381
0.217291
-0.104575
-0.162552
-0.246623
-0.260357
0.154017
0.269873
0.121546
0.255354
0.509139
0.38416
-0.0260946
-0.144894
-0.139989
-0.139989
-0.321572
-0.365226
-0.13116
0.233478
0.216703
-0.270069
-0.407017
-0.392106
-0.409666
-0.597331
-0.746247
-0.681304
-0.411922
-0.091233
-0.0976095
-0.159707
-0.135182
-0.301658
-0.439096
-0.25506
0.176776
0.544847
0.726234
0.884862
1.02112
1.02407
0.684149
0.583401
0.506883
0.143618
-0.0964323
0.105556
0.37278
0.289886
0.0488538
0.171773
0.339132
0.332167
0.120761
-0.389849
-0.487263
-0.251038
-0.303619
-0.348353
-0.550439
-0.63402
-0.500604
-0.265459
-0.0231516
0.109382
-0.0576828
-0.128805
0.114973
0.356103
0.209738
-0.271345
-0.347666
0.0016677
-0.004905
-0.124783
-0.0075537
-0.0033354
-0.135967
-0.117328
-0.0305091
0.0538569
0.14509
0.360616
0.506392
0.520322
0.460089
0.331676
0.0805401
-0.168634
-0.484712
-0.505313
-0.442725
-0.273012
-0.0839736
-0.337464
-0.660213
-0.733003
-0.721231
-0.619698
-0.675615
-0.432621
0.253
0.767142
0.968443
0.741342
0.275563
0.117328
0.341192
0.392302
0.118309
-0.0269775
0.0134397
0.108302
0.203852
0.216507
0.309015
0.206697
-0.180406
-0.260652
-0.24888
-0.184624
0.0448317
0.283215
0.504528
0.297145
-0.251823
-0.547692
-0.685229
-0.796376
-0.791765
-0.928222
-1.0121
-0.94019
-0.95363
-0.946371
-0.774009
-0.358654
-0.0152055
-0.118014
-0.184526
0.17609
0.726725
1.3012
1.84242
2.05784
1.83388
1.51388
1.10598
0.398875
-0.193257
-0.129786
0.308721
0.463032
0.269481
0.0826983
-0.20807
-0.621758
-0.631568
-0.0619011
0.209051
-0.0165789
-0.329518
-0.557993
-0.470684
-0.300971
-0.307249
-0.357378
-0.191393
-0.195317
-0.476374
-0.895457
-1.0895
-1.05359
-0.781366
-0.260456
0.122821
0.0877995
-0.144305
-0.275563
-0.108302
0.0705339
0.0602334
-0.090252
-0.151564
0.100651
0.514633
0.854451
0.949019
0.70426
0.44351
0.530525
0.507962
0.274288
0.101043
0.210621
0.249665
0.357575
0.656093
0.80854
0.566135
0.219548
-0.0200124
-0.0821097
-0.0405153
-0.278408
-0.482946
-0.598704
-0.558287
-0.432915
-0.350217
-0.474608
-0.782151
-0.867008
-0.744677
-0.744579
-0.761256
-0.490892
-0.0007848
0.185115
0.0872109
-0.169811
-0.341977
-0.413001
-0.212387
0.218567
0.627448
0.596644
0.196396
0.106733
0.462836
0.7435
0.713089
0.523167
0.432915
0.231418
0.0022563
-0.252804
-0.523363
-0.47657
-0.115366
0.250351
0.0973152
-0.385337
-0.532977
-0.358948
0.0385533
0.0577809
-0.0817173
-0.202282
-0.0625878
0.203459
0.255452
0.294791
0.284196
0.387789
0.456557
0.311664
0.0044145
-0.137242
-0.284098
-0.542395
-0.486576
-0.247899
0.0604296
0.183055
-0.0192276
-0.1704
-0.0567999
0.163729
0.219253
0.0670023
0.0031392
0.220333
0.20189
0.0221706
0.0909387
-0.0423792
-0.426931
-0.358556
0.0910368
0.492756
0.377096
0.18845
0.0722016
-0.202773
-0.569667
-0.41359
0.0854451
0.250842
0.346097
0.544259
0.690722
0.474313
0.30823
0.27468
0.23956
0.0655308
-0.0087309
0.0341388
-0.0567018
-0.111049
0.0306072
-0.038259
-0.250253
-0.404074
-0.248095
0.240051
0.335698
-0.0275661
-0.319806
-0.267224
0.0202086
0.382001
0.483633
0.238383
0.0553284
-0.191884
-0.44508
-0.507569
-0.548575
-0.387691
0.0859356
0.529348
0.53131
0.282332
0.0426735
0.236029
0.296752
0.158235
0.0361989
0.176972
0.344331
0.48844
0.501291
0.497367
0.649422
0.717994
0.692194
0.320493
-0.163729
-0.377096
-0.48275
-0.0711225
0.187469
-0.214348
-0.724959
-1.12786
-1.25362
-1.21046
-1.07949
-0.82973
-0.51218
-0.477355
-0.422222
-0.144403
0.0699453
0.374252
0.663745
0.835714
0.736437
0.33766
-0.116052
-0.278506
-0.120467
0.159216
0.401818
0.398384
0.272914
0.207972
0.252902
0.440371
0.57516
0.663058
0.760373
0.74193
0.422713
0.267617
0.308917
0.125568
-0.241032
-0.452437
-0.677184
-0.952747
-1.2081
-1.20928
-0.897909
-0.578201
-0.279389
-0.105654
-0.0775971
-0.241522
-0.492854
-0.731041
-0.624014
-0.21945
0.0307053
0.22151
0.441744
0.551224
0.352473
0.325201
0.345803
0.36091
0.348451
0.46156
0.582322
0.606062
0.558876
0.360616
0.33717
0.450377
0.46519
0.298518
0.317746
0.228573
-0.017658
-0.21994
-0.299499
-0.213564
-0.242994
-0.0944703
0.159216
-0.106439
-0.562996
-0.928222
-1.12462
-1.17534
-0.927339
-0.621463
-0.261437
-0.0193257
0.0883881
0.0955494
0.173147
0.264674
0.45538
0.512082
0.342271
0.0473823
0.0899577
0.0999639
0.11154
0.214348
0.444785
0.500702
0.210032
-0.0336483
-0.120957
-0.150584
0.115071
0.229652
0.102514
0.0076518
0.0370818
0.322847
0.548575
0.559562
0.158726
-0.363166
-0.575357
-0.535234
-0.468624
-0.455086
-0.324907
-0.220333
-0.0972171
0.13371
0.203656
0.0081423
-0.0949608
-0.0102024
0.199437
0.276642
0.463326
0.410548
0.216016
0.0708282
0.109872
0.100454
0.0013734
0.133024
0.322945
0.340701
0.230927
0.0583695
-0.14352
-0.344625
-0.419181
-0.181976
-0.0897615
-0.104084
0.0491481
0.0314901
-0.109283
-0.227886
-0.434877
-0.554657
-0.335012
-0.228573
-0.368464
-0.435368
-0.242013
0.0178542
0.238481
0.309015
0.382198
0.341486
0.210523
0.267224
0.438605
0.549262
0.434485
0.3614
0.342663
-0.0995715
-0.226513
-0.107223
-0.154409
-0.142245
0.0767142
0.071613
-0.0535626
-0.0738693
-0.0827964
-0.161767
-0.212583
-0.346097
-0.450966
-0.605571
-0.675811
-0.635884
-0.428108
-0.260161
-0.274091
-0.265851
-0.0885843
0.0112815
-0.0546417
-0.0613125
0.0838755
-0.0499329
-0.10222
0.0368856
0.277133
0.622543
0.778522
0.531506
0.293025
0.280468
0.398973
0.64383
0.675026
0.232791
-0.0868185
-0.197671
-0.275269
-0.21945
-0.318138
-0.148033
0.179229
0.349628
0.300088
-0.0747522
-0.0958437
0.0408096
0.267421
0.314607
0.0232497
-0.0836793
0.0855432
-0.0464994
-0.376802
-0.537392
-0.38877
-0.25918
-0.372093
-0.611065
-0.705731
-0.163533
0.236029
0.417808
0.430169
0.342271
0.1394
-0.121448
-0.289886
-0.481279
-0.575553
-0.422811
-0.169517
0
-0.0964323
-0.259769
-0.157058
0.299892
0.579869
0.383375
0.17864
0.0503253
-0.219253
-0.280272
-0.118701
-0.220627
-0.330989
-0.336777
-0.221608
0.203067
0.545632
0.774107
0.581144
0.247997
0.288708
0.389751
0.35728
0.148425
-0.330793
-0.392596
-0.20032
-0.0047088
0.216703
0.243582
0.0483633
-0.127138
-0.420947
-0.732611
-0.797553
-0.502174
0.222589
0.637356
0.872599
1.06409
0.907131
0.561034
0.248193
0.135084
-0.0336483
-0.24525
-0.589875
-0.792452
-0.617736
-0.211013
-0.404466
-0.399463
0.0363951
0.403976
0.707693
0.839147
0.59017
0.355122
0.176874
0.212975
0.0244269
-0.168732
-0.322749
-0.559268
-0.528465
-0.532389
-0.500899
-0.585559
-0.740655
-0.868283
-0.751544
-0.322651
0.296164
0.813347
1.00366
0.957554
0.34904
0.027468
-0.108793
-0.273699
-0.18227
-0.160884
-0.250155
-0.395245
-0.601157
-0.446944
-0.0464013
0.11929
0.035316
0.0836793
0.402897
0.21533
0.237108
0.340309
0.445178
0.293515
-0.484222
-0.892318
-0.900264
-0.541022
-0.212779
0.027468
0.359733
0.424184
0.146463
0.169909
0.239168
0.281645
0.464307
0.627448
0.559562
0.373761
0.018639
-0.182466
0.0202086
0.195023
0.376606
0.33511
0.202282
-0.0599391
-0.0400248
0.205912
0.438213
0.350413
-0.0110853
-0.324122
-0.255158
0.240247
0.459697
0.237794
-0.115267
-0.408783
-0.73781
-0.96138
-0.987965
-0.420555
0.242896
0.641476
0.750661
0.564075
0.0763218
-0.0016677
0.0752427
0.166476
0.106635
-0.266047
-0.786762
-0.773911
-0.449298
0.0909387
0.480788
0.653444
0.30617
-0.347372
-0.797357
-0.654523
-0.178934
0.0817173
-0.072594
-0.257512
-0.623818
-0.891533
-0.934206
-0.583106
0.242209
0.732317
0.963342
0.64952
0.0558189
-0.396716
-0.22406
0.206402
0.222295
-0.213858
-0.780778
-0.964813
-0.935972
-0.549164
0.0167751
0.433308
0.267519
0.409371
0.818546
0.792942
0.507471
0.428108
0.473332
0.293123
0.109185
0.0621954
0.169909
0.20238
0.325005
0.1704
-0.286158
-0.737614
-1.00562
-0.656583
-0.278506
0.0760275
0.410156
0.605081
0.664628
0.0571923
-0.723389
-0.826787
-0.80491
-0.58497
-0.516398
-0.62372
-0.719171
-0.536803
-0.321866
-0.220431
-0.154507
-0.436447
-0.226317
0.55142
1.20692
1.6624
1.55184
0.911349
0.75488
0.74762
0.910074
0.630979
0.547594
0.477551
0.117328
-0.137929
-0.730453
-1.42794
-1.57941
-0.900754
-0.223178
-0.224159
-0.0158922
0.219842
0.490696
0.75125
0.584087
0.310192
-0.0315882
-0.45489
-0.47657
-0.656779
-0.891042
-0.686406
-0.282822
-0.116739
-0.697295
-1.22929
-1.21065
-0.826492
0.137438
0.505117
0.687191
0.873286
1.07282
1.33445
1.24734
0.208266
-0.789509
-1.29168
-1.05065
-0.423301
-0.339818
0.393675
1.30601
1.14385
-0.208168
-1.32278
-1.78228
-1.2854
0.216703
1.44854
2.26336
2.38167
1.84565
1.43275
1.49838
1.17131
0.348549
-0.286648
0.041202
0.576141
-0.115954
-0.797161
-0.986101
-0.942447
-0.528955
0.393283
1.04918
0.286844
-0.465092
0.113306
0.688858
0.666197
0.104771
-0.233674
-0.0439488
-0.361989
-0.717994
-1.18936
-1.61374
-1.70871
-1.38399
-0.452437
0.435564
0.707497
0.643144
0.176482
-0.313233
-0.467348
-0.713089
-0.478237
-0.181681
0.0149112
0.149799
0.71819
0.795983
0.570746
-0.306955
-0.669925
-0.620777
-0.296556
-0.556619
-0.840128
-0.438016
0.0134397
0.710931
1.3012
1.49122
1.25068
1.01102
0.69494
0.738399
0.640691
0.198162
-0.399365
-0.315686
-0.790097
-1.62463
-2.1584
-2.05794
-1.62993
-1.42019
-1.56273
-1.27579
0.273405
1.42814
1.21585
1.43393
1.41568
1.869
2.30967
1.26323
-0.0132435
-0.890944
-1.29983
-1.31032
-1.58765
-0.765278
-0.096138
0.153625
0.277623
0.880448
1.64259
1.49661
1.49289
1.57362
1.21242
0.243779
-0.339328
-0.0131454
-0.282528
-0.883587
-1.10657
-0.630881
-0.411333
-0.138223
-0.0262908
-0.306464
-0.776756
-0.884862
-0.133318
0.727706
-0.0639612
-1.03015
-1.50701
-1.38998
-0.0848565
0.868872
1.01102
1.10892
1.63866
2.4527
2.90092
2.06088
0.109676
-0.312743
-0.21219
0.822078
0.557502
-0.247408
-1.00788
-0.997088
-1.40146
-1.84899
-1.57706
-0.467348
1.10775
1.48033
0.222687
-0.986592
-1.02034
-1.29404
-1.55802
-1.65848
-1.09843
-0.521892
-0.0611163
0.537196
1.45992
1.99545
1.72656
0.45175
-0.124783
-0.0263889
0.469801
0.749778
0.108793
-0.660409
-0.480494
0.386612
1.37301
1.92109
2.18096
1.90687
1.28442
0.92577
0.610182
0.988554
1.1151
0.105065
-0.491187
-0.738006
-0.669532
-1.15297
-1.22998
-0.68464
0.412707
1.17573
0.862691
0.0713187
-1.21203
-1.82348
-1.1151
-0.901147
-0.252902
-0.1962
-0.241718
-0.628036
-0.965108
-1.28099
-1.89362
-2.42023
-2.40983
-1.0376
1.10637
1.07704
0.744187
1.04947
1.51133
2.58219
2.84912
2.53245
1.21467
-0.842581
-1.00229
-0.412609
0.163042
0.376115
0.80854
0.724076
0.697883
1.36045
1.61041
1.32229
1.24204
1.37183
1.0481
0.474706
0.253098
-1.04761
-0.932735
-0.661194
-1.13256
-1.17122
-2.09885
-3.52689
-2.67735
-0.262516
-0.563683
-0.563094
0.33148
0.0813249
-0.249959
-0.582125
-0.830711
-0.828749
-0.65364
-0.814132
-0.666197
-0.0884862
0.823746
0.743206
0.789509
0.451064
-1.29914
-3.08014
-4.13786
-0.662371
-0.489519
-0.613517
0.0170694
0.0854451
-0.831299
-1.71096
-2.25218
-1.98741
-1.89411
-1.83467
-1.27922
-1.83731
-3.00333
-2.60181
-1.95052
-1.38743
-0.0170694
0.636963
-0.463228
-1.01308
-1.80445
-1.81868
-0.756547
0.090252
-0.46264
-0.657368
-0.797553
-0.22563
0.229162
0.320395
0.611555
0.767927
0.505117
0.245937
0.688956
3.71093
2.91504
3.6452
2.64644
0.597331
-1.41519
0.248291
-0.0301167
0.485497
1.0018
1.31738
1.94061
2.40806
2.53039
2.76593
2.82244
3.02276
3.04277
3.4388
2.45613
1.69948
0.879172
0.772636
0.16677
-0.312056
-0.321768
-1.0947
-1.40499
-0.181779
0.537392
-0.481671
-0.783132
-0.733592
0.0911349
-0.187175
-0.536705
-0.245544
-0.294496
-0.472548
-0.619894
-0.608024
-0.286844
-0.0555246
-0.199339
-0.503842
-0.485399
-0.366894
-0.465779
-0.590071
-0.725351
-0.387397
0.298714
0.770674
0.922042
1.17014
1.70115
2.53216
2.90239
2.72316
1.83898
1.22184
3.25986
2.25365
1.26549
0.503351
-0.143128
0.887216
1.87636
1.74451
1.35388
0.373565
-1.3838
-2.88345
-1.72372
0.779208
1.24303
0.752133
0.817467
0.819822
0.826296
0.281939
0.516791
-0.305091
-1.46306
-1.71852
-1.4093
-0.687191
-1.24283
-1.80249
-1.67771
-1.80622
-1.69409
-0.740165
-0.238579
-0.495111
-0.564566
-0.564075
-1.1515
-1.54802
-1.94709
-2.52725
-2.78996
-2.34802
-0.734965
0.127726
0.12753
0.361106
0.743206
1.73598
1.95307
2.30025
3.61145
3.70798
2.91171
1.43206
0.0433602
-0.769006
-0.390438
0.0040221
-0.0571923
-0.0099081
0.153232
0.313037
0.22357
0.0678852
-0.332657
-1.65946
-3.75144
-3.54484
-2.85873
-1.4717
-2.39207
-1.16023
-0.213466
-0.707301
-0.571923
0.125666
0.52611
0.548085
0.168045
-1.23429
-2.18194
-2.1583
-1.51005
-0.616951
1.29423
1.38772
0.843954
1.12717
0.550832
0.671593
2.02253
3.27997
2.56571
3.29096
2.56826
0.0917235
0.973937
0.420751
-0.776167
-1.39018
-1.70841
-1.37389
-0.810797
-0.939111
-0.78274
0.0297243
0.698668
1.14561
0.680716
0.393087
-0.040221
-0.418298
-0.566429
-0.360616
0.750563
0.972269
0.582518
-0.0280566
-0.874267
-0.763512
-0.200026
-0.642261
-0.977567
-0.894574
-0.250449
0.549752
0.384944
-0.136751
-0.583106
-1.19368
-2.05971
-2.17566
-2.43151
-1.37418
0.0887805
0.0223668
0.108793
-0.124685
-0.21425
-0.257709
-0.358752
0.040221
0.491579
0.593799
0.783623
1.10392
1.39881
0.976684
1.13806
0.869068
0.555148
-0.307445
-1.34976
-2.12485
-2.52961
-3.7019
-4.92952
-4.1356
1.44717
-0.138027
1.1821
0.954905
1.8538
0.925868
-0.452143
-1.17122
-1.11157
-0.648049
-0.847878
-0.506785
0.0868185
0.395637
-0.0932931
0.0072594
0.311664
0.846799
1.4149
0.975506
1.05438
1.39822
1.31611
1.51771
1.31748
1.50829
1.17396
0.6609
-0.898694
-1.08597
-0.609986
-0.265655
0.387985
0.403289
0.698276
1.64631
1.52006
-0.0925083
0.0373761
0.278015
-0.101632
-0.600274
-1.15836
-1.71695
-2.46643
-2.22873
-1.39685
-0.359242
0.927928
0.966481
0.535724
0.0211896
-0.790588
-1.63032
-1.59501
-1.17014
-0.706614
-0.65727
-0.109578
1.16072
1.70096
0.810306
0.715541
1.11275
1.99712
2.22756
2.02174
1.36241
1.32955
1.91668
1.44737
0.91076
0.0108891
-0.602236
0.0289395
-0.810698
-1.25833
-0.165495
1.27775
1.55194
1.68909
1.48769
1.55057
1.67153
0.650109
0.711715
-0.377293
-0.582224
-1.31768
-1.62777
-2.24149
-2.09257
-1.43275
-1.50829
-1.2132
-1.32533
-1.52752
-1.21232
-0.105261
0.53543
0.81011
0.444785
-0.581439
-1.115
-0.95569
-0.972956
-1.35388
-1.71577
-2.03224
-2.36038
-2.3491
-1.98682
-0.613812
0.199535
0.251038
0.131356
-0.250155
-0.164023
0.370327
1.06635
1.47376
1.54635
0.509041
-1.02152
-1.34672
-1.27559
-0.724174
-0.258297
-0.0754389
-0.448219
-0.543082
0.470291
1.23292
1.34574
1.26127
1.23724
1.29188
2.01821
2.40855
2.15173
2.03057
1.68438
1.59609
1.88705
2.23413
2.3337
2.02783
1.77649
2.13711
0.28449
-1.16661
-1.81475
-1.31071
0.800104
1.87685
1.50839
1.32445
0.415552
-0.261829
-0.467152
-0.315097
-0.295477
-0.762826
-1.55753
-1.91246
-1.50299
-0.935089
-0.676596
-0.248193
-0.429678
-0.630194
-1.08155
-1.54831
-1.41686
-0.411726
0.432229
1.37644
1.802
2.0702
2.66665
2.4884
1.91727
1.02289
0.178836
-0.178248
0.416925
0.462051
0.720446
1.35241
1.63945
1.09774
0.452928
0.167947
-0.0639612
-0.278114
-0.46725
-0.248389
0.0650403
0.421732
0.380039
-0.14715
-0.192472
-0.323534
-0.893593
-1.35829
-1.94856
-2.52254
-3.06739
-2.71727
-2.04234
-1.41264
-1.03986
-0.922827
-0.617441
-0.295575
-0.183349
-0.521401
-0.471959
-0.17658
0.289787
0.547104
0.550439
0.736633
1.00258
0.694842
-0.617638
-0.952453
-0.980608
-0.945586
-0.634315
-0.136948
-0.118407
-0.402504
-0.379058
-0.0950589
0.340407
0.59223
0.978057
1.23684
1.35702
1.20663
0.243779
-0.559955
-0.698864
-0.575749
-0.781366
-0.596056
0.0999639
-0.386024
-0.536803
-0.328929
0.25143
-0.0269775
-0.182466
-0.332363
-0.544161
-0.672672
-0.317059
-0.184722
-0.286452
-0.382198
-1.14591
-1.57558
-1.76727
-1.97475
-2.01537
-1.70125
-1.02044
-0.589287
-0.401229
-0.611948
-0.0818154
0.457146
0.908308
1.48641
1.76982
1.55086
0.623425
0.0949608
0.0987867
0.579477
1.02328
1.18044
0.741636
0.584284
0.3253
0.28292
-0.0423792
-0.18227
-0.0723978
0.21013
-0.0189333
-0.165495
-0.340015
-0.568489
-0.840815
-0.577024
-0.239266
-0.699061
-1.33828
-1.82613
-2.02282
-2.23884
-2.25865
-1.9311
-1.01857
0.0525816
0.619109
0.617834
-0.0606258
-0.646283
-0.628821
-0.0605277
0.470488
0.566429
0.372878
-0.0379647
-0.334717
-0.442333
0.10948
0.784604
1.21448
1.09058
0.620777
0.114973
0.0210915
-0.412609
-0.371701
-0.0494424
0.120859
-0.0865242
-0.0776952
0.446846
0.707693
0.702985
0.707203
0.79098
0.651286
-0.196789
-1.10049
-1.14169
-0.858767
-0.282626
0.205323
0.768712
1.08646
1.09538
1.09872
1.00072
0.266243
-0.472351
-0.272326
0.0815211
0.208855
0.173441
0.0640593
-0.511886
-0.864163
-0.431738
-0.0114777
0.312547
0.227592
0.370327
0.626761
0.407998
-0.170204
-0.486968
-0.623425
-0.497269
-0.162159
0.401229
0.577318
0.593113
0.692095
0.527876
0.43733
0.71613
1.07832
0.837872
0.277231
0.0453222
0.129983
-0.151074
-0.979725
-1.14002
-0.527189
-0.29381
-0.0378666
0.636178
1.46149
1.82368
1.82201
0.629115
-0.244661
-0.442137
-0.697295
-0.728687
-0.442823
0.28292
0.397109
-0.179523
-1.15581
-1.64111
-1.11353
-0.819822
-1.09254
-1.37546
-0.662175
0.473529
0.798926
0.218371
0.144698
0.805303
1.23184
1.22586
0.671004
0.297832
0.426637
0.931459
1.40528
1.88813
2.18273
2.30182
1.90471
1.61767
1.28707
0.592818
-0.13734
-0.394264
0.354631
0.964519
0.874856
0.475295
0.0905463
0.175795
0.461266
0.916352
1.00464
0.663254
0.0881919
-0.62784
-1.27775
-1.72234
-2.15045
-2.30515
-1.22831
-0.164219
0.448121
0.906346
0.560936
0.222295
0.280664
0.89477
1.07537
0.764591
0.806284
1.03299
0.643144
-0.53906
-1.29492
-0.706222
0.205912
0.898792
1.43599
1.27864
0.131944
-0.655014
-1.16827
-1.57195
-1.8022
-2.00458
-1.99447
-1.98182
-2.39747
-2.32791
-1.77227
-0.944899
0.459795
1.18878
1.45472
1.57225
1.34937
0.982668
0.865046
1.074
1.12864
1.15336
1.05104
0.986199
0.822569
0.616657
0.212387
-0.23544
-0.751544
-1.33612
-1.64965
-1.13345
0.122919
-0.0469899
-0.353847
-0.730158
-0.489225
0.156666
0.435564
0.714266
0.475687
0.239658
0.167261
0.296851
0.562898
0.626565
1.28344
1.64543
1.53114
1.19358
0.625486
0.153821
-0.355907
-0.610869
-0.240836
0.0280566
-0.242601
-0.671593
-1.39724
-1.32857
-1.06782
-0.978842
-0.695333
-0.686111
-0.739085
-0.850036
-0.841109
-0.271639
0.501585
0.445766
-1.08695
-1.5436
-1.97613
-1.94003
-1.53576
-0.959909
-0.420751
0.1084
0.638827
0.736829
0.49874
0.6299
0.865929
0.939307
0.885843
1.10588
1.51437
2.04529
1.98152
1.14443
0.484712
0.144109
-0.428795
-0.492364
-0.47039
-0.207972
-0.0975114
-0.0778914
-0.179719
-0.316863
-0.56535
-0.643046
-0.0888786
0.42026
0.692194
0.46519
-0.0149112
-0.350609
-0.311173
-0.194336
-0.0806382
-0.136457
-0.384846
-0.691016
-0.463424
-0.369543
-0.441646
-0.483927
-0.592622
-0.653346
-1.02073
-1.61973
-1.76904
-1.34181
-0.567018
0.376998
1.05879
1.52055
1.9207
2.04862
1.49259
0.812955
0.613517
1.36222
1.60786
1.04074
0.696608
0.10634
-0.173539
-0.371112
-0.285667
-0.304012
-0.285471
-0.172754
0.29587
0.827277
1.15503
1.32837
0.750367
-0.0621954
-0.340211
-0.563879
-0.906248
-1.41686
-1.652
-1.88793
-1.70154
-1.31748
-1.18672
-1.20016
-0.908602
-0.885745
-1.12256
-1.08126
-0.718681
-0.465386
-0.267911
0.222098
0.753114
1.14571
1.66162
2.2099
2.84412
2.34959
0.427324
-0.368464
-0.164906
-0.0415944
0.242209
0.495895
0.581046
0.528857
0.667472
0.839834
0.96501
0.729962
0.312547
-0.253392
-0.453909
0.0879957
0.793727
1.23008
1.28746
1.12334
0.777639
-0.0772047
-0.820214
-1.27736
-1.68389
-1.84477
-1.36418
-1.35496
-1.47258
-1.20192
-0.911545
0.0366894
1.12962
1.71263
1.68781
1.40587
0.922827
0.165789
-0.836008
-1.31022
-1.50554
-1.36771
-0.526405
-0.129983
-0.398482
-0.404368
-0.0201105
0.778816
1.15307
1.16415
0.860827
0.770085
0.737418
0.741342
0.768712
0.57673
0.0136359
-0.509433
-0.375625
0.0672966
-0.0543474
-0.673849
-0.953336
-0.48687
0.59017
0.838166
0.716522
0.297047
-0.0076518
0.0331578
0.280958
0.399071
0.150682
0.0607239
-0.195808
-0.53543
-0.566429
-0.367188
-0.193257
-0.0881919
0.0267813
0.0276642
0.209149
0.498152
0.393381
-0.0065727
-0.567803
-0.985905
-1.22458
-1.20555
-1.03809
-0.29999
0.367679
0.411333
0.512867
0.675615
0.656779
0.756449
0.789509
0.707203
0.752525
0.429972
-0.20807
-0.279291
-0.262221
-0.321081
0.214937
0.546417
0.371308
0.192178
-0.253392
-0.768123
-0.880448
-0.767142
-0.389065
-0.144698
-0.309702
-0.298028
-0.0506196
-0.127922
-0.226121
-0.373369
-0.475687
-0.168928
-0.075537
0.0003924
-0.238873
-0.655602
-0.303129
0.309407
0.810895
1.1153
0.974427
0.807952
0.85916
0.846603
0.254962
-0.408979
-0.383277
-0.102711
-0.336875
-0.817369
-0.963538
-0.960301
-0.944213
-0.90203
-0.513161
0.150289
0.354141
0.758509
1.12854
1.23694
0.818841
0.601451
0.634315
0.0671004
-0.649814
-0.759588
-0.413197
-0.118505
-0.0556227
-0.334815
-0.824236
-1.05291
-1.01229
-0.604787
-0.514633
-0.476962
-0.0368856
0.361106
0.539256
0.437624
0.549164
0.763022
0.878486
0.654033
0.176384
-0.351689
-0.29381
-0.0376704
-0.040221
-0.397697
-0.795689
-0.803145
-0.522971
-0.522186
-0.550537
-0.228573
0.317255
0.744971
1.12305
1.29217
1.41156
0.986297
0.0733788
0.148621
0.340015
0.179915
0.0516987
-0.209051
-0.297537
-0.635099
-1.21928
-1.73509
-1.27295
-0.153428
0.0668061
0.118701
0.165004
-0.165397
-0.530525
-0.32324
0.171479
0.1807
-0.438115
-0.722114
-0.331087
-0.293908
-0.332068
-0.30254
-0.107125
0.633137
0.95157
1.08145
1.048
0.888982
0.372191
0.187763
0.483437
0.481573
0.222687
-0.360321
-0.78637
-1.05781
-1.27304
-0.98718
-0.295183
0.310192
0.341486
0.0406134
-0.100651
0.0717111
-0.0383571
-0.100847
-0.0439488
-0.0547398
-0.166279
-0.0785781
0.331578
0.485104
0.109283
-0.637846
-1.0222
-1.20114
-1.12599
-0.717602
-0.361302
-0.0244269
0.27262
0.42183
0.680814
0.949216
1.01838
0.844543
0.357967
0.0242307
-0.076518
-0.0828945
0.252215
0.523069
0.354239
0.105457
0.0788724
-0.0625878
-0.310094
-0.704652
-1.08695
-0.949117
-0.295772
0.372976
0.68258
0.736829
0.0429678
-0.48638
-0.460776
-0.38102
-0.159413
-0.114875
-0.0607239
-0.266047
-0.691016
-0.820312
-0.632549
-0.487655
0.0075537
0.589483
0.799809
1.22458
1.31503
1.21507
1.03437
0.395834
-0.388966
-0.829141
-1.04692
-1.18466
-1.12737
-0.545632
0.0929007
0.232693
0.181485
-0.0753408
-0.0184428
0.261142
0.525816
0.534056
0.479807
0.366796
-0.344822
-0.863476
-0.608024
-0.258592
-0.116445
-0.32373
-0.457538
-0.18796
-0.201105
-0.637846
-0.706712
-0.65521
-0.572512
-0.4802
0.0268794
0.621562
0.75694
0.365226
-0.207187
-0.365422
-0.652561
-0.473234
0.181583
0.291553
0.138027
-0.0132435
0.242307
0.484418
0.412511
-0.197671
-0.907425
-1.17131
-1.2597
-0.533468
0.163925
0.279781
0.465583
0.750759
0.797749
0.701807
0.466465
0.477551
0.591249
0.717111
0.642751
-0.0347274
-0.605669
-0.717405
-0.649814
-0.437722
-0.227396
0.0825021
0.406919
0.665216
0.928026
1.22537
0.917529
0.326379
0.159118
0.352277
0.24888
-0.175599
-0.493934
-0.314901
0.340701
0.335502
-0.137732
-0.850919
-1.35496
-1.47984
-1.43069
-0.899185
-0.260554
0.195513
0.781759
1.1616
0.712402
-0.5731
-0.750955
-0.316961
-0.215526
-0.583793
-0.910074
-0.56535
0.101435
0.328439
0.853078
1.27638
1.34662
0.966481
0.0425754
-0.485006
-0.73006
-0.940485
-0.652856
-0.322749
0.114777
0.787351
1.09588
1.14973
0.445178
-0.45744
-0.411726
-0.374153
-0.249076
-0.0144207
0.331382
0.485889
0.428108
-0.0120663
-0.379941
-0.589385
-0.708184
-0.755664
-0.552892
-0.609397
-0.819331
-0.480101
-0.103103
0.0051993
0.115169
0.415846
0.757332
0.904874
0.609986
-0.042183
0.26124
0.155685
-0.152153
-0.413393
-0.723487
-0.928026
-0.704848
-0.560053
-0.678165
-0.677184
-0.719171
-0.547692
-0.224159
-0.183153
0.297439
0.766553
0.909976
0.352964
0.256826
0.971386
1.48945
1.92433
1.35339
-0.10742
-0.277525
-0.447042
-0.223374
-0.0374742
0.0449298
0.499721
0.807755
0.689839
0.259082
0.375919
0.446257
0.541414
0.814524
0.811287
0.0141264
-0.780582
-1.18054
-1.18985
-1.13659
-1.24185
-0.822667
0.557208
0.487263
-0.0718092
-0.051012
9.81e-05
0.0969228
0.5628
0.904678
1.03142
0.365422
-0.263006
-0.139008
-0.0483633
-0.0645498
-0.190706
-0.27468
-0.432327
-0.149602
0.486772
0.228279
-0.617049
-0.995715
-0.958928
-0.0926064
0.854157
1.04025
0.879663
0.6299
0.431738
0.400935
0.0998658
-0.471174
-1.01612
-1.29266
-1.32131
-0.917137
-0.63971
-0.411628
-0.136555
-0.180602
0.0445374
0.488146
0.755174
1.09901
1.38821
1.42579
0.795002
-0.112619
-0.67326
-0.999247
-1.25028
-1.17004
-0.714757
-0.593407
-0.668061
-0.222785
0.489127
0.814524
1.22547
1.53752
1.79268
1.84428
0.514731
-0.674339
-0.633628
-0.385827
-0.0045126
0.656387
1.18515
0.901245
-0.310781
-0.962557
-1.32778
-1.27658
-0.825413
-0.238481
-0.175403
-0.224355
-0.0060822
0.330107
0.850625
1.09489
0.29587
-0.674536
-1.07841
-1.27913
-1.18103
-0.949706
-0.453516
0.139302
0.674143
0.963734
1.0015
0.996009
0.828945
0.273012
-0.63402
-1.22017
-1.56774
-1.42951
-0.531408
0.219057
0.211504
-0.0496386
-0.107518
0.103888
0.220823
0.350708
0.536705
0.842973
0.99032
0.964421
0.500212
-0.124195
-0.471469
-0.413393
-0.16883
0.689839
1.34711
1.55047
1.46473
1.2183
1.11677
1.01484
0.608514
-0.0251136
-0.512082
-0.734769
-0.999541
-1.19908
-1.47346
-1.44158
-1.4562
-1.59746
-1.65357
-1.2187
-0.548379
-0.503547
-0.619011
-0.67326
-0.619502
-0.420751
-0.286942
-0.173147
-0.115267
-0.0149112
0.154802
0.32991
0.430855
0.439292
0.0782838
0.0380628
0.324907
0.703769
0.978744
0.946175
0.971779
1.11863
1.31297
1.39361
1.31464
0.818743
-0.0042183
-0.171675
-0.0945684
0.0388476
-0.244759
-0.468427
-0.542885
-0.207285
0.268598
0.368464
0.540629
0.225139
-0.325594
-0.579967
-0.741342
-0.997971
-1.2858
-1.33082
-1.00229
-0.418298
-0.223472
-0.284294
0.196592
0.519538
0.477943
0.322259
0.0656289
0.219548
0.645302
0.959909
0.885058
0.473234
0.268009
0.289787
0.342859
0.232203
-0.331578
-0.589385
-0.639023
-0.342271
0.294202
0.0976095
-0.350511
-0.370524
-0.26487
-0.166083
0.0205029
-0.119388
-0.243092
-0.284588
-0.194434
0.169615
0.679833
1.15925
0.562309
-0.609888
-0.931165
-1.29992
-1.16837
-0.645106
0.0900558
0.741734
0.936953
1.08469
1.17563
1.09784
0.404466
-0.26487
0.0521892
0.46882
0.8261
0.806774
0.347666
-0.175305
-0.644517
-0.946371
-1.37683
-1.9416
-2.14721
-1.12226
0.578103
0.89634
1.2958
1.48602
1.52575
1.06232
0.535822
0.0195219
-0.794512
-1.22998
-1.26284
-0.361597
0.335208
0.489225
0.503351
0.0097119
-0.680323
-1.20094
-1.20585
-0.785585
-0.706909
-0.419279
0.214348
0.720643
1.31631
1.61168
1.56479
1.16298
0.18276
-1.05487
-1.61581
-1.84026
-1.38605
-0.16059
0.757822
1.03613
0.876229
0.486184
0.228769
0.13891
0.0558189
0.0674928
-0.066708
0.089271
0.45695
0.80285
1.27608
1.03515
0.525522
0.371112
-0.247114
-0.899969
-0.998952
-0.238873
0.334227
0.414669
0.479807
0.675222
0.604394
0.0253098
-0.384258
-0.619109
-0.346489
-0.113796
-0.280468
-0.190706
-0.27831
-0.436153
-0.661194
-0.538863
-0.168536
-0.107714
-0.0248193
0.0148131
-0.251234
-0.467446
-0.542101
-0.265066
0.276348
0.205912
0.120957
0.161767
-0.0807363
-0.387887
-0.459795
-0.0727902
0.279585
0.422615
0.467446
0.253981
0.154017
0.180995
0.560445
0.99905
1.03201
0.380138
-0.129394
0.0149112
0.291749
0.626565
0.726529
0.732709
0.451849
0.0139302
-0.434092
-0.748405
-0.718779
-0.375821
-0.5886
-0.816094
-0.799025
-0.689937
-0.616853
-0.583303
-0.419574
-0.308524
-0.446159
-0.594486
-0.424184
-0.0671004
0.227494
0.295085
0.155587
-0.0728883
-0.0298224
-0.0240345
0.0173637
0.344233
0.536901
0.709655
0.765278
0.430561
0.26536
0.112226
-0.116739
-0.24319
0.0189333
0.320493
0.0476766
-0.413688
-0.647068
-0.58909
-0.759686
-0.849055
-0.123802
0.323828
0.246525
0.330499
0.163533
0.238579
0.257414
-0.0339426
-0.404564
-0.211896
0.26487
0.531996
0.628232
0.651188
0.560151
0.350021
0.0440469
-0.163435
-0.0897615
0.284686
0.368562
0.335012
0.329714
0.139498
0.0329616
0.375036
0.694254
0.532192
-0.227984
-0.834635
-1.18014
-1.32092
-1.2751
-1.05801
-0.906052
-0.810993
-0.480298
-0.271737
-0.131748
-0.0162846
0.164906
0.5576
0.791667
0.544553
-0.0325692
-0.198456
-0.211896
-0.0749484
0.040221
-0.0438507
0.0429678
0.128217
0.221706
0.27674
0.289297
0.397207
0.807461
1.0742
0.816388
0.453516
0.604296
0.813641
0.85141
0.721035
0.31392
-0.11154
-0.399954
-0.417023
-0.147542
-0.0564075
-0.309407
-0.349923
-0.06867
0.133808
0.0021582
-0.188058
-0.425558
-0.659526
-0.980902
-1.02671
-0.529642
-0.0813249
-0.138713
-0.0917235
0.298028
0.659134
0.867106
0.936659
0.554363
0.0316863
-0.0553284
0.0283509
0.271148
0.243582
-0.19826
-0.457146
-0.532094
-0.373369
-0.140773
0.0119682
0.334717
0.544847
0.670317
0.383473
-0.25712
-0.53131
0.0790686
0.6454
0.824825
0.757332
0.264379
-0.053955
-0.0828945
-0.251332
-0.491579
-0.622739
-0.533664
-0.589679
-0.653346
-0.512376
-0.321179
-0.28606
-0.318433
-0.461364
-0.293319
0.132239
0.343056
0.260357
0.30823
0.588208
0.598312
0.311468
0.0671985
0.194238
-0.0099081
-0.204048
-0.422419
-0.410941
-0.277525
-0.310781
-0.418985
-0.459599
-0.402308
-0.293711
0.0556227
0.505509
0.556031
0.434092
0.446944
0.549262
0.692095
0.555148
0.144011
-0.0855432
0.0970209
0.272816
0.302638
0.197279
0.103005
0.0748503
0.136261
0.0002943
-0.183349
-0.216114
-0.110068
0.111932
0.175207
0.110559
-0.189333
-0.513063
-0.59998
-0.553676
-0.650109
-0.794021
-0.668748
-0.0717111
0.215035
0.105457
0.144599
0.207383
0.287727
0.342369
-0.0144207
-0.280664
-0.381511
-0.191393
0.337856
0.663647
0.653935
0.124195
0.164808
-0.0050031
-0.373369
-0.416925
-0.0346293
0.427324
0.283803
0.17707
0.276838
0.38053
0.288316
0.275857
-0.0174618
-0.56947
-0.866714
-1.02887
-0.90821
-0.488538
-0.248487
-0.320591
-0.276642
-0.15078
-0.0599391
0.100553
0.0616068
0.120369
0.126157
0.0504234
0.0037278
-0.0897615
-0.131552
0.0560151
0.139596
0.138615
0.0594486
0.0269775
0.0572904
0.0998658
0.0309015
-0.0100062
0.252215
0.51061
0.683757
0.485791
0.134691
0.105948
0.189137
0.376115
0.493934
0.434289
0.0939798
-0.165887
-0.0465975
0.178346
0.105261
-0.254668
-0.452535
-0.446159
-0.46676
-0.634805
-0.806284
-1.0018
-1.05722
-0.899773
-0.525718
-0.222785
-0.203263
-0.101828
0.0447336
0.124881
0.152349
0.23593
0.220921
0.126745
0.194925
0.33197
0.174324
0.200026
0.155096
0.222981
0.330989
0.222785
0.112226
0.223472
0.425362
0.659232
0.801477
0.632549
0.342663
0.259573
0.121546
-0.0426735
-0.206501
-0.357771
-0.536215
-0.524443
-0.269677
-0.0964323
-0.224551
-0.457538
-0.724567
-0.720545
-0.427716
-0.0614106
0.188842
0.390144
0.664529
0.886726
0.987769
0.873286
0.541218
0.188254
-0.115856
-0.369543
-0.470193
-0.7125
-0.598704
-0.122134
0.29067
0.425754
0.544063
0.486576
0.204833
-0.248389
-0.686798
-0.744089
-0.592622
-0.348647
0.0161865
0.41565
0.421536
0.401131
0.224453
-0.202871
-0.414571
-0.280075
-0.0569961
0.199928
0.248585
0.0812268
-0.307544
-0.517281
-0.43733
-0.32579
-0.218174
-0.0443412
-0.0339426
-0.282626
-0.379843
-0.316765
-0.0829926
0.157254
0.292044
0.253
0.186979
0.195611
0.0632745
-0.0103986
-0.0279585
0.254766
0.597135
0.502763
0.435172
0.602824
0.817958
0.795395
0.378274
-0.297243
-0.605375
-0.677577
-0.645694
-0.406723
-0.0485595
-0.0644517
-0.229554
-0.0708282
-0.0751446
-0.239756
-0.0422811
0.321572
0.458323
0.428893
0.322062
0.367188
0.273405
-0.0411039
-0.26281
-0.51424
-0.702985
-0.91596
-0.937836
-0.621267
-0.339426
-0.0702396
0.245348
0.276642
0.0380628
-0.355612
-0.402701
-0.203165
-0.0707301
-0.0522873
0.0897615
0.338347
0.467348
0.502861
0.499623
0.324417
0.074556
0.175991
0.397992
0.408881
0.356103
0.240934
0.299499
0.362676
0.239462
-0.0216801
-0.243288
-0.170302
0.082404
0.15745
-0.0798534
-0.189235
-0.0713187
0.0711225
0.108204
0.0695529
-0.18227
-0.474412
-0.678165
-0.746247
-0.571629
-0.257218
-0.0558189
9.81e-05
0.269383
0.296851
0.119192
0.170105
0.253
0.0507177
-0.239953
-0.289395
-0.304306
-0.293417
-0.121153
0.218273
0.406134
0.383473
0.19257
0.180602
0.19463
0.0112815
-0.289395
-0.160393
0.199633
0.333049
0.17815
0.0330597
0.0074556
0.0632745
-0.0213858
-0.38828
-0.624112
-0.519538
-0.209247
0.11723
0.35934
0.575749
0.575357
0.477551
0.464013
0.305091
-0.0671985
-0.576534
-0.769006
-0.846211
-0.739478
-0.515417
0.0782838
0.234655
-0.128903
-0.156175
-0.011772
-0.112226
-0.159511
-0.15284
-0.121153
-0.197868
-0.0518949
0.286746
0.225728
-0.0818154
-0.171871
-0.285961
-0.387004
-0.121252
0.185507
0.104084
0.144403
0.388868
0.720446
1.05977
1.0324
0.348647
-0.223668
-0.531996
-0.737418
-0.69651
-0.49982
-0.381609
0.0465975
0.409862
0.277917
-0.0612144
-0.303129
-0.214741
0.14146
0.356594
0.358752
0.234165
0.288218
0.328929
0.242896
0.110461
-0.0566037
-0.311173
-0.561623
-0.706124
-0.650894
-0.498446
-0.290376
0.135378
0.38308
0.420359
0.419181
0.434975
0.501095
0.394656
-0.108302
-0.216997
-0.283117
-0.307544
-0.294987
-0.310879
-0.382492
-0.421634
-0.361106
-0.247114
-0.0850527
-0.0291357
-0.107518
-0.243288
-0.238873
-0.0311958
0.302933
0.49874
0.455086
0.30774
0.153625
-0.0213858
0.0860337
0.503547
0.644125
0.491677
0.390634
0.396618
0.33717
0.217586
0.107223
0.054936
-0.113109
-0.299303
-0.441254
-0.407507
-0.187077
-0.0649422
-0.0682776
-0.176384
-0.508648
-0.779797
-0.87515
-0.552597
0.0859356
0.412609
0.607141
0.540335
0.343252
0.094176
-0.110461
0.046107
0.0293319
-0.105065
-0.395834
-0.605473
-0.441744
-0.052974
0.443314
0.641966
0.636963
0.571923
0.564467
0.490108
0.280958
0.196004
0.359242
0.406134
0.0959418
-0.212288
-0.43576
-0.31392
0.122527
0.398384
0.383473
0.241032
0.0734769
-0.103888
-0.0861318
-0.119388
-0.377783
-0.642359
-0.831398
-1.0221
-1.04418
-0.764101
-0.365128
-0.100651
0.0292338
0.162159
0.312547
0.50188
0.609495
0.626663
0.585068
0.310683
0.185213
0.298714
0.242209
0.0459108
-0.181779
-0.333638
-0.363559
-0.448513
-0.575455
-0.726627
-0.747424
-0.473136
-0.154213
0.24525
0.440371
0.542885
0.504725
0.327458
-0.147641
-0.431542
-0.459795
-0.314509
-0.0927045
-0.0682776
0.0359046
0.386808
0.541708
0.604492
0.750073
0.843071
0.677479
0.0299205
-0.444197
-0.476177
-0.33923
-0.0326673
0.277329
0.489911
0.617932
0.700042
0.671396
0.393381
0.0527778
-0.113109
0.0258003
0.276642
0.439194
0.308917
0.0349236
-0.0835812
-0.0801477
-0.115856
-0.271835
-0.479218
-0.502763
-0.296556
-0.0437526
-0.0888786
-0.2117
-0.318236
-0.420751
-0.575062
-0.826198
-0.989044
-0.880153
-0.581046
-0.171969
0.104476
0.355024
0.446551
0.319904
0.0764199
-0.124391
-0.291946
-0.0789705
0.309113
0.566527
0.674732
0.407704
-0.0396324
-0.198554
-0.151368
0.0394362
0.159609
0.014715
-0.144796
-0.11154
0.0880938
0.325986
0.481082
0.526012
0.522284
0.371308
0.0968247
-0.129296
-0.0986886
-0.114581
-0.21425
-0.304208
-0.313626
-0.3356
-0.320689
-0.0633726
0.193453
0.151466
-0.0252117
-0.250744
-0.418397
-0.464405
-0.327163
-0.0789705
0.10222
-0.119192
-0.244661
-0.158922
-0.023544
-0.0389457
-0.0878976
-0.0948627
0.0985905
0.333932
0.488832
0.593701
0.563486
0.506392
0.693175
0.871324
0.90458
0.740066
0.3769
0.161571
0.0714168
0.0594486
0.0269775
-0.169517
-0.304208
-0.377881
-0.46519
-0.520224
-0.516104
-0.282332
-0.0238383
0.0375723
0.134691
0.135378
-0.0229554
-0.155587
-0.100356
-0.119976
-0.295772
-0.279193
-0.181387
-0.118603
-0.0876033
0.0803439
0.248782
0.394951
0.391027
0.228573
-0.121252
-0.280664
-0.205225
0.077499
0.407998
0.427127
0.335796
0.334129
0.272424
0.107125
-0.132239
-0.410647
-0.522579
-0.548477
-0.643144
-0.53955
-0.151074
0.312056
0.33148
0.0453222
-0.240541
-0.414374
-0.602138
-0.643438
-0.527189
-0.330793
-0.161178
-0.0170694
0.137242
0.205421
0.334129
0.497269
0.616362
0.627055
0.347666
0.0720054
0.187567
0.406036
0.533173
0.471665
0.409469
0.218273
0.0318825
-0.0138321
-0.103496
-0.143913
0.0092214
0.254177
0.466662
0.536313
0.549164
0.455282
0.115169
-0.266832
-0.522677
-0.558287
-0.366011
-0.0722016
0.130277
0.0280566
-0.0045126
0.0369837
-0.0727902
-0.144992
-0.149995
-0.209934
-0.264183
-0.220333
-0.0540531
0.155783
0.0501291
-0.140087
-0.231025
-0.30048
-0.217193
0.0335502
0.167457
0.171577
-0.226611
-0.477158
-0.473529
-0.518459
-0.595761
-0.56486
-0.334717
-0.176188
-0.0605277
0.0413001
0.221804
0.371505
0.435564
0.36248
0.297439
0.196592
-0.0005886
0.0193257
0.297635
0.376704
0.372289
0.29999
0.223962
0.175599
0.0920178
0.0031392
-0.0811287
-0.117131
-0.0880938
0.0171675
0.153723
0.114679
0.0503253
0.0709263
0.0348255
-0.112913
-0.207678
-0.209149
-0.302737
-0.398384
-0.463032
-0.396324
-0.15853
-0.186979
-0.321768
-0.50237
-0.583597
-0.362774
0.0682776
0.222
0.230829
0.206304
0.346882
0.354828
0.1807
0.0886824
0.0195219
0.0781857
0.116641
0.23338
0.308132
0.262712
-0.0209934
-0.453516
-0.657662
-0.677577
-0.509728
-0.300284
-0.129394
0.0893691
0.181093
0.031392
0.0555246
0.226513
0.260652
0.193355
-0.16471
-0.530721
-0.58703
-0.426539
-0.0286452
0.394362
0.493835
0.428108
0.415355
0.595271
0.728098
0.67277
0.393871
0.0438507
-0.16883
-0.418397
-0.576436
-0.634511
-0.589679
-0.358261
-0.102514
0.0407115
0.123606
0.145678
0.139204
0.15902
0.235538
0.314018
0.220627
0.0263889
0.0390438
0.207089
0.285079
0.19983
-0.0100062
-0.196396
-0.299794
-0.0906444
0.291357
0.304895
0.326477
0.41408
0.529053
0.568195
0.460285
0.442431
0.515516
0.426146
0.0678852
-0.442431
-0.515908
-0.520028
-0.385533
-0.115856
-0.0384552
-0.180602
-0.211405
0.0724959
0.326379
0.219842
-0.112324
-0.301559
-0.290082
-0.228181
-0.179229
-0.105261
0.0091233
0.0621954
-0.0171675
-0.0816192
-0.143913
-0.417612
-0.558581
-0.424086
-0.199928
-0.420751
-0.52925
-0.488636
-0.171086
0.132533
0.389751
0.619011
0.86122
1.07174
1.18171
1.2393
1.06988
0.503547
0.0083385
0.0270756
0.141068
0.0956475
-0.149602
-0.26644
-0.218076
-0.181093
-0.091233
-0.0349236
-0.157156
-0.312743
-0.332461
-0.241326
-0.082404
0.0874071
-0.0067689
-0.278702
-0.321768
-0.363264
-0.501487
-0.684836
-0.768908
-0.596644
-0.541316
-0.683855
-0.803047
-0.74762
-0.338445
0.30774
0.597331
0.82355
0.887413
0.819626
0.71407
0.467545
0.232399
0.352571
0.585951
0.828356
0.99905
0.91076
0.468722
0.0086328
-0.234851
-0.341094
-0.425754
-0.480984
-0.35159
-0.0803439
0.112128
0.165593
0.0291357
-0.37847
-0.897124
-1.28619
-1.61159
-1.89294
-1.71891
-0.922238
-0.264183
-0.104673
0.121938
0.248193
0.237304
0.0327654
-0.26487
-0.380138
-0.378666
-0.371407
-0.235832
0.0993753
0.418691
0.742323
1.00857
1.09872
0.940877
0.7177
0.568882
0.429187
0.285079
0.201988
0.102613
0.17815
0.32942
0.478139
0.636865
0.531408
0.501193
0.589189
0.709557
0.346293
-0.384062
-0.685425
-0.823746
-0.868872
-0.907033
-0.965206
-1.03456
-0.993164
-0.637258
-0.337954
-0.0889767
0.0938817
0.0532683
-0.0710244
-0.249763
-0.308034
-0.261437
-0.0879957
0.178346
0.277329
0.268892
0.405742
0.574768
0.562015
0.602923
0.670415
0.645106
0.644321
0.544161
0.109087
-0.171479
-0.0524835
0.270364
0.504626
0.449788
0.314509
0.268303
0.101239
-0.129688
-0.177463
-0.285569
-0.501291
-0.736437
-0.855726
-0.51787
-0.0047088
0.0027468
0.0879957
-0.0634707
-0.330401
-0.564369
-0.664333
-0.717896
-0.725646
-0.618619
-0.40839
-0.188941
-0.250057
-0.190608
0.0597429
0.0070632
-0.239658
-0.388574
-0.29018
-0.0483633
0.212092
0.4079
0.436937
0.413393
0.212092
0.171773
0.231614
0.364638
0.594878
0.793335
1.04231
1.12776
0.914096
0.817762
0.56074
0.119976
-0.154998
-0.406036
-0.58909
-0.418691
0.125372
0.487949
0.516791
0.27517
-0.17609
-0.528759
-0.757332
-0.846407
-0.803537
-0.621856
-0.539354
-0.525129
-0.484418
-0.539746
-0.527288
-0.443608
-0.321572
-0.325692
-0.332853
-0.311566
-0.0695529
0.165593
0.39083
0.70632
0.929105
0.826492
0.355024
0.112128
-0.100356
-0.167751
-0.096138
-0.0980019
-0.206599
-0.352866
-0.420947
-0.433504
-0.360714
0.0582714
0.568195
0.66708
0.669238
0.50188
0.396324
0.421732
0.523462
0.615872
0.334423
0.0180504
0.0563094
0.32579
0.479807
0.328243
0.12341
0.129001
0.175795
0.171675
-0.0772047
-0.287531
-0.402701
-0.598312
-0.699944
-0.630489
-0.395245
-0.126255
-0.0904482
-0.262025
-0.276348
-0.247408
-0.362283
-0.145384
0.115954
0.160884
0.394068
0.520715
0.601255
0.59635
0.247016
0.0798534
0.157254
0.0116739
-0.230339
-0.239266
0.0067689
0.0754389
0.245348
0.490892
0.567901
0.409666
0.149406
-0.186979
-0.362185
-0.320296
-0.0359046
0.277231
0.198947
0.0146169
0.0165789
0.0997677
0.0642555
-0.0234459
-0.164808
-0.0439488
0.184624
0.129884
-0.24162
-0.593897
-0.742028
-0.732807
-0.574474
-0.490304
-0.534841
-0.296654
0.129001
0.329616
0.559072
0.656681
0.551224
0.420162
0.276936
0.0044145
-0.282136
-0.513848
-0.415453
-0.211798
-0.128217
-0.112423
-0.189039
-0.328439
-0.241228
-0.0640593
-0.0405153
-0.092214
-0.15333
-0.0503253
-0.0373761
-0.0738693
0.215624
0.509531
0.627742
0.640887
0.477158
0.414276
0.261829
0.118603
0.0920178
0.0082404
-0.143716
-0.145678
-0.12959
-0.161276
-0.238677
-0.29018
-0.145384
0.0081423
-0.0056898
-0.0350217
-0.106439
-0.271247
-0.409469
-0.448808
-0.257316
-0.154409
-0.301658
-0.23338
-0.0037278
-0.113207
-0.151172
0.188646
0.432327
0.470193
0.498937
0.632156
0.704358
0.637552
0.461757
0.376312
0.383865
0.0830907
-0.146169
-0.158824
-0.285079
-0.365128
-0.343546
-0.26899
-0.0281547
0.259769
0.310094
0.201301
-0.10948
-0.475589
-0.5731
-0.540433
-0.474313
-0.430855
-0.376508
-0.169026
0.0336483
-0.122625
-0.136163
-0.192472
-0.281056
-0.193944
0.0126549
0.0703377
0.234557
0.325986
0.384062
0.511788
0.661783
0.664628
0.479709
0.4079
0.39809
0.184624
-0.0319806
-0.184036
-0.236323
-0.199928
0.0419868
0.21376
0.186979
0.176678
0.237598
0.412609
0.481082
0.19826
-0.358556
-0.661685
-0.588208
-0.307642
-0.118112
-0.237304
-0.430757
-0.518655
-0.450966
-0.316274
-0.304208
-0.407704
-0.190314
0.204539
0.281841
0.290474
0.431738
0.398678
-0.0188352
-0.293025
-0.478237
-0.644811
-0.465288
-0.0585657
0.291651
0.530623
0.635394
0.578201
0.536607
0.312154
-0.176972
-0.331382
-0.133514
0.0604296
0.248095
0.392596
0.28861
0.19777
0.173735
0.0617049
-0.206697
-0.385631
-0.368562
-0.250253
-0.168438
-0.0566037
0.0396324
0.0345312
-0.036297
-0.206599
-0.361008
-0.404172
-0.52925
-0.632843
-0.466564
-0.130375
0.0700434
0.0831888
0.0447336
0.0302148
0.0767142
0.113894
0.220823
0.258297
0.339034
0.503155
0.525816
0.248487
0.0807363
-0.0574866
-0.222098
-0.309702
-0.365422
-0.126647
0.240541
0.350413
0.392596
0.407311
0.347764
0.421928
0.464307
0.394852
0.313528
0.267028
0.128805
-0.104869
-0.307053
-0.477453
-0.626957
-0.534841
-0.449592
-0.593211
-0.588698
-0.339328
-0.23956
-0.289003
-0.244858
-0.032373
0.194728
0.336091
0.286648
0.0593505
-0.132141
-0.152349
-0.0557208
-0.0251136
0.0424773
0.236421
0.321572
0.317746
0.31186
0.333049
0.377979
0.253588
0.169419
0.320395
0.556423
0.722605
0.505019
0.279389
0.33972
0.314509
0.106537
-0.233086
-0.311271
-0.364441
-0.455086
-0.521107
-0.399757
-0.289297
-0.346685
-0.429286
-0.468035
-0.417906
-0.439194
-0.423203
-0.200811
0.060822
-0.0606258
-0.305385
-0.422713
-0.389065
-0.244269
-0.11929
-0.0051993
0.220333
0.395539
0.621267
0.793433
0.719171
0.520813
0.40584
0.255354
0.0418887
-0.0960399
-0.162061
-0.11821
-0.0932931
-0.142539
-0.258493
-0.454595
-0.468427
-0.214152
0.0819135
0.277819
0.288806
0.191099
0.236323
0.332755
0.185801
-0.151761
-0.397894
-0.63402
-0.728
-0.610182
-0.432621
-0.043164
0.196887
0.212092
0.265262
0.434779
0.490598
0.480101
0.164612
-0.234557
-0.352473
-0.492854
-0.586932
-0.416925
0.0763218
0.25506
0.197181
0.220234
0.189235
0.109774
-0.0977076
-0.296949
-0.305876
-0.0242307
0.325692
0.485889
0.460579
0.428206
0.491873
0.507962
0.568097
0.442137
0.118309
-0.137536
-0.167064
-0.11409
-0.0095157
0.0674928
-0.10791
-0.28812
-0.475393
-0.527091
-0.578888
-0.574376
-0.526699
-0.362578
-0.147935
-0.144599
-0.203754
-0.231712
-0.279977
-0.210621
0.0106929
0.177855
0.205225
0.300873
0.435074
0.591739
0.688368
0.562702
0.25663
0.0631764
0.0850527
0.208659
0.286354
0.295673
0.255551
0.171381
-0.0341388
-0.191687
-0.116347
0.06867
0.0721035
-0.0164808
-0.0074556
-0.0344331
-0.110068
-0.230045
-0.265557
-0.232007
-0.210621
-0.254471
-0.382198
-0.433406
-0.374252
-0.24937
0.0150093
0.232693
0.338543
0.163925
-0.214152
-0.469114
-0.466858
-0.333736
0.0205029
0.171479
0.196004
0.34904
0.498839
0.631372
0.703867
0.605179
0.493051
0.48432
0.458618
0.387789
0.173735
0.0269775
-0.0753408
-0.150878
-0.150682
-0.0383571
-0.0962361
-0.321474
-0.36454
-0.146954
-0.0518949
-0.269579
-0.492462
-0.625878
-0.61646
-0.524344
-0.403289
-0.204539
-0.0969228
-0.0949608
-0.0879957
0.0238383
-0.0359046
-0.18227
-0.209247
-0.136751
-0.035316
0.0932931
0.256139
0.373074
0.373859
0.458029
0.519145
0.654327
0.615676
0.363657
0.215231
0.196887
0.0828945
-0.0125568
-0.144698
-0.234459
-0.254962
-0.248389
-0.11409
-0.0125568
-0.180112
-0.232399
-0.245741
-0.212092
-0.248585
-0.217193
-0.022563
0.0842679
0.145286
0.166181
0.160295
-0.0361989
-0.306366
-0.361891
-0.363853
-0.461364
-0.614596
-0.736535
-0.660507
-0.289199
0.182074
0.395049
0.479317
0.497956
0.517085
0.48844
0.37072
0.289787
0.371995
0.441058
0.456263
0.421634
0.363362
0.267421
0.216801
0.275072
0.227592
-0.0567999
-0.302344
-0.373074
-0.224453
-0.0214839
0.0081423
-0.0162846
-0.152447
-0.362283
-0.530132
-0.555442
-0.53543
-0.613812
-0.644419
-0.441842
-0.20189
-0.106439
-0.0987867
-0.0669042
0.0342369
0.187273
0.284098
0.271639
0.176482
0.0877995
0.120467
0.227592
0.347078
0.369935
0.245348
0.139792
-0.0103986
-0.261633
-0.476374
-0.483535
-0.106733
0.335306
0.358359
0.271737
0.213269
0.18021
0.246623
0.285471
0.212583
0.0450279
-0.0679833
-0.179915
-0.225041
-0.224257
-0.114483
-0.0574866
-0.0053955
0.0157941
-0.109185
-0.24113
-0.224355
-0.0743598
0.104476
0.136653
0.0653346
0.0376704
0.0328635
0.0593505
0.0836793
0.124979
0.21945
0.148131
-0.112521
-0.228965
-0.235538
-0.230633
-0.216507
-0.179131
-0.11821
-0.178248
-0.205225
-0.124979
-0.0697491
-0.0252117
0.0521892
0.0772047
-0.0822078
-0.36091
-0.370916
-0.18796
0.0262908
0.149897
0.239953
0.137144
-0.0371799
-0.0509139
0.073575
0.236225
0.211798
0.143618
0.206697
0.265557
0.255354
0.231222
0.15902
0.11566
0.111442
0.199045
0.210621
0.232105
0.226513
0.167751
0.10791
0.0777933
0.0110853
-0.0017658
-0.0903501
-0.231124
-0.323632
-0.263398
-0.165789
-0.064746
-0.1136
-0.274091
-0.335993
-0.297832
-0.312841
-0.298028
-0.264674
-0.30048
-0.251332
-0.0187371
0.213662
0.34384
0.314312
0.243877
0.199633
0.109872
-0.0217782
-0.0440469
-0.0327654
-0.0212877
0.0557208
0.0711225
0.0060822
-0.0742617
-0.0693567
-0.120173
-0.145482
-0.137438
0.0570942
0.204637
0.13783
0.14303
0.342173
0.332755
0.176678
0.0630783
-0.101141
-0.302638
-0.383375
-0.373957
-0.124881
0.198849
0.213956
0.152644
0.169909
0.134005
0.0553284
0.0301167
0.0630783
0.18796
0.351296
0.460089
0.52042
0.515319
0.395834
0.19571
0.0868185
0.0128511
0.0024525
0.0959418
0.122331
0.0106929
-0.206108
-0.363362
-0.494522
-0.525227
-0.482358
-0.484712
-0.482554
-0.52817
-0.594878
-0.556816
-0.321081
-0.014715
0.0738693
0.0602334
0.108204
0.0891729
-0.0037278
-0.0074556
0.140577
0.222883
0.122723
-0.0325692
0.0378666
0.259082
0.434485
0.487361
0.554069
0.632255
0.666589
0.586932
0.44302
0.326379
0.224747
0.204146
0.270658
0.218371
0.0367875
-0.0908406
-0.171577
-0.227592
-0.305189
-0.417612
-0.467545
-0.466367
-0.412314
-0.351296
-0.439292
-0.525129
-0.556816
-0.572414
-0.638435
-0.625191
-0.467152
-0.234067
-0.0473823
0.14352
0.255551
0.33766
0.375821
0.342467
0.339328
0.417906
0.522481
0.623425
0.66345
0.61185
0.44763
0.222883
0.197377
0.232889
0.0957456
-0.142735
-0.285177
-0.292927
-0.131944
-0.023544
0.0185409
-0.0278604
-0.15284
-0.218371
-0.123606
-0.015696
-0.122429
-0.205519
-0.219842
-0.226121
-0.300971
-0.441842
-0.614793
-0.682482
-0.425754
-0.170007
-0.0895653
-0.0557208
-0.082404
-0.0327654
0.0043164
0.071613
0.218371
0.301265
0.373761
0.507079
0.554755
0.558679
0.524835
0.459991
0.413982
0.268107
0.198456
0.134691
0.0619992
0.0881919
0.104869
0.0779895
0.0700434
0.0332559
-0.108204
-0.202969
-0.27311
-0.379058
-0.476374
-0.509237
-0.410843
-0.261633
-0.181387
-0.0762237
0.0079461
-0.0241326
-0.0295281
0.0209934
0.0189333
-0.0934893
-0.100651
0.0260946
0.118701
0.161865
0.174814
0.0281547
-0.173048
-0.279487
-0.227396
-0.115366
-0.0240345
0.0719073
0.144992
0.0909387
0.0583695
0.113502
0.168045
0.122821
0.082404
0.0378666
-0.0915273
-0.130571
-0.0322749
0.141853
0.207678
0.184526
0.0896634
-0.124587
-0.230927
-0.191589
-0.0886824
-0.0399267
-0.0065727
0.0477747
0.0526797
-0.0552303
-0.21582
-0.303325
-0.261927
-0.143716
0.0122625
0.0965304
0.129001
0.236323
0.384258
0.487851
0.478041
0.39191
0.167261
-0.004905
0.0308034
0.10634
0.128903
0.0385533
-0.0535626
-0.0693567
-0.173147
-0.343546
-0.382884
-0.269775
-0.129296
-0.0512082
0.0099081
0.0982962
0.147935
0.145286
0.0890748
0.023544
0.0846603
0.122134
0.117916
0.148229
0.116445
0.0332559
-0.0471861
-0.0923121
-0.170105
-0.211307
-0.266538
-0.215624
-0.108106
-0.0299205
0.0797553
0.120761
0.264281
0.330891
0.222295
-0.165985
-0.503057
-0.602628
-0.64334
-0.570353
-0.403485
-0.131454
0.180504
0.448611
0.612046
0.737025
0.693371
0.302933
-0.156568
-0.370033
-0.525522
-0.489813
-0.29273
-0.110951
0.0331578
0.130473
0.12547
0.156568
0.209149
0.105065
-0.0424773
-0.0746541
-0.0723978
0.0958437
0.254864
0.372878
0.38053
0.196396
-0.0715149
-0.226415
-0.349138
-0.320198
-0.099081
0.0406134
0.017658
0.0393381
0.224845
0.345312
0.211307
-0.0983943
-0.324515
-0.467839
-0.562996
-0.588404
-0.446944
-0.140479
0.264281
0.464504
0.472253
0.332068
0.150191
0.177169
0.253
0.183153
0.0791667
0.0710244
0.141068
0.0501291
-0.0875052
-0.18227
-0.183545
-0.114875
-0.0424773
0.0840717
0.0162846
-0.0904482
-0.0315882
0.172165
0.273307
0.0458127
-0.171184
-0.0230535
0.103692
0.0877995
0.0935874
0.0839736
0.017658
-0.0286452
-0.089271
-0.226905
-0.16471
-0.010791
0.0502272
-0.107714
-0.119192
-0.0919197
-0.116837
-0.0808344
-0.1084
-0.0516006
0.0970209
0.264968
0.3769
0.344135
0.387691
0.356397
-0.0308034
-0.460481
-0.547889
-0.523756
-0.466662
-0.353945
-0.0472842
0.268107
0.224159
0.0190314
-0.0905463
-0.101043
0.0233478
0.221314
0.310094
0.324122
0.19414
0.0949608
0.0397305
-0.04905
-0.140479
-0.214937
-0.172656
-0.187567
-0.251136
-0.211405
-0.251332
-0.238089
-0.0027468
0.246133
0.282136
0.208364
0.13371
0.0773028
-0.0081423
-0.144992
-0.122036
-0.0839736
-0.158726
-0.268205
-0.254766
-0.0707301
-0.0654327
-0.198947
-0.249959
-0.16108
-0.157352
-0.10222
0.126353
0.309505
0.292632
0.0960399
-0.0268794
-0.174226
-0.218469
0.0403191
0.315784
0.389261
0.288905
0.147444
0.210621
0.339328
0.359635
0.340799
0.120957
-0.104378
-0.142245
-0.0574866
0.256335
0.436349
0.422026
0.241228
-0.0860337
-0.244171
-0.181387
-0.182956
-0.280566
-0.332068
-0.362087
-0.301658
-0.182074
-0.152742
-0.222883
-0.25869
-0.241326
-0.072594
0.134691
0.235832
0.211896
0.180504
0.230633
0.206402
0.165102
0.128805
0.073575
-0.0386514
-0.132141
-0.128805
-0.0790686
0.0630783
0.194925
0.152251
0.0905463
-0.0063765
-0.0673947
-0.0212877
0.194238
0.351002
0.344429
0.3253
0.333638
0.357378
0.36297
0.252313
0.0897615
-0.0219744
-0.156764
-0.303816
-0.492266
-0.607828
-0.613125
-0.477747
-0.305483
-0.203459
-0.095157
-0.099081
-0.0986886
-0.0534645
-0.130669
-0.25918
-0.1652
0.139989
0.261437
0.224649
0.0960399
-0.0230535
-0.114286
-0.206697
-0.23593
-0.0628821
0.0521892
0.056898
0.0982962
0.187175
0.279193
0.366305
0.485987
0.507864
0.374742
0.292044
0.41977
0.549949
0.641476
0.658447
0.416533
0.0907425
-0.19669
-0.413884
-0.464209
-0.362185
-0.176874
0.0561132
0.226709
0.235832
0.0153036
-0.325005
-0.489813
-0.472646
-0.42026
-0.474117
-0.488048
-0.358359
-0.218567
-0.15902
-0.205814
-0.250842
-0.245642
-0.138223
0.0664137
0.230633
0.284294
0.279781
0.205421
0.227102
0.488832
0.708282
0.58242
0.162552
-0.186586
-0.170694
-0.0512082
-0.0638631
-0.274582
-0.427618
-0.50394
-0.397894
-0.129884
-0.071613
-0.024525
0.15284
0.223374
0.10634
-0.206304
-0.419966
-0.398286
-0.333344
-0.243877
0.0586638
0.127922
-0.0456165
-0.0080442
0.120957
-0.0160884
-0.15284
-0.0316863
0.364245
0.504626
0.621365
0.585363
0.555835
0.515123
0.31961
0.122821
-0.153723
-0.370327
-0.492854
-0.528465
-0.436937
-0.339328
-0.186979
0.0287433
0.141362
0.213269
0.27262
0.299401
0.240443
0.125862
-0.0111834
-0.162552
-0.245839
-0.388476
-0.501193
-0.500899
-0.519832
-0.598018
-0.456165
0.0546417
0.359536
0.433602
0.4802
0.536116
0.590954
0.549654
0.46264
0.299794
0.0976095
0.0511101
0.0933912
0.137929
0.227003
0.35679
0.439488
0.2685
-0.16834
-0.442333
-0.556816
-0.669434
-0.641476
-0.51375
-0.397599
-0.336091
-0.247212
-0.015696
0.193551
0.132631
-0.024525
-0.149995
-0.246918
-0.316765
-0.400542
-0.380236
-0.175697
-0.0780876
-0.0970209
0.104182
0.256433
0.228573
0.0404172
-0.179523
-0.162061
-0.081423
-0.0082404
0.17089
0.355122
0.520715
0.614989
0.444295
0.0267813
-0.103005
0.0086328
0.259474
0.473136
0.454988
0.324809
0.0877014
-0.0827964
-0.144894
-0.221608
-0.209444
0.0375723
0.200909
0.115071
-0.164318
-0.378764
-0.413688
-0.346293
-0.287531
-0.293221
-0.296164
-0.222098
-0.0146169
0.262712
0.449102
0.464405
0.333049
0.0935874
-0.193747
-0.328831
-0.291161
-0.308721
-0.293515
-0.186488
-0.0513063
0.194042
0.318335
0.271148
0.205029
0.104771
-0.0728883
-0.154802
-0.210326
-0.194925
-0.180798
-0.192472
-0.195317
-0.154017
-0.0787743
-0.0509139
-0.031392
-0.0312939
0.0440469
0.175599
0.252215
0.241032
0.193453
0.192472
0.249959
0.329812
0.314214
0.0385533
-0.176286
-0.0440469
0.0943722
0.0665118
0.0306072
0.0327654
0.054936
0.13685
0.203263
0.112521
-0.0103005
-0.103986
-0.21219
-0.249174
-0.2685
-0.354926
-0.333148
-0.121055
0.0507177
0.0228573
0.057879
0.0875052
0.0300186
-0.0958437
-0.180995
-0.262123
-0.378077
-0.335796
0.0464994
0.470193
0.621954
0.584186
0.438801
0.408587
0.41771
0.407507
0.340309
0.170694
-0.0803439
-0.16883
-0.0630783
0.0566037
0.110657
0.0606258
-0.1136
-0.287923
-0.412707
-0.516791
-0.624603
-0.534449
-0.249174
-0.158824
-0.273209
-0.413197
-0.426637
-0.341682
-0.346293
-0.298813
-0.103986
0.0532683
0.0555246
0.139989
0.215624
0.171969
0.169615
0.235244
0.347961
0.420064
0.337856
0.116249
-0.0682776
-0.0693567
0.0615087
0.317844
0.479905
0.526208
0.395735
0.198554
0.0734769
-0.0929007
-0.1652
-0.193551
-0.224159
-0.347274
-0.414865
-0.420359
-0.121644
0.347961
0.489715
0.291455
-0.135967
-0.387789
-0.355318
-0.169909
-0.138615
-0.179523
-0.136065
-0.061803
0.011772
0.0211896
-0.0018639
-0.044145
-0.122331
-0.185409
-0.213269
-0.391223
-0.452339
-0.24937
0.022563
0.0314901
0.0092214
0.111343
0.245839
0.351983
0.357084
0.333148
0.26124
0.184624
0.19051
0.324711
0.424086
0.460874
0.452339
0.27625
0.0082404
-0.100847
-0.0870147
-0.100749
-0.0557208
0.0308034
0.027468
-0.0694548
-0.248978
-0.336385
-0.39397
-0.509335
-0.581242
-0.487361
-0.338151
-0.179033
-0.0162846
0.0308034
0.0619992
0.0632745
0.093195
0.0642555
0.0359046
0.0468918
0.168732
0.319217
0.426931
0.433111
0.354141
0.326967
0.274386
0.133808
0.103201
0.179327
0.249665
0.273503
0.21994
0.166966
0.0591543
-0.14097
-0.319217
-0.389359
-0.416827
-0.436839
-0.423007
-0.214447
0.113109
0.211209
0.0855432
-0.157941
-0.247506
-0.148131
0.0258003
0.122036
0.164612
0.204637
0.165691
0.0925083
0.172264
0.17658
0.0801477
0.0093195
0.0154017
0.0253098
0.0883881
0.160001
0.135476
0.0740655
-0.0556227
-0.170007
-0.191884
-0.0771066
0.0469899
0.0069651
-0.10585
-0.168536
-0.199633
-0.225336
-0.187077
-0.182564
-0.189333
-0.146463
-0.170596
-0.298028
-0.328046
-0.220529
-0.0815211
-0.0223668
-0.0945684
-0.117131
0.0507177
0.174912
0.234753
0.224355
0.0752427
-0.0211896
0.108695
0.131258
-0.0097119
0.0115758
0.137242
0.277329
0.327163
0.26536
0.203852
0.118897
0.10742
0.198162
0.229554
0.217782
0.110559
-0.0020601
0.0356103
0.106537
0.0688662
-0.055917
-0.144599
-0.21533
-0.258003
-0.335208
-0.434877
-0.467937
-0.441548
-0.306268
-0.149112
-0.229162
-0.378372
-0.427618
-0.17089
0.134593
0.261142
0.305189
0.14352
-0.0759294
-0.229358
-0.258395
-0.226807
-0.136948
0.0679833
0.267028
0.387397
0.411824
0.38308
0.374938
0.358359
0.317157
0.290768
0.261633
0.268009
0.311173
0.39446
0.457833
0.397697
0.201301
0.0271737
-0.0798534
-0.116739
-0.102416
-0.096138
-0.0214839
0.0208953
0.0059841
-0.0630783
-0.235146
-0.351787
-0.286844
-0.211405
-0.238579
-0.320689
-0.416827
-0.49874
-0.530917
-0.543278
-0.556521
-0.436937
-0.235832
-0.140185
-0.126647
-0.134201
-0.0889767
0.0309015
0.184036
0.320787
0.389359
0.39652
0.402799
0.472155
0.596056
0.613714
0.463032
0.17452
0.045126
0.0045126
-0.0104967
0.044145
0.174226
0.310486
0.367679
0.422419
0.45538
0.37072
0.159413
0.0028449
-0.0171675
-0.127922
-0.226709
-0.281939
-0.304012
-0.320689
-0.364245
-0.421928
-0.47088
-0.511886
-0.526012
-0.482063
-0.277525
-0.010791
0.0981981
0.0893691
-0.0249174
-0.130571
-0.132926
-0.0035316
0.146856
0.252509
0.271345
0.197377
0.0376704
-0.118014
-0.182564
-0.183643
-0.142637
-0.102809
0.0232497
0.190608
0.354926
0.471567
0.48893
0.438703
0.257512
0.103103
0.0326673
-0.0179523
-0.0468918
-0.0602334
0.0689643
0.127039
0.0251136
-0.105948
-0.171773
-0.180112
-0.223079
-0.207482
-0.0778914
0.172362
0.281547
0.248291
0.161375
0.0076518
-0.134005
-0.157058
-0.0389457
0.134593
0.266145
0.336581
0.25712
0.125078
-0.0309015
-0.112324
-0.0715149
-0.0798534
-0.122527
-0.0841698
-0.0083385
-0.0021582
-0.132141
-0.327752
-0.426539
-0.477747
-0.509237
-0.422124
-0.157647
0.0962361
0.142932
0.048069
-0.0992772
-0.133024
-0.122527
-0.127628
-0.0689643
0.0662175
0.198554
0.313528
0.450868
0.546711
0.52925
0.335894
0.160492
0.0276642
-0.0760275
-0.0822078
-0.0259965
0.0926064
0.245839
0.240639
0.0561132
-0.162356
-0.317452
-0.380726
-0.353258
-0.327752
-0.281351
-0.104967
0.056898
0.162454
0.169811
0.0287433
-0.0749484
-0.0351198
0.0174618
-0.0051993
-0.115758
-0.221902
-0.216507
-0.0756351
0.116837
0.130964
0.0361989
-0.0328635
-0.0574866
0.0015696
0.157941
0.248684
0.268402
0.271639
0.236519
0.130865
0.0640593
0.0728883
0.065727
0.0601353
0.142441
0.229162
0.174127
-0.0411039
-0.243779
-0.322062
-0.39083
-0.450377
-0.379745
-0.156666
0.0565056
0.183839
0.304797
0.296949
0.14509
-0.0272718
-0.0827964
-0.053955
-0.0273699
-0.0191295
0.0851508
0.296066
0.356201
0.257611
0.13322
0.0154017
-0.0880938
-0.17609
-0.135574
-0.0350217
0.0615087
0.132729
0.129786
0.0267813
-0.156764
-0.33354
-0.466465
-0.47294
-0.401818
-0.39191
-0.352081
-0.226611
-0.0889767
-0.0216801
0.0701415
0.135869
0.135378
0.0522873
-0.0673947
-0.158824
-0.165102
-0.156077
-0.0413982
0.168438
0.273797
0.240247
0.232693
0.299597
0.365717
0.388182
0.202282
0.041202
0.105654
0.0973152
0.0759294
0.0332559
-0.0073575
-0.0122625
0.0130473
-0.0457146
-0.121252
-0.158922
-0.161375
-0.0763218
0.0394362
0.0771066
0.004905
-0.0584676
-0.125666
-0.233086
-0.320198
-0.413688
-0.413688
-0.326673
-0.182858
-0.0336483
0.0155979
0.0619992
0.131062
0.205814
0.238972
0.181485
0.177953
0.216507
0.262614
0.292142
0.322847
0.335502
0.311664
0.27105
0.246329
0.237402
0.209345
0.102514
-0.0737712
-0.159413
-0.0679833
0.121252
0.177365
0.0993753
0.033354
-0.0997677
-0.237696
-0.297145
-0.392792
-0.440567
-0.430855
-0.378077
-0.313724
-0.273699
-0.255354
-0.274778
-0.28655
-0.235244
-0.130964
-0.0066708
0.0989829
0.135672
0.0972171
0.0587619
0.0456165
0.028449
0.0419868
0.0405153
0.030411
0.0994734
0.170105
0.240051
0.290572
0.317746
0.320885
0.297832
0.198456
0.181779
0.271835
0.285569
0.201596
0.0416925
-0.136555
-0.254962
-0.289984
-0.229358
-0.129983
-0.103594
-0.0998658
-0.0808344
-0.130179
-0.200124
-0.258493
-0.319806
-0.301167
-0.273307
-0.251921
-0.159511
-0.0464013
-0.033354
-0.0613125
-0.0876033
-0.0666099
-0.0148131
0.0467937
0.0526797
0.0175599
0.0605277
0.155587
0.212975
0.19051
0.0573885
-0.0898596
-0.0927045
0.0457146
0.2272
0.373172
0.435368
0.445864
0.349825
0.08829
-0.124489
-0.225826
-0.280272
-0.297635
-0.280566
-0.246918
-0.110853
0.0318825
-0.0034335
-0.128217
-0.220136
-0.151957
-0.0417906
0.0286452
0.0484614
0.0628821
0.0506196
0.0377685
0.092214
0.110559
0.0303129
-0.0606258
0.0053955
0.10585
0.0720054
-0.0002943
0.0096138
0.0630783
0.109283
0.13685
0.146071
0.127236
0.167653
0.192963
0.119388
0.0582714
0.0061803
-0.021582
-0.020601
-0.0195219
-0.0292338
0.0022563
0.0678852
0.0827964
-0.0397305
-0.16883
-0.203459
-0.162748
-0.121742
-0.0335502
0.0547398
0.0207972
0.0074556
-0.0051012
-0.057879
-0.0844641
-0.096138
-0.0391419
0.0252117
0.0440469
0.0769104
-0.0006867
-0.107321
-0.0936855
-0.0348255
0.0059841
0.102514
0.115954
0.0478728
-0.0084366
-0.0128511
0.0709263
0.0646479
-0.0018639
-0.0810306
-0.132043
-0.124489
-0.130767
-0.176972
-0.202086
-0.149995
-0.081423
-0.0600372
-0.0301167
0.0083385
0.0434583
0.0315882
0.0300186
0.0496386
0.0287433
0.0084366
0.0024525
0.0213858
0.0545436
0.0836793
0.0643536
0.0017658
-0.0061803
0.0269775
0.0252117
-0.0094176
0.0946665
0.164023
0.205519
0.180995
0.107518
-0.0075537
-0.104084
-0.147739
-0.1652
-0.106537
-0.03924
-0.070632
-0.11409
-0.122625
-0.0997677
-0.056898
0.0356103
0.0858375
0.0986886
0.121252
0.0656289
-0.0008829
0.0495405
0.136261
0.180995
0.203165
0.273503
0.3201
0.234557
0.103888
0.0899577
0.0641574
-0.0214839
-0.103397
-0.0940779
-0.0671004
-0.007848
0.0674928
0.0673947
0.0318825
-0.0785781
-0.167653
-0.240247
-0.2117
-0.0229554
0.169517
0.190706
0.0995715
-0.0656289
-0.185998
-0.171577
-0.104084
-0.146856
-0.219352
-0.207678
-0.0841698
0.0128511
0.0462051
0.130179
0.107027
0.0388476
-0.0012753
-0.0070632
0.012753
0.0460089
0.15745
0.29224
0.27674
0.0590562
-0.125862
-0.167751
-0.116543
-0.0981981
-0.0885843
-0.0672966
0.0153036
-0.0023544
-0.0907425
-0.121938
-0.0782838
-0.06867
-0.0600372
-0.0026487
0.0885843
0.205421
0.25506
0.217978
0.128903
0.0254079
-0.0276642
-0.0749484
-0.0683757
-0.038259
0.0567999
0.122429
0.0795591
-0.0476766
-0.213564
-0.334521
-0.364932
-0.374644
-0.352375
-0.332461
-0.327556
-0.248487
-0.0852489
0.0417906
0.0828945
0.142735
0.200418
0.197181
0.135574
0.166868
0.280272
0.308917
0.162257
0.0247212
0.120859
0.187567
0.216997
0.213171
0.144403
0.0547398
0.0358065
0.118701
0.132239
0.169026
0.198162
0.118112
-0.0436545
-0.173637
-0.191197
-0.183349
-0.230045
-0.260652
-0.198064
-0.115366
-0.0984924
-0.126647
-0.126451
-0.0913311
-0.0798534
-0.0977076
-0.107027
-0.130473
-0.13783
-0.0957456
-0.0016677
0.0367875
0.0639612
0.10016
0.115856
0.0635688
0.0406134
0.0908406
0.200516
0.273699
0.327654
0.318335
0.173539
0.043164
0.0256041
-0.0081423
-0.0505215
-0.0337464
-0.0094176
0.0342369
0.0891729
0.0561132
-0.0477747
-0.106242
-0.139694
-0.133024
-0.140185
-0.148425
-0.0713187
0.110068
0.12753
-0.0414963
-0.224257
-0.258297
-0.203263
-0.146365
-0.0543474
0.0146169
-0.0792648
-0.151564
-0.1084
0.0607239
0.127726
0.103299
0.0740655
0.0933912
0.144305
0.202184
0.28243
0.31804
0.263987
0.172264
0.0723978
-0.046107
-0.0597429
0.0557208
0.0913311
0.0348255
-0.0135378
-0.0083385
0.0184428
0.0389457
0.0437526
-0.0635688
-0.179033
-0.170302
-0.154115
-0.100749
0.0155979
0.0842679
0.0028449
-0.083385
-0.166181
-0.199045
-0.149406
-0.133122
-0.197573
-0.203263
-0.0876033
0.124293
0.228867
0.246525
0.205127
0.139792
0.108891
0.157549
0.185115
0.152644
0.186782
0.246722
0.211798
0.119682
0.0391419
-0.0082404
-0.0830907
-0.131748
-0.114188
-0.0933912
-0.0778914
-0.0646479
-0.101632
-0.116052
-0.111049
-0.135476
-0.192374
-0.281841
-0.337366
-0.301069
-0.239756
-0.201792
-0.134397
-0.016677
0.109872
0.192865
0.286844
0.392106
0.455184
0.481769
0.477551
0.473136
0.411137
0.263791
0.0962361
-0.0468918
-0.150093
-0.190804
-0.179719
-0.210032
-0.265164
-0.205225
-0.0085347
0.140283
0.103594
0.0159903
-0.0799515
-0.155292
-0.20395
-0.291847
-0.361106
-0.407409
-0.370426
-0.229358
-0.105163
-0.0681795
-0.0314901
0.0055917
0.0327654
0.0446355
0.0506196
0.090252
0.155292
0.22926
0.270167
0.238873
0.162061
0.112521
0.146758
0.207482
0.199339
0.134397
0.123214
0.159511
0.177267
0.173931
0.140381
0.0844641
0.0327654
-0.0122625
-0.0354141
-0.110166
-0.182466
-0.214741
-0.177953
-0.175697
-0.230535
-0.26536
-0.275563
-0.215428
-0.133416
-0.0823059
-0.0373761
-0.105654
-0.212387
-0.246231
-0.229554
-0.18433
-0.0648441
0.0365913
0.0512082
0.080442
0.0851508
0.0557208
0.0193257
0.0527778
0.155489
0.23387
0.269971
0.304306
0.388574
0.434191
0.379745
0.235636
9.81e-05
-0.175501
-0.243582
-0.254177
-0.220921
-0.173147
-0.138223
-0.0570942
-0.0629802
-0.158432
-0.231712
-0.296654
-0.306661
-0.221117
-0.0736731
-0.0092214
0.0446355
0.10742
0.135672
0.0940779
0.0036297
-0.0692586
-0.139008
-0.143324
-0.0426735
0.0688662
0.112619
0.118014
0.128413
0.104673
0.0921159
0.0851508
0.104869
0.12135
0.114679
0.121644
0.12135
0.135967
0.102514
0.000981
-0.0866223
-0.0886824
-0.0692586
-0.0438507
0.0123606
0.0017658
-0.074556
-0.143324
-0.149995
-0.13734
-0.116249
-0.0302148
0.0486576
0.0868185
0.0860337
0.0190314
-0.0287433
-0.0443412
-0.087309
-0.151564
-0.132729
-0.065727
0.0081423
0.0458127
0.0540531
-0.0012753
-0.0648441
-0.0623916
0.0101043
0.0609201
0.0577809