0.0173637
0.0028449
-0.0096138
-0.0021582
0.0043164
-0.0066708
-0.0165
0.001962
0.0072594
-0.0195219
0.00343
-0.00422
0.0244
-0.016
-0.0115758
0.0288
0.0181
-0.0138321
-0.0337
-0.0185409
0.0080442
-0.00863
-0.0003924
0.0115
0.0108
-0.0184428
0.0071613
0.0187
0.0226611
0.0016677
-0.0114777
-0.0172656
0.0011772
0.0153036
0.0067689
-0.0165789
0.000883
0.0266832
0.00461
-0.0256041
-0.0183447
-0.0521
-0.0128511
0.0505215
-0.0046107
-0.0152055
-0.0184428
-0.005886
0.0031392
0.0057879
0.0103986
0.0251136
-0.0253098
-0.0018639
0.0263889
-0.0395
-0.012753
-0.01962
-0.0248
-0.0102024
-0.0368856
0.0093195
0.0577809
0.0110853
-0.0523854
-0.0089271
0.0368856
0.0553284
-0.0028449
-0.0587619
0.0038259
0.077499
0.0286452
-0.015696
-0.043164
0.0159903
0.0052974
-0.0026487
0.0134397
-0.0197181
-0.0314
-0.0065727
-0.0121644
0.0201105
0.0375
-0.0102024
0.0020601
0.0413982
-0.0173637
-0.0389457
-0.052974
0.0322749
0.0459108
-0.0075537
-0.0210915
-0.0380628
-0.0346
0.0139302
0.00971
-0.0116739
0.0257022
0.003924
-0.0181485
0.0208953
0.0217782
0.0038259
0.033354
0.0299205
0.0202
-0.00481
0.003924
0.0213858
0.0342369
0.0362
-0.0560151
-0.0533664
-0.0092214
-0.0110853
-0.0459108
-0.0162846
-0.035
-0.00137
0.0514044
0.0080442
-0.0296262
0.00275
0.00118
0.0482
0.035
-0.0698
-0.0518
0.0536
0.037278
-0.038
-0.0151
0.0297
0.0368
0.0512
0.0139
-0.0852
-0.0528
0.011
0.0254
0.0275661
-0.0213
-0.0449
0.00903
0.0507
-0.0144
0.00853
0.0144
0.0171
0.0215
-0.0232
-0.0320787
0.0278604
0.0496
0.0291357
0.0190314
0.00294
-0.0201
0.0172
0.0455
0.0195219
-0.0269
-0.0613
-0.0139302
-0.0369837
-0.0943722
-0.0405
0.0268
0.0299
0.0457
-0.0515025
-0.0237402
0.0786762
0.129
0.00353
-0.0631764
-0.0637
0.0536607
0.0112815
0.0154017
0.00157
-0.0457
-0.023
0.00677
0.0135
0.0644517
-0.0129
-0.0122
0.079
-0.0177
-0.0173
0.0202
-0.0679833
-0.0336
0.0181
0.0184428
0.0327654
0.00687
-0.0236
-0.0125568
-0.0514044
-0.0446
-0.0414
-0.0652
0.0203067
0.052974
0.0165789
-0.0164808
0.032373
0.0959
0.032
-0.064
-0.0728
-0.0701
-0.0215
0.0718
0.0213858
-0.054936
-0.0436545
-0.0292338
0.0515
0.00628
-0.0887805
-0.0688
-0.0309015
0.0555
0.0391419
-0.0252117
0.0189333
0.0406
-0.0869
-0.110461
-0.0356103
0.0556227
0.0336
0.0116739
0.0995715
0.0925083
0.0118701
0.0216801
-0.089271
-0.0989829
-0.0636669
-0.0647
-0.0129
0.0254079
0.0445374
0.0481671
0.038
0.111147
0.0933
-0.054
-0.191589
-0.175
-0.0349236
0.0138321
0.0252
0.0298224
-0.0204048
0.0256041
0.192
0.210719
0.113
-0.0052974
-0.189333
-0.263006
-0.171773
-0.0384
0.0681
0.101
0.13783
0.1
0.0978057
-0.0221706
-0.163533
-0.0711225
-0.0299
-0.065727
0.0478
0.155
0.187
0.10016
0.0335
0.192
0.36297
0.344
0.249
-0.0306072
-0.327948
-0.349825
-0.317
-0.275857
-0.254766
-0.178
-0.0309
0.0654327
0.112128
-0.0145
-0.17089
-0.147248
-0.0796572
0.0094176
0.0612144
0.12596
0.258297
0.35365
0.300088
0.0694
-0.242
-0.329518
-0.239658
-0.0158
0.066708
0.0610182
0.028449
-0.0146
0.0524
0.346
0.515712
0.354
0.032373
-0.151859
-0.213
-0.147542
-0.0810306
0.168
0.37
0.148621
-0.204
-0.452
-0.645
-0.745266
-0.423
0.164612
0.253
0.114
-0.00441
-0.206697
0.15078
0.612831
0.631862
0.576
0.260946
-0.52
-0.93
-0.882311
-0.55093
0.0646479
0.615283
0.526
0.238873
0.253098
0.594682
0.591
-0.107
-0.59998
-0.16059
-0.0273699
-0.346882
-0.430855
-0.246
-0.301265
-0.5163
-0.736
-0.604885
0.366011
1.30905
1.41264
1.15817
0.728883
0.33511
-0.210817
0.0276642
0.42801
0.38671
-0.517
-1.92315
-2.00977
-1.01465
0.361695
1.22733
0.982668
-0.0611163
-0.74762
-0.316
0.129198
0.657074
0.906
0.330695
-0.774794
-1.11265
-0.581242
0.238
0.685523
0.463817
0.616657
0.720054
-0.230045
-1.55616
-1.2751
0.380922
1.15464
0.228279
-0.731
-0.354141
0.384846
0.463621
-0.012
-0.10634
0.117
-0.106046
-0.109382
0.0839
0.282
-0.0149112
0.278996
0.572119
0.272
-0.0936855
-0.0522873
-0.164808
-0.10173
-0.0428
-0.518459
-0.840128
-0.40015
0.0258003
0.070632
0.588
0.62421
-0.211798
-0.248782
0.357378
0.684738
0.338347
-0.169124
-0.396716
-0.494424
-0.284882
0.58
1.19545
0.919687
-0.148818
-1.2031
-1.16386
-0.0879957
0.431836
0.15696
-0.140675
-0.163827
-0.246035
-0.0841698
0.806
1.39204
0.879
-0.361
-0.700532
-0.266
-0.148
-0.534645
-1.34426
-1.76835
-1.21634
-0.0486576
0.645
0.770575
0.816879
0.589483
0.453713
0.743304
0.836
0.400935
-0.662666
-1.36016
-1.19829
-0.211
0.833261
0.720643
-0.210032
-0.307544
0.458814
0.768613
0.75174
0.64952
0.228769
-0.411529
-0.500702
-0.53131
-0.5008
-0.318825
0.154213
0.86534
1.11785
0.707497
0.205519
-0.186782
-0.6609
-1.28982
-1.46395
-1.2597
-1.26255
-0.693371
0.878191
1.73274
1.52997
1.02995
0.639416
0.195906
-0.546907
-0.932931
-0.679048
-0.344233
0.0227592
0.278898
0.159511
-0.228181
-0.120565
0.181779
-0.0280566
-0.0310977
0.410156
1.15297
1.20565
0.343056
-0.376213
-0.78
-1.18485
-0.355024
1.39655
1.40538
0.339622
-0.525914
-1.17455
-1.01573
-0.666295
-0.729864
-0.649226
-0.553873
-0.660115
-0.146758
0.913605
1.27373
0.807363
0.0992772
-0.377293
-0.385925
-0.315391
-0.250253
0.0254079
-0.0348255
0.144796
0.513161
0.625584
0.148621
-0.0631764
0.214152
0.237402
-0.790097
-1.09342
-0.555442
-0.341388
-0.267323
-0.373663
-0.423792
0.215035
0.673849
0.707792
0.413
-0.0371799
-0.632255
-0.776167
-0.364343
-0.0586638
-0.177169
-0.0965304
0.521009
1.21291
1.0118
-0.059841
-0.790196
-0.59478
-0.169615
-0.183839
-0.182956
-0.0193257
0.301756
0.469114
-0.204146
-1.18642
-1.19201
0.145973
0.818546
0.528759
0.480298
0.120761
0.371014
0.948431
0.836204
0.239168
-0.31343
-0.870834
-1.17985
-0.50443
0.709655
0.951374
0.130179
-0.459893
-0.0753408
0.123116
0.29224
0.222785
0.141656
0.0426735
-0.0753408
-0.156862
0.144992
0.600666
0.650109
0.619207
0.261731
-0.249665
-0.293711
-0.0942741
-0.10791
-0.438115
-0.540727
-0.532389
-0.142637
0.165102
0.430757
0.615872
0.726529
0.444001
-0.211209
-0.373663
-0.109774
0.0383571
-0.298911
-0.492756
0.132827
0.501095
0.281645
-0.025506
-0.189529
-0.475098
-0.747914
-0.607043
-0.347764
-0.012753
0.133318
0.0811287
0.129786
0.806088
1.19123
0.535822
-0.797259
-1.6159
-1.57921
-0.608122
0.609103
0.908995
0.428893
-0.555148
-0.99444
-0.185703
1.12903
1.45737
0.560347
-0.58085
-0.926849
-1.03839
-0.659036
0.491285
1.08714
1.00876
0.69033
0.158628
-0.346587
-0.579182
-0.765376
-0.682972
-0.201988
0.227788
0.0448317
-0.0276642
0.0952551
0.539942
0.754487
0.453124
-0.140773
-0.405153
-0.618913
-0.771949
-0.324319
0.43939
1.11157
1.20938
0.892906
0.732513
0.712598
0.801379
0.389555
-0.28292
-0.584
-0.546417
-0.924004
-1.08763
-1.09097
-1.22959
-0.951178
-0.331578
0.11615
0.413786
0.684738
0.639808
0.335012
0.332657
0.201203
0.193061
0.432229
0.463326
0.172754
-0.309996
-0.480886
-0.31755
0.0437526
0.109872
0.197083
0.271247
0.218567
0.163435
-0.0217782
-0.35365
-0.429286
-0.398973
-0.357378
-0.0423792
0.526405
0.802458
0.108989
-0.337464
-0.149406
0.0750465
-0.0607239
-0.227788
-0.396913
-0.243092
-0.0209934
0.126255
0.369641
0.447532
0.33148
0.584186
0.613517
0.341192
0.0492462
-0.253981
-0.566527
-0.803243
-0.673555
-0.27831
-0.476079
-0.899185
-0.726823
0.0921159
0.798436
0.905757
0.776265
0.366011
0.0551322
-0.161865
-0.197671
-0.169222
-0.236029
-0.228279
0.0987867
0.0631764
-0.0746541
0.178444
0.577417
0.789803
0.249861
-0.467152
-0.455282
0.10379
0.257414
0.269775
0.396226
0.5576
0.193355
-0.0191295
-0.171969
-0.147542
0.116837
0.214447
0.177953
0.0130473
-0.453909
-0.32942
-0.310683
-0.487165
-0.379255
-0.362381
-0.301363
0.184428
0.296164
0.246133
0.0934893
-0.0563094
-0.138223
-0.352964
-0.493934
-0.218861
-0.027468
-0.0720054
-0.0097119
-0.142441
-0.264968
-0.135672
0.0301167
0.34747
0.123606
-0.0092214
0.252902
0.446453
0.54573
0.542983
0.348745
-0.0077499
-0.376017
-0.467741
-0.486576
-0.288708
-0.22769
-0.178346
-0.311173
-0.114286
0.212583
0.420751
0.492854
0.573787
0.562211
0.413099
0.110363
-0.170007
-0.210915
-0.611555
-0.558189
-0.464994
-0.516104
-0.213564
0.0711225
0.0395343
0.073575
0.269481
0.573885
0.805597
0.619403
0.380432
0.403976
0.403289
0.110951
-0.245348
-0.575749
-0.583891
-0.293908
-0.365913
-0.0812268
0.547987
0.708282
0.565841
0.145777
-0.100749
0.106537
0.0702396
0.33511
0.612536
0.21425
-0.182172
0.0571923
-0.309996
-0.595565
-0.657859
-0.794021
-0.549262
-0.0982962
0.270462
0.577907
0.60979
0.300971
-0.427029
-0.557404
-0.06867
0.524737
0.534645
0.671789
0.803047
0.840619
0.802654
0.435368
0.30617
0.0641574
-0.272816
-0.882606
-1.27402
-1.25931
-0.695039
-0.505804
-1.02201
-0.97119
0.220234
1.21281
1.34554
1.16376
0.748012
0.419672
0.497171
0.847976
0.542199
-0.586344
-2.00605
-2.46878
-1.75305
-0.448415
0.360616
0.739772
0.55711
-0.727608
-0.69288
1.78414
2.68882
1.73951
0.580556
0.155292
-0.943624
-1.37566
-0.758705
-0.201301
-0.744285
-1.58628
-1.63248
-0.707007
0.335502
1.2235
2.35371
1.80582
-0.78843
-1.7245
-1.16857
0.225532
1.15503
-0.218273
-0.606552
0.0115758
0.500997
1.49367
1.63807
-1.2854
-2.06118
-0.704456
-0.418887
-1.78483
-2.56944
-2.15104
-0.136948
0.752525
0.845426
1.64798
1.75579
1.29973
0.345116
0.418397
1.27324
1.41961
0.362283
-1.8538
-3.18982
-1.91786
-0.292436
0.774205
1.22046
0.0359046
-1.12442
0.417121
0.74919
-1.46355
-2.09669
-1.41617
-0.352277
0.271345
0.671887
1.34152
2.09689
2.69422
2.65606
1.29992
0.127922
0.182564
0.0630783
-0.735652
-1.25646
0.361008
1.00562
-0.0511101
-1.10637
-1.60904
-1.97927
-1.53007
-1.10255
-0.526503
0.496975
1.46355
2.39344
2.95104
2.63605
0.501193
-0.635492
-1.69968
-2.72522
-3.05709
-2.881
-1.44325
-0.471665
-0.390732
-0.482554
0.0513063
0.545926
2.6231
3.94107
3.25025
3.68356
1.7501
-0.945782
-2.18675
-1.34466
0.376508
-0.309407
-1.03594
-1.09637
-1.62032
-2.17566
-2.62143
-2.56865
0.139204
2.60858
2.00654
1.30022
0.245152
-0.641182
-0.536901
-0.363559
-0.73212
-1.38861
-1.78071
-1.7966
-1.15993
0.521107
1.65524
1.71665
1.2545
-0.0069651
-1.35555
-0.742127
0.289003
1.27452
1.32151
1.4509
2.45682
3.91978
3.31951
1.71675
1.03182
-0.0771066
-1.01661
-1.54341
-1.71969
-1.67761
-1.63268
-2.21549
-2.5351
0.552794
2.56119
2.50645
2.25522
1.77728
0.659821
-0.452045
-0.720937
-0.26899
-0.0712206
-0.532683
-1.84654
-3.05464
-3.16941
-1.01171
0.811581
1.34132
1.26883
-0.102318
-0.139891
0.537392
1.60109
1.39498
0.129688
-0.903403
-1.19123
-1.76119
-1.46002
-0.217291
0.3614
-0.334521
-0.337758
-0.229358
-0.938523
-1.11991
-0.182074
1.48926
2.21677
1.0636
0.473332
-0.827572
-1.76423
-1.38753
-0.802556
-0.832673
-1.29188
-0.948038
-0.0102024
0.220038
-0.602138
-1.11716
-0.93813
0.364147
1.23312
0.495405
-0.229554
0.327556
0.958731
0.988554
0.748601
-0.150387
-1.21654
-0.0789705
1.21997
1.12531
0.455969
-0.607239
-0.495699
0.756351
1.35927
1.13874
0.528563
0.152447
0.270265
0.0965304
0.0511101
-0.238383
-0.425656
-1.18495
-1.28697
-1.69389
-1.62336
1.45786
1.38027
-0.90458
-1.28207
-0.710146
-1.47729
-2.18773
-2.37294
-1.45021
-1.12177
-1.03574
-0.162846
1.3114
2.4784
2.3856
1.22115
0.853078
1.47454
0.3098
-0.694548
0.805695
1.95013
0.711029
-0.370524
-1.19976
-0.926162
-1.37811
-1.88372
-0.464307
1.83437
1.52752
2.34969
3.8567
3.02609
0.407998
-0.653542
-1.37301
-3.13528
-1.27265
0.182466
-1.26431
-0.731336
0.334227
0.396324
1.31003
1.94513
0.304502
-0.577711
-0.38102
-0.849938
-1.28648
-1.38861
-2.03322
-2.13672
-1.63238
-0.587325
0.0577809
0.116249
0.0018639
0.43213
-0.0262908
-0.279977
-0.488636
-0.291063
0.976291
2.08335
1.38949
-0.207187
-2.83538
-3.71946
-3.36012
-0.958045
2.04794
1.70694
1.52212
1.12599
-0.256041
-0.20758
1.14699
0.76469
0.517968
0.639808
0.951864
1.15248
1.87185
1.86056
1.28344
-0.860043
-2.2305
-2.5454
-2.00418
-2.26415
-2.33282
-0.635982
0.194042
-1.00808
-0.972171
-0.512278
-0.357182
0.673457
1.43658
0.933029
-0.224943
-0.878289
-0.512769
-0.294791
-0.0494424
-0.235636
-0.5163
0.351885
1.47729
1.98908
1.62797
-1.35035
-2.66714
-2.49213
-2.59092
-2.11307
1.57097
1.82623
0.861808
1.56568
3.04787
2.7108
4.17778
2.66018
2.84372
3.23553
1.81102
2.15241
2.25287
1.19476
0.729079
-0.729472
-1.29276
-0.134397
-1.57401
-2.68931
-2.93358
-2.37834
-1.43667
-1.07527
-0.229358
0.577417
0.127922
-0.2117
-0.758411
-0.483142
0.505019
0.393283
0.204342
0.157647
1.1357
2.08492
2.55531
3.65521
4.21438
2.36313
-0.527189
-0.445668
0.191393
0.72231
1.41401
1.51152
1.61257
1.61875
0.88447
-0.122331
0.330695
1.16396
0.752231
-0.774696
-1.97191
-2.09679
-1.26647
-1.53507
-1.72538
-1.85066
-2.15388
-1.71057
-1.60354
-2.15771
-1.79121
-1.55204
-2.45731
-2.70324
-2.50312
-2.12004
-0.889669
0.571433
1.58108
2.25964
2.15673
1.83888
-0.983452
-2.1787
-2.87511
-3.29165
-0.340309
1.64053
1.70419
1.11873
-0.922238
-0.820312
-2.44151
-0.930184
-1.71744
-1.48769
-1.07086
-1.16396
-0.898204
-0.393185
0.0283509
0.421045
0.957947
1.51437
2.04215
2.81979
3.51012
4.15797
4.65514
4.62581
3.85013
3.82119
3.30921
2.56767
2.03862
1.76276
0.849055
0.186881
0.710244
1.0378
0.219842
-0.787547
-0.988848
-0.33354
0.885843
1.45227
1.65858
1.29109
0.302344
-1.13825
-1.27893
-0.59017
-0.798142
-1.68241
-2.20156
-2.58513
-0.294791
0.993459
0.765082
0.170105
-0.570746
-2.5917
-3.13861
-2.67823
-2.45741
-2.89336
-3.05209
-2.13024
-1.30463
0.0369837
1.88862
2.41552
2.5608
2.90239
2.20519
1.04535
0.293613
-0.580458
-0.459599
1.33288
2.09591
2.29319
1.26843
0.689152
1.51496
1.77679
0.675517
-0.437918
-0.493934
-0.77499
-1.92423
-3.34894
-2.54108
-2.58415
-3.06258
-2.30525
-1.45571
-0.927634
-1.19437
-1.7399
-2.04166
-1.88313
-0.946076
0.553284
1.19496
1.30659
1.67476
2.8448
4.05918
3.8309
2.23462
1.05202
1.11461
1.17789
0.606454
-0.740263
-2.0964
-3.3869
-3.89722
-2.60681
-1.5799
-0.826591
0.385729
1.105
0.478826
0.893789
1.79484
2.00301
1.50662
1.31621
1.33259
1.41225
0.893593
0.190314
-0.188646
-0.351689
-1.05487
-1.9001
-2.50027
-2.53853
-1.2393
-0.244858
0.109283
-0.469114
-1.08528
-0.923121
-0.512278
0.297733
0.968639
1.12933
1.01484
0.924298
0.791961
0.611065
0.436251
0.952747
1.389
1.35643
0.414963
0.151564
0.256728
0.366894
0.675909
1.48622
2.79624
3.35345
2.39884
1.61492
1.88234
2.12279
2.2513
2.05078
1.37301
0.391419
-0.711323
-1.33298
-1.74363
-2.0551
-1.62032
-1.54272
-1.65191
-1.52506
-1.60619
-1.96612
-1.80749
-1.53566
-1.58539
-1.74118
-1.4304
-0.639318
-0.041202
0.553676
1.41715
2.11455
2.68774
3.0154
2.7831
1.86027
1.35143
1.1773
1.16562
1.45345
1.36094
0.865733
0.480396
0.0900558
-0.666786
-1.43334
-1.83741
-1.68232
-1.15287
-0.906542
-0.536901
-0.301461
-0.106929
-0.323043
-0.518262
-0.268402
-0.533566
-0.814328
-0.830024
-0.221216
0.406723
0.919589
1.28374
1.31346
0.838166
0.1704
-0.122233
0.0011772
0.11929
0.153232
-0.334815
-0.527288
-0.572315
-0.888982
-1.31542
-1.65681
-2.12122
-2.82901
-3.19659
-3.08907
-2.51685
-1.99369
-1.99388
-2.23158
-2.18763
-2.10022
-2.21127
-2.21333
-1.99045
-1.81426
-1.78012
-1.75187
-1.59746
-1.32082
-1.03966
-0.597625
0.253294
0.502272
0.230339
0.417023
0.900558
1.22909
1.39508
1.50476
1.2807
1.07626
0.641476
0.307936
0.154802
0.269677
0.321964
-0.10585
-0.46264
-0.685719
-0.65315
-0.686013
-0.38671
0.208168
0.380039
-0.0172656
-0.891925
-1.50976
-1.67574
-1.39743
-1.02681
-0.480886
-0.0148131
-0.344331
-0.929694
-0.715443
-0.372289
-0.231712
-0.061803
0.192374
0.326084
0.437036
0.411235
0.111245
-0.510905
-0.784898
-1.01475
-1.08332
-1.16562
-1.12943
-1.31601
-1.60374
-1.83565
-1.73421
-1.10186
-0.443804
-0.433308
-0.498642
0.0208953
0.52768
0.776462
0.364932
-0.457735
-0.643438
-0.165298
0.712696
1.33534
1.48415
1.12403
0.799123
0.701415
0.419378
-0.689839
-0.936953
-0.28037
0.171283
0.42026
0.693861
0.881821
0.784408
0.686308
0.775382
0.556521
0.413884
0.230633
-0.297243
-0.672377
-0.411726
-0.354141
-0.684346
-0.806578
-0.372093
0.382688
0.74713
0.703377
0.767338
1.02416
1.043
0.680225
0.601843
0.690133
0.792648
1.19133
1.54458
1.58275
1.64102
1.81534
1.75658
1.11275
0.373074
0.198947
0.46676
0.816486
0.640985
0.0793629
0.139694
0.588796
0.816094
0.962851
1.06085
1.04781
0.967462
0.97482
0.715639
0.159216
0.145875
0.319414
0.458519
0.365324
0.0987867
0.0654327
-0.127628
-0.393381
-0.535037
-0.724763
-0.84778
-0.717405
-0.445276
0.0177561
0.318727
0.457637
0.218273
-0.112619
-0.0352179
-0.0564075
-0.604688
-0.912624
-0.667276
-0.176972
0.245152
0.28655
-0.192767
-0.667669
-0.683463
-0.471469
-0.35679
-0.153232
0.0684738
-0.0743598
-0.373859
-0.445276
-0.532683
-0.699944
-0.682972
-0.177365
0.0361989
-0.0727902
-0.187665
-0.374644
-0.303129
-0.127824
0.0516987
0.295673
0.353454
0.0759294
-0.470488
-0.72957
-0.680716
-0.867008
-1.16327
-1.09862
-0.56486
-0.34492
-0.398776
-0.526993
-0.459795
-0.38416
-0.142441
0.156371
0.139204
-0.105163
-0.410352
-0.535822
-0.100651
0.292927
0.30568
0.296262
0.509924
0.759784
0.74193
0.509531
0.623033
1.03957
1.19986
1.00602
0.505706
0.274484
0.488048
0.843366
1.12491
1.42961
1.55606
1.49073
1.23145
0.737908
0.431738
0.51581
0.683757
0.694254
0.646871
0.456754
0.35679
0.300284
0.348059
0.489813
0.622543
0.705045
0.775775
0.665609
0.5008
0.635786
0.785487
0.584872
0.106733
-0.0631764
0.0259965
0.100749
0.267126
0.361499
0.233086
0.141656
0.0968247
-0.0652365
-0.218273
-0.232203
-0.0754389
0.135084
0.145973
0.0415944
-0.0694548
-0.0545436
0.0515025
0.206206
0.421928
0.515123
0.319414
-0.11409
-0.515025
-0.799417
-0.946959
-1.03908
-1.0174
-0.709754
-0.24937
0.182662
0.318629
0.221019
0.144305
0.0635688
-0.0623916
-0.0545436
0.0551322
0.218763
0.249763
0.300088
0.405447
0.456361
0.375134
0.177561
-0.015696
-0.0571923
-0.0465975
-0.147444
-0.272816
-0.225139
-0.099081
-0.160884
-0.308426
-0.306268
-0.397305
-0.447238
-0.507569
-0.623327
-0.639514
-0.591739
-0.491972
-0.217782
0.123116
0.435858
0.597821
0.526601
0.36454
0.26536
0.274876
0.220627
0.195906
0.393283
0.623229
0.596644
0.292142
-0.0366894
-0.271933
-0.405153
-0.398678
-0.25094
-0.0968247
-0.0780876
-0.11154
-0.119192
-0.10379
-0.161669
-0.189824
-0.259671
-0.416042
-0.467643
-0.349236
-0.0738693
0.309113
0.528661
0.609005
0.631274
0.612831
0.591249
0.636669
0.58909
0.476177
0.480101
0.625191
0.753016
0.792452
0.701709
0.345312
0.123214
0.0993753
0.0887805
0.0220725
-0.0091233
-0.03924
-0.0641574
-0.108204
-0.257512
-0.475981
-0.611457
-0.616951
-0.584578
-0.619109
-0.674634
-0.61028
-0.390634
-0.102024
0.1136
0.180798
0.0953532
-0.0581733
-0.0532683
0.217684
0.430267
0.406526
0.170498
-0.195219
-0.336091
-0.384552
-0.417121
-0.372191
-0.336581
-0.292927
-0.192963
-0.102613
-0.0497367
-0.130669
-0.138125
-0.220136
-0.309113
-0.314705
-0.228671
-0.173048
-0.297145
-0.402701
-0.351983
-0.155194
0.0576828
0.241424
0.269873
0.0505215
-0.27262
-0.611948
-0.669729
-0.407507
-0.194434
-0.244367
-0.459108
-0.669434
-0.706909
-0.652169
-0.554363
-0.411235
-0.394656
-0.599489
-0.735554
-0.786762
-0.752819
-0.538177
-0.164023
0.0303129
0.0484614
0.0541512
-0.0104967
-0.0368856
0.0960399
0.159413
0.116935
0.104771
0.064746
0.0303129
-0.0084366
-0.0379647
-0.188352
-0.551518
-0.789803
-0.72957
-0.527386
-0.195808
-0.0526797
-0.170204
-0.246918
-0.357869
-0.472744
-0.494522
-0.348255
-0.108989
0.0466956
0.133514
0.343154
0.580654
0.688073
0.736927
0.757528
0.751348
0.615577
0.368856
0.232399
0.190412
0.127039
0.0727902
-0.0256041
-0.101043
-0.144207
-0.285765
-0.470193
-0.380628
-0.0746541
0.19208
0.272522
0.273209
0.216605
0.140479
-0.0162846
-0.169615
-0.157058
0.0790686
0.249076
0.173539
0.0775971
0.0122625
-0.051993
-0.0847584
-0.1291
-0.1807
-0.105457
0.0320787
0.0850527
0.168438
0.26644
0.238775
0.0994734
0.0907425
0.146169
0.0988848
0.0730845
0.0840717
0.153134
0.183251
0.117033
0.013734
-0.0551322
-0.0411039
0.0140283
0.059841
0.120369
0.0414963
-0.189824
-0.373172
-0.428206
-0.402504
-0.329812
-0.218174
-0.0976095
0.048069
0.137536
0.0622935
-0.0254079
-0.0854451
-0.0854451
-0.141068
-0.194042
-0.158432
-0.10585
-0.0185409
0.109087
0.220431
0.172754
0.126255
0.19257
0.24525
0.270265
0.304699
0.306072
0.235636
0.221117
0.23132
0.165102
0.06867
0.0341388
0.060822
0.140283
0.231222
0.218665
0.165495
0.0460089
-0.110461
-0.142932
-0.105261
-0.0340407
-0.0452241
-0.0590562
-0.0673947
-0.100356
-0.146561
-0.0956475
-0.0516987
-0.137144
-0.183545
-0.175109
-0.158922
-0.0955494
0.0076518
0.115366
0.256532
0.327065
0.259671
0.128315
0.157745
0.214054
0.136457
-0.0183447
-0.148818
-0.260357
-0.404662
-0.476962
-0.44145
-0.273307
-0.0993753
0.0668061
0.182172
0.0743598
-0.115562
-0.142932
-0.0868185
-0.0190314
-0.0531702
-0.145188
-0.156862
-0.165691
-0.159216
-0.157156
-0.174127
-0.223864
-0.148327
-0.0208953
0.0516006
0.0953532
0.174029
0.230241
0.197279
0.168928
0.167359
0.212485
0.28606
0.334423
0.373859
0.494326
0.59429
0.610672
0.556423
0.495307
0.443314
0.35267
0.224355
0.0944703
-0.0243288
-0.0855432
-0.126941
-0.152644
-0.189529
-0.146856
0.0055917
0.0928026
0.0957456
0.0167751
-0.02943
-0.0290376
-0.0507177
-0.11821
-0.235342
-0.334325
-0.399365
-0.409469
-0.307347
-0.160001
-0.0439488
0.0452241
0.051012
0.0432621
0.059841
0.0886824
0.124783
0.188941
0.300971
0.4234
0.466858
0.382884
0.232203
0.116445
0.101043
0.254471
0.443216
0.556325
0.592916
0.610967
0.632549
0.590366
0.467741
0.309702
0.132533
0.0030411
-0.0410058
0.0020601
0.0590562
0.107518
0.102416
0.0675909
-0.0024525
-0.122821
-0.179523
-0.132043
-0.0665118
-0.0251136
0.040221
0.0897615
0.135672
0.139596
0.0933912
-0.0093195
-0.0852489
-0.0731826
0.0217782
0.148621
0.273405
0.300971
0.193649
0.0400248
-0.0970209
-0.203361
-0.229848
-0.240345
-0.251234
-0.282822
-0.303521
-0.242699
-0.113796
-0.0231516
-0.0135378
-0.0768123
-0.113306
-0.085347
-0.0458127
-0.0154998
-0.0425754
-0.126941
-0.113502
-0.100553
-0.100062
-0.0267813
-0.0046107
0.0121644
0.132141
0.238285
0.258199
0.271933
0.17864
-0.0035316
-0.127922
-0.214937
-0.247016
-0.196494
-0.141853
-0.145973
-0.156862
-0.166868
-0.183938
-0.156666
-0.10585
-0.0570942
-0.0406134
-0.0702396
-0.0481671
0.0492462
0.0550341
-0.0306072
-0.109087
-0.117328
-0.0753408
0.050031
0.145188
0.152251
0.0805401
-0.0052974
-0.0103986
-0.0370818
-0.109578
-0.0646479
0.0788724
0.14872
0.191687
0.211013
0.196494
0.100062
-0.046107
-0.120663
-0.0959418
-0.0464994
-0.075537
-0.108302
-0.121742
-0.0664137
-0.0418887
-0.10016
-0.100651
-0.0285471
-0.0597429
-0.184036
-0.300873
-0.426539
-0.523952
-0.564958
-0.603805
-0.682678
-0.74605
-0.743009
-0.698178
-0.633235
-0.587521
-0.567312
-0.58085
-0.571138
-0.490304
-0.406428
-0.368562
-0.333049
-0.294006
-0.259573
-0.208364
-0.105163
0.0053955
0.0908406
0.138713
0.125568
0.0133416
-0.148033
-0.230437
-0.210621
-0.174912
-0.205912
-0.267617
-0.286942
-0.288512
-0.319512
-0.305189
-0.19463
-0.0492462
-0.0056898
-0.0688662
-0.102711
-0.120761
-0.137242
-0.0938817
0.0167751
0.0946665
0.110363
0.0575847
-0.0337464
-0.109676
-0.145482
-0.113502
-0.0662175
-0.0164808
0.054936
0.0602334
0.0085347
-0.0430659
-0.0860337
-0.0978057
-0.0808344
-0.0583695
-0.0232497
0.0393381
0.0762237
0.0162846
-0.0996696
-0.114679
0.0038259
0.137634
0.161473
0.10742
0.0448317
-0.0376704
-0.0978057
-0.123116
-0.112423
-0.101435
-0.119682
-0.0767142
-0.0485595
-0.0485595
-0.0043164
0.0407115
0.0206991
0.0134397
0.04905
0.120369
0.230241
0.325103
0.389261
0.398678
0.316765
0.1704
0.0238383
-0.0103005
0.0426735
0.096138
0.128217
0.146758
0.148131
0.104771
0.108204
0.196102
0.351296
0.452241
0.417219
0.315097
0.277133
0.305582
0.331578
0.335796
0.302344
0.225139
0.138125
0.147542
0.244956
0.336973
0.352375
0.291455
0.248389
0.175697
0.013734
-0.0712206
-0.0249174
0.0160884
0.0217782
0.0466956
0.121644
0.226317
0.295575
0.376802
0.478434
0.4802
0.350021
0.254373
0.225826
0.165397
0.0355122
-0.0820116
-0.117916
-0.0318825
0.0792648
0.114973
0.171871
0.19051
0.142245
0.0851508
0.138812
0.199045
0.19463
0.194925
0.200909
0.187861
0.198947
0.241915
0.288708
0.288905
0.294398
0.307642
0.298224
0.285863
0.268303
0.286158
0.338445
0.345803
0.302246
0.266342
0.244956
0.228867
0.198653
0.174324
0.15696
0.114679
0.0910368
0.0512082
-0.0522873
-0.0954513
-0.0380628
-0.0628821
-0.219253
-0.332461
-0.37121
-0.352866
-0.288316
-0.224355
-0.194532
-0.160099
-0.107125
-0.0602334
-0.0385533
0.0074556
0.0712206
0.079461
0.0921159
0.144894
0.155587
0.176776
0.214545
0.251626
0.279585
0.204342
0.0603315
-0.0437526
-0.101043
-0.114581
-0.161473
-0.264085
-0.349432
-0.396324
-0.405153
-0.366698
-0.344625
-0.336973
-0.33354
-0.371603
-0.424577
-0.392498
-0.34384
-0.369052
-0.405938
-0.411137
-0.413099
-0.415159
-0.369543
-0.271345
-0.131552
-0.0695529
-0.0495405
0.0036297
0.0403191
0.0074556
-0.0837774
-0.174422
-0.233772
-0.228377
-0.17707
-0.170204
-0.162748
-0.166672
-0.217782
-0.23181
-0.143128
0.0132435
0.099081
0.076518
0.0622935
0.0947646
0.158039
0.205912
0.227494
0.194827
0.103103
0.0374742
0.0251136
0.0043164
-0.0711225
-0.193649
-0.219057
-0.106144
0.0286452
0.105752
0.113698
0.0847584
0.0720054
0.0407115
0.018639
0.0135378
-0.0124587
-0.0205029
-0.0004905
0.0276642
0.0948627
0.174912
0.196102
0.207285
0.224159
0.236323
0.23907
0.190903
0.141558
0.132533
0.130473
0.123802
0.144305
0.200909
0.27105
0.325986
0.38465
0.452928
0.489715
0.460874
0.398286
0.363951
0.35159
0.370818
0.378862
0.350904
0.28292
0.171871
0.0327654
-0.106242
-0.171381
-0.141853
-0.130571
-0.191197
-0.219548
-0.203852
-0.227102
-0.270462
-0.278114
-0.213662
-0.160786
-0.188254
-0.188352
-0.0864261
-0.0243288
-0.0749484
-0.134103
-0.114875
-0.062784
0.0055917
0.061803
0.0921159
0.109774
0.11772
0.117524
0.112815
0.122233
0.137046
0.0988848
0.0243288
0.0048069
0.0405153
0.0801477
0.125666
0.168241
0.185507
0.164612
0.109676
0.0977076
0.152644
0.237402
0.300971
0.277819
0.204833
0.157745
0.115464
0.08829
0.05886
0.0119682
-0.0040221
0.0238383
0.101337
0.170204
0.144698
0.0145188
-0.124096
-0.195611
-0.244661
-0.296262
-0.326477
-0.303227
-0.246525
-0.197083
-0.191687
-0.211405
-0.237893
-0.271737
-0.314607
-0.366207
-0.404074
-0.428697
-0.442627
-0.419083
-0.368856
-0.346293
-0.316373
-0.258395
-0.246722
-0.309015
-0.36248
-0.39083
-0.429874
-0.475589
-0.521107
-0.562113
-0.595958
-0.611752
-0.578496
-0.52199
-0.481181
-0.413001
-0.312252
-0.248585
-0.225924
-0.212583
-0.2117
-0.223178
-0.214937
-0.166378
-0.093195
-0.0472842
-0.0397305
-0.0425754
-0.0165789
0.0216801
-0.0350217
-0.150387
-0.194532
-0.156666
-0.11929
-0.128315
-0.165789
-0.191785
-0.206206
-0.199143
-0.15647
-0.0852489
-0.0454203
-0.0410058
-0.0576828
-0.0448317
-0.0018639
0.0145188
0.0231516
0.038259
0.0540531
0.0965304
0.156273
0.15333
0.122821
0.12959
0.125372
0.0815211
0.0641574
0.112815
0.187861
0.223276
0.162944
0.0550341
-0.0038259
-0.0329616
-0.066708
-0.0910368
-0.103986
-0.070632
0.0202086
0.123998
0.19208
0.226905
0.261927
0.285275
0.273699
0.259474
0.251626
0.246918
0.278604
0.327065
0.336091
0.30774
0.287727
0.242601
0.155096
0.115267
0.112913
0.117916
0.147542
0.14097
0.0414963
-0.0572904
-0.0817173
-0.0555246
-0.0067689
0.0187371
-0.0044145
-0.0268794
-0.0506196
-0.0095157
0.0992772
0.150976
0.158235
0.157058
0.17246
0.172067
0.112815
0.0508158
0.0356103
0.0202086
-0.0053955
0.0528759
0.147641
0.216409
0.291749
0.371407
0.415061
0.444001
0.465877
0.440273
0.373761
0.321866
0.326673
0.3201
0.283509
0.231516
0.174814
0.113306
0.0486576
0.0498348
0.163533
0.312056
0.371897
0.354337
0.341192
0.283019
0.103888
-0.0082404
0.0447336
0.135476
0.163042
0.160492
0.184036
0.222491
0.26536
0.279781
0.232301
0.149014
0.13528
0.172558
0.125666
0.0633726
0.0550341
0.0465975
0.0326673
0.0651384
0.0826983
0.0272718
-0.0670023
-0.102907
-0.143913
-0.209247
-0.255551
-0.323828
-0.393577
-0.406134
-0.277623
-0.0885843
0.0575847
0.154409
0.207482
0.180798
0.164416
0.242013
0.339622
0.411039
0.458127
0.469997
0.469409
0.464504
0.422713
0.386024
0.371701
0.360714
0.316961
0.267323
0.249665
0.229652
0.241424
0.316667
0.385925
0.404172
0.348745
0.246329
0.132926
0.0611163
0.0352179
0.0181485
-0.0600372
-0.153919
-0.165495
-0.104771
-0.00981
0.042183
0.0459108
0.0844641
0.175109
0.236813
0.222196
0.185311
0.152742
0.14558
0.171283
0.185703
0.154311
0.0730845
-0.0259965
-0.12184
-0.194042
-0.239364
-0.256335
-0.251332
-0.200615
-0.106046
0.0001962
0.0335502
-0.0575847
-0.188744
-0.270069
-0.339818
-0.422811
-0.477158
-0.503842
-0.543278
-0.595663
-0.630391
-0.616264
-0.56741
-0.529348
-0.491873
-0.432817
-0.400444
-0.438115
-0.49207
-0.452535
-0.399561
-0.36248
-0.345312
-0.367286
-0.371407
-0.34541
-0.3201
-0.323338
-0.300186
-0.246133
-0.224943
-0.273895
-0.296262
-0.269481
-0.251136
-0.289395
-0.343939
-0.373859
-0.441941
-0.488342
-0.458519
-0.356005
-0.266538
-0.239462
-0.280272
-0.357476
-0.38877
-0.380236
-0.313037
-0.252804
-0.272522
-0.312939
-0.341192
-0.363559
-0.400738
-0.403387
-0.362676
-0.303914
-0.261633
-0.248095
-0.287629
-0.330989
-0.340211
-0.341094
-0.323632
-0.267715
-0.207285
-0.188254
-0.215722
-0.247212
-0.270952
-0.240639
-0.178738
-0.13577
-0.102907
-0.111343
-0.153232
-0.164318
-0.123998
-0.0356103
0.0257022
0.0572904
0.117818
0.164318
0.155587
0.186881
0.205618
0.138713
0.0775971
0.041202
0.0266832
0.0635688
0.122527
0.152055
0.130277
0.0476766
-0.0290376
-0.0807363
-0.0677871
-0.0119682
0.0259965
0.0391419
0.0444393
0.048069
0.0228573
0.0094176
0.0139302
-0.0112815
-0.0720054
-0.143716
-0.186586
-0.167751
-0.109283
-0.0360027
0.0272718
0.0133416
-0.0625878
-0.105556
-0.0924102
-0.044145
-0.0325692
-0.0460089
-0.0524835
-0.0581733
-0.0444393
-0.0090252
0.034335
0.0652365
0.0862299
0.109283
0.143716
0.215035
0.26075
0.270167
0.277721
0.303718
0.319315
0.321474
0.311958
0.315784
0.340309
0.38465
0.424381
0.489813
0.544749
0.545534
0.487851
0.447238
0.419181
0.382296
0.39191
0.446257
0.506392
0.524639
0.529936
0.588404
0.642065
0.614498
0.586049
0.507079
0.342958
0.310683
0.354926
0.289493
0.226415
0.252607
0.218174
0.160786
0.149112
0.174029
0.168634
0.144011
0.16677
0.202675
0.247899
0.30823
0.282332
0.186782
0.13577
0.0988848
0.0485595
0.0478728
0.079461
0.103986
0.0969228
0.0847584
0.111442
0.101533
0.0636669
0.115267
0.227592
0.263497
0.269677
0.322847
0.318335
0.282528
0.261437
0.228279
0.222295
0.248291
0.22975
0.154998
0.0989829
0.117524
0.15853
0.180308
0.196494
0.219352
0.209051
0.157745
0.1394
0.186881
0.248684
0.276936
0.263497
0.241424
0.277231
0.330205
0.365226
0.417415
0.450377
0.456655
0.442333
0.372584
0.301952
0.28606
0.263791
0.191295
0.124685
0.0877014
0.0658251
0.0715149
0.0674928
0.0570942
0.0419868
0.0216801
0.0290376
0.0464994
0.0283509
-0.0103986
-0.0187371
-0.0125568
-0.0285471
-0.0425754
-0.0397305
-0.0439488
-0.0193257
0.0271737
0.0674928
0.0710244
0.0702396
0.0688662
0.0459108
0.0075537
-0.0250155
-0.0494424
-0.0972171
-0.170792
-0.205716
-0.222295
-0.268009
-0.301363
-0.302442
-0.305189
-0.315784
-0.300677
-0.23956
-0.213073
-0.265655
-0.29636
-0.315686
-0.34129
-0.317354
-0.26124
-0.228279
-0.220921
-0.242994
-0.259278
-0.256139
-0.247408
-0.27105
-0.316569
-0.353847
-0.360125
-0.34953
-0.380334
-0.443118
-0.465681
-0.479415
-0.521892
-0.556031
-0.568489
-0.53131
-0.45283
-0.380039
-0.298518
-0.232791
-0.185605
-0.170498
-0.169517
-0.166476
-0.181681
-0.231418
-0.264281
-0.268009
-0.274484
-0.260848
-0.218665
-0.220823
-0.23956
-0.223079
-0.207776
-0.202675
-0.191393
-0.16883
-0.167555
-0.173539
-0.145482
-0.129786
-0.134397
-0.130964
-0.146561
-0.185507
-0.224845
-0.233674
-0.254177
-0.254864
-0.252117
-0.284294
-0.292828
-0.267421
-0.272424
-0.255354
-0.217488
-0.218076
-0.193061
-0.161473
-0.144992
-0.138419
-0.152938
-0.174814
-0.191001
-0.203852
-0.195611
-0.187763
-0.216997
-0.20444
-0.148425
-0.126941
-0.10016
-0.0891729
-0.113404
-0.130767
-0.124096
-0.114286
-0.11615
-0.11978
-0.120369
-0.121252
-0.1084
-0.101533
-0.101632
-0.0984924
-0.102416
-0.110657
-0.137046
-0.189431
-0.217586
-0.225826
-0.231614
-0.236617
-0.234753
-0.218567
-0.19051
-0.16471
-0.153919
-0.138321
-0.0987867
-0.0721035
-0.0934893
-0.148229
-0.191589
-0.180308
-0.148916
-0.115856
-0.082404
-0.0569961
-0.0300186
-0.0152055
-0.0054936
0.007848
-0.0011772
-0.0359046
-0.0508158
-0.0375723
-0.0140283
0.002943
0.0241326
0.0550341
0.0817173
0.0963342
0.116249
0.125372
0.131062
0.151074
0.178346
0.196789
0.212975
0.220234
0.183839
0.140087
0.150093
0.166279
0.204048
0.228475
0.229946
0.236323
0.268303
0.283019
0.289787
0.342859
0.377783
0.387985
0.345606
0.259965
0.190314
0.183251
0.210326
0.231712
0.208266
0.157941
0.130964
0.113796
0.106046
0.113109
0.159216
0.204146
0.207089
0.19051
0.190216
0.202871
0.209345
0.263987
0.335698
0.333736
0.316176
0.317648
0.330499
0.338151
0.321474
0.27105
0.273601
0.303325
0.30823
0.320395
0.336679
0.316961
0.256335
0.179621
0.129492
0.109872
0.102907
0.101533
0.106242
0.106144
0.114777
0.144796
0.185213
0.229456
0.240247
0.203165
0.158628
0.146561
0.147935
0.139008
0.135672
0.140577
0.158726
0.165985
0.160982
0.174814
0.186979
0.183643
0.190412
0.183643
0.173048
0.192178
0.156666
0.10173
0.110363
0.10791
0.0774009
0.103201
0.162454
0.206599
0.21739
0.211307
0.185311
0.139302
0.0920178
0.0822078
0.0807363
0.07848
0.0923121
0.0704358
0.0261927
-0.002943
-0.0277623
-0.0569961
-0.0442431
0.0158922
0.0613125
0.0687681
0.0669042
0.0563094
0.0028449
-0.0677871
-0.10997
-0.120565
-0.104378
-0.0989829
-0.134789
-0.167947
-0.161178
-0.127726
-0.101337
-0.0928026
-0.107518
-0.135182
-0.1807
-0.237108
-0.265949
-0.269873
-0.2685
-0.277034
-0.283313
-0.279291
-0.262614
-0.226611
-0.183251
-0.165397
-0.161669
-0.162159
-0.1704
-0.16471
-0.138125
-0.117131
-0.113306
-0.0969228
-0.0742617
-0.0478728
-0.0203067
0.0066708
0.0116739
0.0155979
0.0332559
0.055917
0.0611163
0.0472842
0.0447336
0.0491481
0.0464013
0.0307053
0.0206991
0.037278
0.0868185
0.121938
0.111147
0.0881919
0.0769104
0.0658251
0.0499329
0.0355122
0.0079461
-0.0290376
-0.06867
-0.104575
-0.131356
-0.153527
-0.179131
-0.217193
-0.262516
-0.286452
-0.305778
-0.31441
-0.310977
-0.314705
-0.333148
-0.347274
-0.352964
-0.335894
-0.301952
-0.267813
-0.235146
-0.214447
-0.203558
-0.182172
-0.162356
-0.146954
-0.114581
-0.0741636
-0.0394362
-0.042183
-0.0617049
-0.0426735
-0.0089271
0.0103005
0.0252117
0.0437526
0.0511101
0.0393381
0.027468
0.0316863
0.0533664
0.0803439
0.105359
0.117328
0.13528
0.158039
0.159511
0.141951
0.114286
0.0888786
0.0702396
0.0411039
0.0254079
0.0332559
0.0363951
0.0306072
0.030411
0.0429678
0.0526797
0.044145
0.0265851
0.0087309
-0.0013734
-0.0112815
-0.0269775
-0.0497367
-0.0699453
-0.0603315
-0.0376704
-0.0321768
-0.0453222
-0.0525816
-0.0365913
-0.0053955
0.0172656
0.0219744
0.0077499
-0.0241326
-0.0553284
-0.0791667
-0.0825021
-0.0699453
-0.0651384
-0.0759294
-0.0750465
-0.0515025
-0.0386514
-0.0454203
-0.0341388
-0.0173637
0.0028449
0.0456165
0.0970209
0.146954
0.185998
0.203852
0.223079
0.251528
0.269873
0.262908
0.234557
0.200713
0.174912
0.156568
0.142049
0.113404
0.0626859
0.0207972
0.0286452
0.0524835
0.0592524
0.0532683
0.0398286
0.0212877
0.0135378
0.0295281
0.0405153
0.0391419
0.0508158
0.0728883
0.100749
0.134789
0.169321
0.201203
0.220234
0.21425
0.200615
0.194238
0.196004
0.193551
0.190412
0.19463
0.201988
0.20964
0.199535
0.187469
0.17295
0.169909
0.17864
0.183938
0.176678
0.16314
0.158922
0.152644
0.154115
0.139891
0.119486
0.113011
0.108793
0.0958437
0.0690624
0.0450279
0.0387495
0.0357084
0.0356103
0.0428697
0.0394362
0.0266832
0.0118701
-0.0091233
-0.0370818
-0.0495405
-0.0502272
-0.0324711
-0.0015696
0.0103986
-0.0001962
-0.020601
-0.042183
-0.0738693
-0.0989829
-0.111736
-0.104869
-0.0826983
-0.0816192
-0.0864261
-0.0702396
-0.056898
-0.059841
-0.0719073
-0.0840717
-0.0981
-0.100749
-0.102514
-0.111442
-0.130571
-0.136163
-0.124195
-0.109676
-0.107321
-0.11409
-0.127432
-0.139792
-0.150485
-0.157549
-0.166378
-0.172165
-0.1704
-0.165397
-0.157156
-0.137634
-0.105065
-0.0915273
-0.105752
-0.14146
-0.171381
-0.195121
-0.206304
-0.211405
-0.215918
-0.22975
-0.242503
-0.241228
-0.240443
-0.238677
-0.229848
-0.234165
-0.238873
-0.231222
-0.211602
-0.20758
-0.213269
-0.214643
-0.212288
-0.214937
-0.234263
-0.245741
-0.244563
-0.254471
-0.279585
-0.30617
-0.325888
-0.336091
-0.350511
-0.361499
-0.359635
-0.355122
-0.354533
-0.356103
-0.363755
-0.370916
-0.369641
-0.362774
-0.359831
-0.337562
-0.297439
-0.248389
-0.187469
-0.126941
-0.0645498
-0.0041202
0.0379647
0.0595467
0.0861318
0.117818
0.155783
0.184722
0.195611
0.182368
0.167555
0.168045
0.181583
0.200124
0.209345
0.215133
0.222589
0.211307
0.180406
0.154017
0.140773
0.154606
0.163238
0.152938
0.130179
0.102907
0.0774009
0.064746
0.0663156
0.0507177
0.0291357
0.0126549
-0.0075537
-0.0211896
-0.0172656
-0.0151074
-0.0145188
-0.0210915
-0.0371799
-0.0514044
-0.0596448
-0.0681795
-0.0597429
-0.0307053
-0.0056898
0.0338445
0.076518
0.11203
0.15127
0.181583
0.202086
0.199535
0.198554
0.199732
0.189039
0.168536
0.137438
0.115169
0.110166
0.118995
0.136653
0.171086
0.190412
0.197966
0.228965
0.255845
0.268402
0.279487
0.287629
0.279781
0.268598
0.271639
0.285079
0.285863
0.281547
0.270952
0.266538
0.2633
0.26281
0.269775
0.276348
0.277329
0.279389
0.283803
0.286942
0.286256
0.278212
0.268402
0.271737
0.275759
0.282332
0.285569
0.271835
0.252215
0.223276
0.180308
0.135182
0.115562
0.109774
0.113404
0.106635
0.0965304
0.083385
0.0639612
0.0542493
0.0469899
0.044145
0.0550341
0.052974
0.0299205
0.0063765
-0.0025506
0.0072594
0.0271737
0.0359046
0.0347274
0.0391419
0.0442431
0.0352179
0.0202086
0.0218763
0.0220725
0.0025506
-0.0028449
0.0066708
0.0209934
0.0562113
0.0986886
0.122331
0.132435
0.142343
0.138419
0.136163
0.14303
0.135182
0.107812
0.0819135
0.0851508
0.0954513
0.0928026
0.0827964
0.0650403
0.0532683
0.0437526
0.0218763
0.0134397
0.0273699
0.0395343
0.0562113
0.0614106
0.0537588
0.0528759
0.0551322
0.0515025
0.0498348
0.0467937
0.0339426
0.0163827
-0.0022563
-0.0026487
-0.0083385
-0.0384552
-0.0489519
-0.0429678
-0.0426735
-0.0521892
-0.0719073
-0.0973152
-0.123802
-0.132926
-0.134593
-0.13685
-0.144698
-0.150191
-0.157549
-0.175305
-0.196004
-0.212779
-0.234361
-0.251626
-0.252215
-0.248291
-0.240541
-0.248978
-0.270069
-0.283215
-0.28861
-0.28812
-0.281449
-0.282234
-0.308524
-0.332068
-0.342271
-0.33923
-0.329322
-0.315293
-0.311173
-0.316863
-0.316274
-0.294398
-0.269775
-0.254471
-0.243288
-0.232791
-0.228279
-0.224551
-0.219744
-0.206108
-0.184722
-0.159118
-0.126843
-0.104967
-0.095157
-0.0910368
-0.0895653
-0.0917235
-0.0960399
-0.094176
-0.0844641
-0.062784
-0.0236421
0.0038259
0.0278604
0.0397305
0.0391419
0.044145
0.050031
0.0512082
0.0499329
0.0464013
0.0546417
0.0741636
0.0856413
0.0805401
0.0739674
0.0662175
0.0477747
0.027468
0.011772
0.0016677
-9.81e-05
0.0079461
0.0133416
0.0099081
0.006867
0.0126549
0.020601
0.0181485
-0.0006867
-0.016677
-0.0208953
-0.0293319
-0.030411
-0.0358065
-0.045126
-0.0564075
-0.0567999
-0.0469899
-0.0409077
-0.0385533
-0.0384552
-0.0484614
-0.0571923
-0.0689643
-0.0775971
-0.0861318
-0.0920178
-0.101043
-0.110657
-0.111638
-0.123312
-0.147837
-0.160982
-0.168241
-0.160688
-0.141362
-0.135084
-0.144011
-0.143422
-0.119878
-0.0958437
-0.0774009
-0.0772047
-0.0782838
-0.087309
-0.0867204
-0.0751446
-0.0743598
-0.0781857
-0.0791667
-0.0809325
-0.0673947
-0.0645498
-0.0722997
-0.0957456
-0.119682
-0.137536
-0.146659
-0.15745
-0.125176
-0.108597
-0.0974133
-0.0867204
-0.07848
-0.0792648
-0.0730845
-0.0569961
-0.0566037
-0.0456165
-0.0258984
0.0120663
0.0214839
0
0.01962
0.0259965
0.00981
0.0327654
0.0649422
0.0560151
0.0564075
0.053955
0.0297243
-0.006867
0.0062784
0.0305091
0.0148131
-0.0192276
-0.0266832
-0.033354
-0.021582
-0.0122625
-0.0174618
-0.0100062
-0.0047088
-0.0169713
-0.0161865
-0.0007848
0.0155979
0.0287433
0.0381609
0.0542493
0.0584676
0.0636669
0.0697491
0.0924102
0.119093
0.132337
0.15127
0.176384
0.190608
0.202184
0.216212
0.22406
0.219744
0.213171
0.209444
0.211798
0.221608
0.232497
0.24368
0.260357
0.287237
0.311566
0.321081
0.3201
0.331676
0.321277
0.31343
0.329027
0.3511
0.368464
0.385631
0.40839
0.441548
0.456852
0.434485
0.428305
0.429972
0.408685
0.382982
0.370327
0.364147
0.362381
0.369248
0.370818
0.350315
0.325398
0.314116
0.312645
0.299794
0.281645
0.262418
0.243877
0.228671
0.208561
0.19257
0.186684
0.204735
0.194434
0.142834
0.122527
0.14303
0.107812
0.0436545
0.0177561
-0.0103005
-0.0090252
0.0169713
0.0250155
0.0185409
-0.0085347
-0.0354141
-0.0398286
-0.0144207
-0.007848
-0.043164
-0.064746
-0.0477747
-0.0473823
-0.0652365
-0.07848
-0.0993753
-0.134789
-0.137929
-0.118112
-0.179131
-0.253294
-0.276838
-0.279193
-0.259278
-0.22563
-0.245839
-0.288905
-0.284686
-0.265949
-0.286746
-0.287041
-0.244073
-0.244269
-0.270069
-0.273895
-0.237304
-0.191491
-0.1549
-0.119093
-0.0743598
-0.0364932
-0.0522873
-0.0788724
-0.0920178
-0.0942741
-0.0778914
-0.0579771
-0.0408096
-0.0368856
-0.0388476
-0.051012
-0.0689643
-0.0954513
-0.11566
-0.107714
-0.109578
-0.110559
-0.101533
-0.0758313
-0.0775971
-0.0966285
-0.0968247
-0.065727
-0.0385533
-0.0298224
-0.0209934
-0.0164808
-0.0216801
-0.0380628
-0.0419868
-0.0410058
-0.0703377
-0.103496
-0.105065
-0.083385
-0.0813249
-0.094176
-0.106537
-0.113011
-0.115562
-0.126549
-0.118112
-0.0847584
-0.0623916
-0.0728883
-0.0801477
-0.105261
-0.135476
-0.167555
-0.173343
-0.15539
-0.14558
-0.145777
-0.139106
-0.131356
-0.137536
-0.154213
-0.161276
-0.152251
-0.165789
-0.184036
-0.162944
-0.123606
-0.113207
-0.0995715
-0.0916254
-0.0958437
-0.0994734
-0.0969228
-0.113207
-0.108597
-0.0992772
-0.102809
-0.105948
-0.121252
-0.128315
-0.148916
-0.170694
-0.180896
-0.191982
-0.191393
-0.184919
-0.18796
-0.187077
-0.173637
-0.175305
-0.188058
-0.198751
-0.191785
-0.192374
-0.194827
-0.185507
-0.14921
-0.117818
-0.103888
-0.10742
-0.11566
-0.112619
-0.0947646
-0.0583695
-0.0513063
-0.0740655
-0.0542493
-0.0135378
0.0310977
0.0477747
0.016677
-0.0155979
-0.032373
-0.0671985
-0.0964323
-0.0805401
-0.0148131
0.0547398
0.0595467
0.0032373
-0.052974
-0.0553284
-0.018639
-0.0821097
-0.097119
-0.0750465
-0.0764199
-0.0609201
-0.0016677
-0.0061803
0.0110853
0.0406134
0.0415944
0.0293319
0.0495405
0.0566037
0.0446355
0.037278
0.033354
0.021582
0.0281547
0.028449
0.024525
0.010791
0.0173637
0.0347274
0.0169713
0.0250155
0.0356103
0.0381609
0.0201105
0.0104967
0.0227592
0.0562113
0.0741636
0.0522873
0.0562113
0.0501291
0.0388476
0.0366894
0.0648441
0.0901539
0.0832869
0.0734769
0.0505215
0.0687681
0.105163
0.10016
0.114581
0.152447
0.161178
0.14872
0.132141
0.13734
0.150191
0.160295
0.175109
0.172852
0.151074
0.137634
0.148916
0.146071
0.135967
0.14097
0.162356
0.174422
0.173343
0.171283
0.155489
0.141853
0.13891
0.11978
0.113109
0.142245
0.175697
0.167849
0.141558
0.139
0.138812
0.157745
0.171381
0.166279
0.15745
0.166181
0.18796
0.200909
0.214643
0.206206
0.212779
0.228279
0.218763
0.220921
0.231222
0.219253
0.212877
0.205912
0.222295
0.236813
0.244269
0.230927
0.220823
0.226709
0.256826
0.25457
0.236715
0.252804
0.264772
0.260554
0.260357
0.264085
0.269579
0.271737
0.290572
0.299892
0.288512
0.26075
0.230437
0.223374
0.220038
0.183447
0.15696
0.166279
0.15333
0.109774
0.0798534
0.0536607
0.0378666
0.0322749
0.0442431
0.0597429
0.0495405
0.0410058
0.0346293
0.0317844
0.0198162
-0.0002943
0.035316
0.0634707
0.0440469
0.0273699
0.0471861
0.0482652
0.0226611
0.0006867
0.0162846
0.0361008
0.0114777
0.0005886
-0.0093195
-0.0267813
-0.0309015
-0.0445374
-0.0417906
-0.0301167
-0.0466956
-0.0688662
-0.0708282
-0.0785781
-0.0965304
-0.107714
-0.0960399
-0.122527
-0.155979
-0.153821
-0.151663
-0.159609
-0.141853
-0.162159
-0.170007
-0.160786
-0.136653
-0.113404
-0.104575
-0.0836793
-0.0792648
-0.104869
-0.116249
-0.0939798
-0.0935874
-0.107321
-0.0954513
-0.0583695
-0.0546417
-0.0754389
-0.084366
-0.0977076
-0.0894672
-0.0778914
-0.0604296
-0.0386514
-0.0331578
-0.0361989
-0.0154017
0.0037278
0
-0.0262908
-0.0452241
-0.0273699
-0.0135378
-0.0359046
-0.0580752
-0.0259965
-0.0092214
-0.0335502
-0.0530721
-0.0803439
-0.103888
-0.117916
-0.138223
-0.146365
-0.13685
-0.134103
-0.132827
-0.117524
-0.107223
-0.0790686
-0.0649422
-0.047088
-0.016677
0.0052974
0.00981
0.0158922
0.0361989
0.0544455
0.0668061
0.0386514
0.0202086
0.0307053
0.0241326
-0.0099081
-0.031392
-0.0536607
-0.0770085
-0.0840717
-0.0904482
-0.0953532
-0.0802458
-0.0856413
-0.0956475
-0.126157
-0.157352
-0.157647
-0.155979
-0.164023
-0.158039
-0.153625
-0.153919
-0.137144
-0.128217
-0.114385
-0.105948
-0.123606
-0.118014
-0.099081
-0.0915273
-0.0844641
-0.0809325
-0.0883881
-0.0849546
-0.0723978
-0.0846603
-0.0842679
-0.0789705
-0.0981
-0.0919197
-0.0966285
-0.131356
-0.143815
-0.140087
-0.145875
-0.151466
-0.152349
-0.146659
-0.146856
-0.160099
-0.170302
-0.174814
-0.177267
-0.183153
-0.207678
-0.223962
-0.21425
-0.201988
-0.191491
-0.177953
-0.16834
-0.168928
-0.183643
-0.189725
-0.178836
-0.16471
-0.145678
-0.140479
-0.132337
-0.11566
-0.113109
-0.139498
-0.156273
-0.155292
-0.155979
-0.152349
-0.153723
-0.15333
-0.144894
-0.138125
-0.137438
-0.138027
-0.146365
-0.134005
-0.114483
-0.112423
-0.11821
-0.130277
-0.142245
-0.144207
-0.141853
-0.145286
-0.142049
-0.136065
-0.124979
-0.114188
-0.109578
-0.104084
-0.087309
-0.0602334
-0.0428697
-0.0254079
-0.004905
0.0087309
0.0211896
0.0310977
0.0546417
0.0768123
0.0924102
0.10634
0.122134
0.126255
0.110559
0.0955494
0.104182
0.110559
0.0861318
0.0594486
0.0460089
0.0355122
0.0209934
0.0065727
-0.0055917
-0.0102024
-0.0027468
0.0034335
0.0038259
-0.0064746
-0.0138321
-0.0217782
-0.0300186
-0.0424773
-0.0524835
-0.0530721
-0.0478728
-0.04905
-0.0448317
-0.0445374
-0.0316863
-0.0106929
0.0025506
0.0286452
0.0593505
0.0749484
0.093195
0.103692
0.115267
0.124587
0.122527
0.123508
0.125372
0.131846
0.141853
0.150878
0.165887
0.192472
0.205814
0.21739
0.225041
0.23387
0.243877
0.241915
0.236911
0.245642
0.261338
0.278996
0.293221
0.301854
0.298616
0.294889
0.30254
0.319021
0.339426
0.353552
0.357673
0.357476
0.356299
0.355416
0.351787
0.343546
0.32991
0.313331
0.296066
0.274189
0.25094
0.227788
0.204244
0.181681
0.169811
0.165593
0.160688
0.152349
0.135084
0.116641
0.0994734
0.0826983
0.0701415
0.0546417
0.0385533
0.0286452
0.0283509
0.0239364
0.0153036
0.0112815
0.001962
-0.0087309
-0.0211896
-0.0407115
-0.0619011
-0.0691605
-0.0785781
-0.0832869
-0.0890748
-0.077499
-0.0569961
-0.0520911
-0.0506196
-0.0521892
-0.0548379
-0.0512082
-0.0364932
-0.0280566
-0.0268794
-0.0253098
-0.0188352
-0.0253098
-0.0388476
-0.0366894
-0.0355122
-0.0406134
-0.0448317
-0.0436545
-0.0457146
-0.0468918
-0.0520911
-0.0502272
-0.0463032
-0.0523854
-0.0472842
-0.0457146
-0.0597429
-0.0677871
-0.0711225
-0.0715149
-0.0591543
-0.0576828
-0.0607239
-0.0680814
-0.0719073
-0.0709263
-0.0634707
-0.04905
-0.0311958
-0.0200124
-0.0104967
0.0048069
0.0203067
0.0238383
0.0351198
0.0440469
0.0479709
0.0306072
0.0123606
0.0249174
0.0306072
0.0160884
-0.0056898
-0.0141264
-0.0177561
-0.020601
-0.0247212
-0.027468
-0.0298224
-0.02943
-0.0181485
-0.001962
0.0069651
0.0151074
0.0254079
0.0334521
0.0465975
0.0499329
0.048069
0.043164
0.0450279
0.0454203
0.0433602
0.0422811
0.0473823
0.0506196
0.0537588
0.0648441
0.0731826
0.0575847
0.0589581
0.0570942
0.03924
0.0484614
0.0485595
0.0020601
-0.0066708
-0.0055917
-0.0185409
-0.0376704
-0.0636669
-0.0592524
-0.0533664
-0.0630783
-0.0619011
-0.0662175
-0.0786762
-0.105752
-0.0866223
-0.0831888
-0.123508
-0.128119
-0.118014
-0.101533
-0.0981981
-0.106439
-0.103692
-0.103005
-0.10791
-0.123998
-0.120663
-0.128609
-0.14509
-0.128511
-0.110363
-0.104378
-0.103496
-0.0929988
-0.100062
-0.0993753
-0.0711225
-0.0418887
-0.035316
-0.0180504
-0.0022563
0.0191295
0.0192276
0.0085347
0.0056898
0.001962
-0.0083385
-0.0053955
-0.0080442
-0.0061803
-0.0193257
-0.0354141
-0.0487557
-0.0639612
-0.0761256
-0.0681795
-0.0724959
-0.0914292
-0.0743598
-0.0583695
-0.0684738
-0.075537
-0.0727902
-0.0544455
-0.0339426
-0.0190314
-0.0168732
-0.0315882
-0.0427716
-0.0365913
-0.0144207
-0.000981
-0.0015696
-0.0054936
0.0057879
0.0045126
-0.0037278
0.0185409
0.0218763
0.0104967
0.0256041
0.0434583
0.0516006
0.0501291
0.0494424
0.0536607
0.062784
0.0733788
0.0864261
0.075537
0.0563094
0.0513063
0.0410058
0.0346293
0.0307053
0.0275661
0.0275661
0.0162846
0.0139302
0.0199143
0.0183447
0.0142245
0.016677
0.0075537
0.0037278
0.00981
0.0038259
-0.0025506
-0.0184428
-0.0146169
0.001962
0.0034335
0.0122625
0.0299205
0.0309015
0.0190314
0.0198162
0.0286452
0.0226611
0.0129492
0.0108891
0.0126549
0.020601
0.0367875
0.0337464
0.0484614
0.0643536
0.0620973
0.0703377
0.0727902
0.0774009
0.0883881
0.111245
0.134397
0.137536
0.130767
0.142441
0.15078
0.162159
0.182368
0.181681
0.174814
0.168634
0.170302
0.169517
0.165985
0.164023
0.138812
0.118897
0.109382
0.100945
0.0952551
0.0946665
0.0929988
0.083385
0.0751446
0.0877014
0.0946665
0.0813249
0.0782838
0.0842679
0.0837774
0.0758313
0.0834831
0.0815211
0.0766161
0.0740655
0.0810306
0.0724959
0.0521892
0.0430659
0.0388476
0.0315882
0.0228573
0.0094176
0.0055917
0.0130473
0.0212877
0.0153036
-0.0015696
-0.0123606
-0.0258984
-0.0332559
-0.0232497
-0.0246231
-0.0494424
-0.0574866
-0.0508158
-0.044145
-0.0557208
-0.055917
-0.0469899
-0.0525816
-0.0444393
-0.036297
-0.0191295
-0.0025506
0.0134397
0.0185409
0.0125568
0.0081423
0.0125568
0.0131454
0.007848
0.0108891
0.0124587
0.014715
0.0200124
0.0234459
0.0222687
0.0209934
0.016677
0.0092214
0.0042183
-0.0116739
-0.0232497
-0.0241326
-0.0363951
-0.0482652
-0.0541512
-0.0615087
-0.0727902
-0.0754389
-0.0767142
-0.0731826
-0.0760275
-0.0986886
-0.125862
-0.134299
-0.127922
-0.145482
-0.17452
-0.192963
-0.199437
-0.195415
-0.187371
-0.170988
-0.170988
-0.191687
-0.209051
-0.202478
-0.193061
-0.202478
-0.224747
-0.235734
-0.229456
-0.220333
-0.21582
-0.214741
-0.21376
-0.222
-0.22563
-0.22563
-0.221804
-0.214839
-0.210719
-0.209149
-0.208364
-0.21994
-0.229848
-0.227494
-0.221412
-0.217586
-0.213367
-0.203656
-0.191099
-0.188548
-0.195513
-0.179033
-0.174127
-0.170105
-0.167751
-0.168928
-0.167751
-0.168928
-0.169713
-0.170105
-0.170694
-0.173539
-0.176286
-0.177659
-0.17295
-0.168732
-0.170596
-0.165495
-0.158922
-0.165298
-0.171381
-0.173539
-0.177855
-0.177855
-0.177561
-0.17295
-0.160197
-0.145678
-0.133808
-0.125078
-0.12184
-0.116347
-0.108989
-0.0998658
-0.0885843
-0.0674928
-0.0393381
-0.0136359
0.0021582
0.0061803
0.0099081
0.0105948
0.0081423
0.0093195
0.0051012
0.0018639
0.0077499
0.0004905
-0.0087309
0.0050031
0.0268794
0.0317844
0.0337464
0.0370818
0.0335502
0.0234459
0.0276642
0.0434583
0.0643536
0.0830907
0.0871128
0.0919197
0.104673
0.106144
0.106733
0.108597
0.117131
0.133122
0.146365
0.148621
0.150289
0.156371
0.169124
0.187567
0.200615
0.200516
0.197966
0.199143
0.202773
0.199339
0.187175
0.176972
0.173637
0.167261
0.16883
0.167162
0.161865
0.162159
0.155587
0.149799
0.140283
0.124587
0.117916
0.126549
0.140087
0.148523
0.144501
0.142539
0.152153
0.156371
0.150191
0.139106
0.134103
0.128315
0.126745
0.125764
0.118309
0.132337
0.143324
0.138321
0.142343
0.154507
0.162846
0.165495
0.167064
0.174422
0.18276
0.19208
0.204244
0.218174
0.227984
0.238677
0.252902
0.262908
0.267813
0.274778
0.275661
0.268205
0.25663
0.249959
0.240345
0.238677
0.236225
0.226317
0.222098
0.221216
0.218076
0.211111
0.206501
0.206402
0.211504
0.216605
0.217684
0.207187
0.19777
0.193453
0.186881
0.181485
0.175207
0.169713
0.165102
0.151564
0.145678
0.134593
0.1291
0.128315
0.120565
0.118603
0.112717
0.108695
0.0868185
0.0741636
0.0625878
0.0457146
0.0416925
0.0296262
0.0169713
0.0218763
0.0229554
0.0181485
0.0153036
0.0024525
-0.0086328
-0.0116739
-0.0124587
-0.0150093
-0.0464013
-0.0673947
-0.0821097
-0.101828
-0.110166
-0.117033
-0.134299
-0.150093
-0.15745
-0.156568
-0.160688
-0.175403
-0.183153
-0.194042
-0.203067
-0.202184
-0.198162
-0.206501
-0.215526
-0.215428
-0.200713
-0.190314
-0.182858
-0.167849
-0.157647
-0.161571
-0.164121
-0.154704
-0.132239
-0.119486
-0.103594
-0.0939798
-0.0855432
-0.0690624
-0.0544455
-0.0410058
-0.0346293
-0.0335502
-0.0398286
-0.0447336
-0.0410058
-0.0410058
-0.0427716
-0.0361989
-0.0486576
-0.0646479
-0.0640593
-0.0719073
-0.0789705
-0.0857394
-0.083385
-0.086328
-0.0985905
-0.111147
-0.109382
-0.125764
-0.12959
-0.11566
-0.119584
-0.123802
-0.120467
-0.114483
-0.116543
-0.101533
-0.0852489
-0.0979038
-0.118701
-0.114286
-0.102613
-0.0929007
-0.0751446
-0.0849546
-0.102809
-0.107518
-0.102613
-0.0918216
-0.0763218
-0.0751446
-0.0886824
-0.0777933
-0.0481671
-0.0447336
-0.0567999
-0.052974
-0.0444393
-0.0280566
-0.0330597
-0.0434583
-0.044145
-0.0378666
-0.035316
-0.0377685
-0.0341388
-0.0207972
-0.0133416
-0.0244269
-0.0390438
-0.0035316
0.0298224
0.0205029
0.0355122
0.0478728
0.0388476
0.0309015
0.0462051
0.0709263
0.0723978
0.0517968
0.0393381
0.0435564
0.0241326
-0.0182466
-0.0293319
-0.0254079
-0.0391419
-0.0522873
-0.0591543
-0.0661194
-0.064746
-0.067689
-0.057879
-0.0404172
-0.0379647
-0.0417906
-0.0360027
-0.0173637
0.0095157
0.0121644
0.0202086
0.050031
0.0613125
0.0556227
0.0631764
0.0861318
0.0954513
0.0919197
0.081423
0.0713187
0.0710244
0.0704358
0.0612144
0.0632745
0.0551322
0.0369837
0.0351198
0.0477747
0.0474804
0.0449298
0.0571923
0.0796572
0.0825021
0.0683757
0.0605277
0.0648441
0.0740655
0.0688662
0.0543474
0.0411039
0.0363951
0.0331578
0.038259
0.0501291
0.0408096
0.031392
0.0328635
0.0356103
0.0303129
0.0337464
0.0312939
0.021582
0.0118701
0.0135378
0.0252117
0.02943
0.0174618
0.006867
0.0054936
0.0185409
0.0381609
0.0525816
0.0590562
0.0730845
0.0658251
0.0371799
0.0308034
0.042183
0.0453222
0.0448317
0.0471861
0.0359046
0.0312939
0.0258984
0.0209934
0.0197181
0.0023544
-0.0155979
-0.0020601
0.024525
0.0224649
0.0162846
0.0269775
0.028449
0.0132435
0.007848
0.006867
0.0070632
0.0064746
0.0022563
0.0004905
0.0054936
0.0059841
0.0151074
0.0201105
0.00981
-0.001962
-0.0044145
0
0.0054936
0.0059841
0.0033354
0.0028449
-0.0041202
-0.0174618
-0.0152055
-0.011772
-0.0089271
0.0154017
0.0192276
-0.0020601
-0.0091233
-0.0168732
-0.0301167
-0.0258003
-0.0152055
-0.0217782
-0.0417906
-0.0471861
-0.0453222
-0.0492462
-0.0416925
-0.031392
-0.0437526
-0.0534645
-0.0448317
-0.040221
-0.0340407
-0.0358065
-0.0450279
-0.0509139
-0.0484614
-0.0400248
-0.0336483
-0.0233478
-0.0250155
-0.0361989
-0.0434583
-0.0437526
-0.0369837
-0.0307053
-0.0311958
-0.042183
-0.0538569
-0.0704358
-0.0719073
-0.0556227
-0.0481671
-0.0589581
-0.0533664
-0.0434583
-0.0312939
-0.0258003
-0.0187371