0.0050031
0.0077499
0.001962
0.0002943
0.0023544
-0.0018639
-0.0074556
-0.0096138
-0.0092214
-0.0070632
-0.0057879
-0.0074556
-0.004905
-0.0010791
0.0060822
0.0059841
0.0025506
0.0051993
0.0035316
-0.0050031
-0.0091233
-0.0054936
0.002943
0.011772
0.0050031
-0.0001962
0.0038259
0.0035316
0.0040221
0.0090252
0.0077499
-0.0004905
-0.0024525
-0.0004905
0.0052974
0.0042183
-0.0091233
-0.0119682
-0.0092214
0.004905
0.0112815
-0.0081423
-0.0295281
-0.0233478
-0.0037278
0.005886
0.0076518
0.0005886
-0.0042183
-0.0047088
-0.0028449
-0.0001962
-0.0018639
0.0005886
0.0089271
0.0011772
-0.0006867
0.0033354
0.0129492
0.0100062
0.0048069
0.0072594
0.0170694
0.01962
0.0145188
0.0151074
0.0060822
-0.0018639
-0.0091233
-0.0173637
-0.0209934
-0.0232497
-0.0183447
-0.0089271
-0.0034335
0.0018639
-0.0022563
-0.0136359
-0.0061803
0.001962
-0.0063765
-0.0168732
-0.0094176
-0.0012753
-0.0034335
-0.0126549
-0.0001962
0.0174618
0.0155979
0.0065727
0.0108891
0.0181485
0.0216801
0.0208953
0.015696
0.0123606
0.0071613
0.0043164
0.0158922
0.0204048
-0.0004905
-0.0094176
-0.003924
-0.0116739
-0.0293319
-0.0178542
0.0010791
-0.0008829
-0.0185409
-0.0092214
0.0006867
0.0069651
-0.014715
-0.0481671
-0.0383571
-0.0103005
0.0113796
0.0065727
0.0040221
0.0050031
-0.0053955
-0.0036297
0.0027468
0.0229554
0.0224649
0.010791
0.0094176
0.0109872
0.0109872
0.0080442
0.0089271
-0.0055917
-0.0140283
-0.0017658
0.0163827
0.018639
0.0076518
-0.0125568
-0.0133416
-0.0063765
0.0026487
0.0061803
0.0056898
0.0042183
-0.0114777
-0.0154998
-0.0063765
0.0022563
-0.0177561
-0.0221706
0.0055917
0.0227592
0.0240345
-0.0082404
-0.0271737
-0.0079461
0.0060822
0.0057879
-0.0046107
0.0013734
0.0080442
0.0003924
0.0047088
0.0162846
0.0145188
-0.0165789
-0.0334521
-0.0345312
0.0091233
0.0253098
0.0116739
0.0061803
0.0168732
0.0197181
0.015696
0.017658
0.0099081
-0.0077499
-0.017658
-0.0165789
0.0002943
0.0036297
-0.0021582
-0.0022563
-0.0101043
-0.0128511
-0.0089271
-0.0016677
-0.0150093
-0.0069651
-0.0020601
-0.0006867
0.0093195
0.0092214
-0.014715
-0.0155979
-0.0060822
0.0030411
0.0004905
0.0061803
0.0083385
0.0053955
-0.0075537
0.0105948
0.0191295
0.0012753
0.0011772
0.0028449
-0.0084366
-0.017658
0.0012753
0.0206991
0.0157941
-0.0077499
-0.0223668
-0.0038259
0.0123606
-0.0129492
-0.0422811
-0.0223668
0.0022563
0.0268794
0.0543474
0.0385533
-0.0016677
-0.013734
-0.0223668
-0.0094176
0.0129492
0.0071613
-0.0085347
0.0014715
0.0106929
0.0301167
0.0266832
-0.0001962
-0.0273699
-0.0342369
-0.0247212
-0.0224649
0.0132435
0.0348255
0.0180504
-0.0103005
-0.0305091
-0.0112815
0.0035316
-0.0133416
-0.032373
-0.0326673
-0.0129492
0.0114777
0.0032373
-0.0139302
-0.0201105
-0.0142245
0.0301167
0.0583695
0.0290376
0.0002943
0.003924
0.0008829
-0.0082404
-0.0227592
-0.0121644
0.0231516
0.0023544
-0.0142245
0.0330597
0.0433602
0.0241326
0.0163827
0.000981
0.0218763
0.0229554
-0.0293319
-0.0232497
0.0018639
-0.0062784
-0.0334521
-0.0422811
-0.0732807
-0.0423792
-0.0273699
0.0032373
0.0298224
0.0067689
0.0175599
0.0247212
-0.0112815
-0.0259965
-0.010791
-0.0076518
0.005886
0.0187371
0.0183447
0.0491481
0.0697491
0.0563094
0.0434583
-0.0005886
-0.0524835
-0.0749484
-0.0803439
-0.0355122
0.0491481
0.0810306
0.0851508
0.0554265
-0.0010791
-0.0410058
-0.0478728
-0.0537588
-0.0361989
-0.0360027
-0.0580752
-0.0417906
0
0.0228573
0.0697491
0.0877014
0.056898
-0.0408096
-0.126941
-0.101828
-0.0154998
-0.0090252
-0.021582
0.050031
0.0573885
0.0182466
0.041202
0.0726921
0.0768123
0.0131454
-0.0747522
-0.114188
-0.0934893
-0.0337464
0.0064746
0.0516006
0.073575
0.0958437
0.0944703
0.0342369
0.0016677
-0.0267813
-0.0521892
-0.0944703
-0.0728883
-0.0496386
-0.0083385
0.0242307
0.0167751
0.0260946
0.0358065
0.0307053
0.0172656
-0.0131454
-0.0155979
-0.0401229
-0.0796572
-0.0631764
0.0361008
0.0958437
0.0761256
0.0710244
0.0221706
0.0174618
0.0413001
0.0219744
-0.0483633
-0.0966285
-0.128217
-0.0569961
0.0822078
0.114875
0.0693567
0.0082404
-0.0487557
-0.046107
-0.0334521
-0.0582714
-0.0973152
-0.0803439
-0.0197181
0.0409077
0.0712206
0.0207972
-0.0037278
-0.030411
-0.0291357
0.0463032
0.096138
0.0385533
-0.0464994
-0.0401229
0.0106929
0.0570942
0.0654327
0.0742617
0.063765
0.0089271
-0.0350217
-0.0164808
0.0172656
0.0133416
-0.0114777
-0.0251136
0.0013734
0.0263889
-0.0070632
-0.0581733
-0.0484614
-0.0062784
0.0237402
-0.0138321
-0.0675909
-0.0488538
-0.0130473
-0.0015696
-0.0406134
-0.0736731
-0.04905
0
-0.0090252
-0.0097119
0.0275661
0.0479709
0.0719073
0.0685719
0.0358065
-0.0046107
-0.0155979
0.0030411
0.0422811
0.0748503
0.0871128
0.0614106
0.0269775
0.0040221
0.0003924
0.0232497
0.0083385
-0.0604296
-0.0845622
-0.047088
-0.0262908
-0.0061803
-0.0212877
0.0092214
0.0523854
0.0395343
-0.0447336
-0.109185
-0.111736
-0.077499
-0.0760275
-0.103201
-0.0898596
0.0229554
0.06867
0.020601
0.0224649
0.0791667
0.165789
0.154311
0.0513063
-0.017658
-0.0169713
0.0324711
0.103299
0.105556
0.0477747
-0.0249174
-0.0175599
-0.0091233
-0.0149112
-0.0625878
-0.0894672
-0.0932931
-0.0344331
0.0635688
0.0713187
-0.0246231
-0.0803439
-0.0173637
0.0596448
0.0397305
-0.0697491
-0.124685
-0.113011
-0.021582
-0.0208953
-0.0378666
-0.0158922
0.0369837
0.0569961
0.056898
0.091233
0.0940779
0.0311958
-0.0291357
-0.0094176
0.0295281
-0.0154017
-0.0756351
-0.0444393
0.0452241
0.06867
0.0165789
-0.0370818
-0.047088
0.0030411
0.0415944
0.0514044
0.0526797
0.0209934
-0.023544
-0.0307053
0.0341388
0.0425754
-0.0350217
-0.139891
-0.109578
-0.0341388
0.0521892
0.054936
-0.0113796
-0.0061803
0.0207972
0.0619992
0.08829
0.0393381
-0.0534645
-0.112324
-0.0762237
-0.0252117
0.0142245
0.0199143
0.01962
0.0527778
0.0866223
0.06867
0.0483633
-0.030411
-0.124489
-0.0587619
-0.0076518
-0.0190314
-0.053955
-0.063765
-0.0150093
0.0605277
0.0179523
-0.0496386
-0.0617049
-0.0448317
0.0184428
0.104182
0.103594
0.035316
-0.0348255
-0.0354141
0.062784
0.115464
0.0758313
-0.022563
-0.0481671
-0.043164
0.0226611
0.0183447
-0.0387495
-0.0140283
-0.0007848
0.0132435
0.0129492
-0.0076518
0.0276642
-0.0026487
-0.0331578
-0.0237402
-0.0189333
-0.112226
-0.217488
-0.153821
-0.0263889
0.0704358
0.0422811
0.0617049
0.129884
0.146267
0.11978
0.0555246
-0.0440469
-0.125764
-0.120074
-0.0178542
0.0356103
0.0219744
0.0495405
0.0803439
0.0289395
0.0035316
-0.0200124
-0.0569961
-0.0566037
-0.0585657
-0.0258003
0.047088
-0.0031392
-0.0551322
-0.0136359
0.0271737
0.0707301
0.0602334
-0.012753
-0.0232497
-0.057879
-0.156273
-0.0387495
0.0713187
0.0517968
0.0533664
-0.0155979
-0.0407115
0.074556
0.0305091
-0.0486576
-0.074556
-0.0729864
-0.0263889
0.0811287
0.117818
0.112226
0.110166
9.81e-05
-0.114875
-0.130964
-0.113207
-0.0573885
0.0253098
0.0153036
0.0289395
-0.0197181
0.0734769
0.186782
0.214447
0.117033
-0.0015696
-0.0960399
-0.207089
-0.259474
-0.154409
-0.0669042
0.0158922
0.132239
0.0949608
0.0620973
0.0144207
-0.0066708
0.0066708
0.0828945
-0.0311958
-0.116641
-0.0541512
-0.0139302
0.0796572
0.145482
-0.018639
-0.100356
-0.046107
-0.0689643
-0.0550341
0.0177561
-0.0719073
-0.0831888
-0.081423
0.0302148
0.353552
0.434975
0.0836793
-0.11566
-0.115758
-0.247506
-0.153527
0.0452241
-0.0312939
-0.0801477
-0.0908406
-0.0950589
0.036297
0.0345312
-0.015696
0.100258
0.149112
0.00981
-0.0396324
-0.0233478
-0.0020601
0.180896
0.146365
-0.146169
-0.164121
-0.132141
-0.0018639
0.182956
0.146267
0.157058
0.140479
0.0352179
-0.110853
-0.0394362
0.0661194
-0.0174618
-0.110363
-0.142441
-0.0155979
0.057879
0.106439
0.102711
0.0719073
0.0750465
0.0190314
-0.125274
-0.0583695
-0.0302148
0.104182
0.207187
0.202478
0.129001
-0.0357084
-0.0829926
0.0190314
0.17658
0.0715149
-0.0877995
-0.216114
-0.177267
-0.0900558
-0.10379
-0.101828
-0.0883881
-0.0674928
-0.0950589
-0.118112
-0.123998
0.055917
0.0856413
0.0173637
-0.122429
-0.0606258
0.0641574
0.0368856
0.0125568
-0.066708
-0.0764199
-0.101828
-0.0869166
-0.0318825
0.120467
0.352277
0.385043
0.214348
0.0201105
0.0855432
0.218076
0.165789
-0.0059841
-0.20964
-0.120369
-0.0380628
-0.0053955
0.0258003
-0.020601
0.0406134
-0.0625878
-0.111834
-0.154998
-0.061803
0.001962
-0.0286452
-0.0849546
-0.200124
-0.172558
-0.103005
-0.0679833
-0.136261
-0.195611
0.0992772
0.124195
-0.0416925
-0.10016
0.0393381
0.109578
0.266832
0.292142
0.0512082
-0.0173637
0.0295281
0.0154998
0.100651
0.267813
0.431346
0.482652
0.267421
-0.0763218
-0.296066
-0.24525
-0.366207
-0.391811
-0.151761
-0.0194238
0.0437526
-0.0338445
0.103594
0.29224
0.289591
-0.107812
-0.442333
-0.58654
-0.384748
-0.109578
-0.223178
-0.419279
-0.235244
0.11566
0.259769
0.365619
0.389457
0.412609
0.289395
-0.111245
-0.283901
-0.317059
-0.0297243
0.254962
0.308426
0.238285
0.241228
0.332167
0.394166
0.315686
0.0008829
-0.155194
-0.21219
-0.183839
-0.39603
-0.32785
-0.0585657
0.187469
0.228671
0.0467937
0.0401229
0.076518
-0.0960399
-0.399071
-0.48275
-0.338053
-0.179915
-0.154704
-0.0654327
0.0862299
0.295968
0.28292
0.234753
0.169321
0.119878
0.21739
0.175697
-0.0030411
-0.173441
-0.0414963
0.116249
0.103594
0.129983
0.059841
0.0292338
-0.0703377
0
0.0283509
-0.0712206
-0.183251
-0.148916
-0.0906444
-0.147837
0.136163
0.215428
0.018639
-0.0940779
-0.0554265
-0.0177561
0.0300186
0.0028449
-0.26899
-0.349923
-0.0844641
-0.0537588
-0.0240345
0.0508158
0.056898
0.242013
0.259474
0.0775971
-0.0154017
-0.127334
-0.344233
-0.270756
-0.166476
-0.0925083
0.126549
0.163336
0.211405
0.209247
0.191295
0.0893691
0.134593
0.175795
0.0805401
0.0361008
-0.167064
-0.278996
-0.171283
0.0886824
0.293515
0.247016
0.0988848
-0.166279
-0.335502
-0.298518
-0.237206
-0.229946
-0.127039
-0.106929
0.11615
0.184722
0.211013
0.392204
0.0527778
-0.194238
-0.141362
0.0409077
-0.0704358
-0.298518
-0.309996
-0.135378
0.308034
0.492364
0.708086
0.567018
0.42232
0.0575847
-0.314018
-0.432229
-0.374153
-0.204048
-0.354141
-0.396913
-0.453909
-0.307347
0.0544455
0.213171
0.0165789
0.0502272
0.0144207
0.0808344
0.0371799
-0.258297
-0.207187
0.0341388
0.198653
0.159314
-0.144305
-0.17815
0.0675909
0.0504234
0.0535626
0.0077499
-0.0051993
0.262123
0.44145
0.380726
0.150584
0.064746
0.0738693
-0.0613125
-0.287139
-0.210032
0.111147
0.0311958
-0.0315882
0.0271737
-0.0376704
-0.166181
-0.114875
-0.183153
-0.173343
0.182368
0.185311
-0.0957456
-0.326967
-0.299597
0.13734
0.424675
0.309898
0.0489519
-0.112913
-0.131258
-0.06867
0.0754389
0.0747522
-0.0104967
-0.0051993
-0.097119
-0.124489
-0.0638631
-0.0844641
0.0324711
0.126941
-0.048069
-0.128707
0.005886
0.1291
-0.0997677
-0.172264
0.184624
0.336385
0.309996
0.109578
-0.229162
-0.439782
-0.313135
-0.136261
0.336483
0.428795
0.467348
0.152546
-0.0241326
-0.0752427
-0.211602
-0.0409077
-0.0006867
-0.0675909
-0.392204
-0.320787
-0.115856
0.231418
0.61597
0.613615
0.103594
-0.193944
-0.540825
-0.416042
-0.209345
-0.0316863
-0.0842679
-0.16314
-0.219842
-0.201399
0.163238
0.36248
0.285079
0.273503
0.256041
0.219155
0.0112815
-0.201007
-0.16834
0.259474
0.218763
-0.116249
-0.397992
-0.0652365
0.371995
0.549164
0.262418
-0.0897615
-0.106242
-0.128903
-0.181485
-0.117328
0.0562113
0.149602
0.171969
0.158432
-0.0244269
-0.120271
-0.276151
-0.378666
-0.247114
-0.165985
-0.119584
-0.168732
-0.276151
-0.0677871
0.237893
0.259965
0.252313
0.371995
0.465386
0.415846
-0.0262908
-0.203263
-0.201301
0.0065727
0.0537588
-0.102514
0.048069
-0.0169713
0.113207
0.106831
-0.198064
-0.45489
-0.500408
-0.244269
0.087309
0.13891
-0.0848565
-0.156371
-0.0286452
0.0275661
0.131454
0.125274
-0.0347274
-0.154213
0.0546417
-0.255943
-0.248585
0.128903
0.397992
0.624505
0.549066
0.187861
0.0703377
0.0016677
0.0236421
0.156764
0.0424773
0.0788724
0.149701
0.083385
0.0999639
0.0769104
-0.232007
-0.251038
-0.273307
-0.235146
-0.486184
-0.612536
-0.300284
0.0125568
0.235244
0.134495
0.0494424
0.21994
0.592426
0.817075
0.680225
0.110657
-0.279879
-0.337856
-0.163533
0.139596
0.542983
0.478041
0.0575847
-0.346587
-0.338543
0.0558189
0.444687
0.301363
0.175501
0.401523
0.719171
0.857002
0.930871
0.903893
0.879467
0.633137
0.0970209
-0.873973
-2.3699
-3.58134
-3.44223
-2.12936
-0.391419
0.500114
1.1617
0.649226
0.363657
0.438213
-0.20395
-0.745364
-1.25833
-0.987965
0.515025
1.48965
0.0238383
-1.42274
-1.18573
-0.868872
0.545338
1.13659
1.3527
1.60109
1.29325
1.04722
0.939602
0.899283
0.172852
-0.254962
-0.288022
-0.330499
-0.533173
-0.956769
-0.292044
0.0800496
0.288512
0.395932
0.0104967
-0.49099
-0.751152
-0.688564
-0.215918
0.314607
0.450377
0.513063
0.243975
-0.230437
-0.342761
-0.299401
-0.241816
-0.415748
-0.45283
-0.262123
-0.119192
-0.0555246
0.12753
0.404564
0.577711
0.389163
0.182662
0.287923
0.487753
0.764395
0.978253
0.724174
0.179327
-0.182368
-0.607043
-0.600274
-0.658349
-0.408292
-0.115954
-0.0671004
-0.409077
-0.897713
-1.32759
-1.75952
-0.757528
0.820803
0.668846
0.740753
1.76737
1.81926
0.452339
0.0535626
-0.848271
-0.334129
-0.421634
-1.22547
-1.93698
-0.921748
1.36859
1.31179
1.10951
-0.061803
-0.991399
-0.910368
-0.710048
1.15581
2.42866
1.49553
0.431051
0.410058
0.412609
0.196789
-0.480298
-0.974133
-0.657074
-0.0756351
0.284196
0.249959
-0.007848
-0.133907
0.0106929
-0.0492462
-0.285863
-0.206108
0.169026
0.196396
-0.250547
-0.455674
-0.262516
0.407115
0.717503
0.365913
-0.567116
-0.987082
-0.898498
-0.802654
-0.544651
-0.196102
0.0666099
-0.232693
-0.673849
-0.492756
-0.740851
-0.883979
-0.199241
0.147837
0.737908
0.369837
-0.0093195
0.0108891
-0.362872
-0.0653346
-0.026487
0.506
0.79824
0.783034
-0.0561132
-0.982373
-1.10196
-0.658251
0.224845
0.835125
1.22184
1.34505
0.829435
-0.269284
-0.519145
0.143815
0.601059
0.861122
0.804518
0.0416925
-0.670415
-1.06223
-1.16886
-0.567508
-0.02943
0.0914292
0.268598
0.516398
0.871226
-0.205912
-0.245446
0.0261927
-0.0072594
0.332167
-0.079461
-0.441941
-0.781072
-0.470291
0.231908
-0.123508
-0.0710244
0.308328
0.929301
0.812268
-0.362087
-0.606552
-0.312939
-0.152447
0.296851
0.195808
0.116052
0.165102
0.387593
0.5215
0.507275
0.147346
0.0659232
0.247997
0.439194
-0.14097
-1.02348
-1.45629
-1.5746
-0.608024
0.426245
0.549164
0.710931
1.00709
1.05879
0.733101
0.314116
0.455871
0.291946
-0.175599
-0.945488
-0.910074
-0.396913
-0.218371
0.161669
0.351885
-0.165887
-0.159903
0.224159
-1.03123
-1.15444
-0.170302
-0.254275
-0.0659232
-0.139302
-0.131748
0.336973
0.802458
1.24116
1.10755
0.976585
0.869951
0.657957
0.0474804
-0.560936
-0.859062
-1.13139
-0.662469
0.419966
0.961478
1.02838
0.62941
-0.503842
-1.32376
-1.65711
-0.784702
-0.167064
-0.612929
-0.508648
-0.0782838
0.981
1.83398
1.74667
0.882311
0.177365
-0.290376
-0.466367
-0.372093
-0.307642
-0.348942
-0.631568
-0.880055
-0.353552
0.10173
-0.514338
-0.525914
-0.857688
-1.14659
-0.810698
0.185605
1.85733
1.71234
0.575357
0.384356
0.150387
0.486674
0.644909
0.580654
0.446061
0.350708
0.29587
0.291946
0.328537
0.183447
0.0972171
0.588502
0.626761
0.342271
-0.381609
-0.652954
-0.833065
-0.711715
-0.795199
-1.38439
-1.41078
-1.6419
-1.43079
-0.283117
-0.577122
-0.632353
-0.892023
-0.461757
0.0498348
0.673457
1.73451
2.10631
1.50221
1.05605
0.746345
-0.216212
-0.43576
-0.184722
0.206893
0.607533
0.635197
0.526895
0.273699
-0.320689
-0.599293
-0.368169
0.0159903
0.390732
0.705339
0.767927
0.497858
0.136359
-0.419378
-0.645007
-0.411824
-0.470684
-0.426245
-0.685425
-0.768613
-0.404172
-0.283901
-0.472646
-0.328341
0.340701
1.32739
0.168438
-1.05565
-0.48069
-1.11814
-0.667767
0.617441
0.84523
1.17406
0.371014
0.0748503
0.62372
0.498544
0.297341
0.108204
0.166966
0.349432
0.410647
0.528563
0.798534
0.629704
-0.360125
-1.20006
-1.3579
-1.2136
-0.946469
-0.0277623
0.452241
0.966481
1.32984
1.56401
1.2702
0.49825
-0.0339426
-0.403093
-0.847388
-1.02112
-0.985414
-0.127334
1.07361
1.83682
0.406428
-1.18672
-0.410254
-1.27118
-1.48445
-1.60649
-1.38154
-1.33789
-1.22331
-1.141
-0.834537
0.040221
0.264968
-0.0722016
-0.109087
0.329126
0.674634
0.915273
1.64759
2.00654
1.77698
1.54684
1.34652
1.35986
1.19211
0.701121
0.0348255
-0.551224
-0.967855
-1.18152
-1.34279
-0.550832
0.0821097
-0.24368
0.196985
0.408783
0.255354
-0.304208
-0.896143
-1.28109
-1.47464
-1.24146
-0.560936
0.173048
0.0216801
-0.0229554
0.284294
0.448808
0.567803
0.449985
0.0541512
-0.195219
-0.190118
-0.653346
-1.54409
-1.22556
0.322062
0.756841
0.0812268
0.320689
0.132926
0.370622
0.75125
0.246329
-0.412805
0.062784
0.449887
1.10294
1.71812
2.07864
1.60217
0.458716
0.174716
-0.0921159
-0.711814
-1.1774
-1.48259
-1.54429
-1.03741
-0.300971
0.253392
0.197279
0.181387
0.162257
0.48687
0.289493
-0.114875
-0.198456
-0.247114
0.0336483
0.198358
-0.383375
-0.44145
-0.13165
-0.0761256
-0.0485595
-0.386906
-0.586344
-1.11216
-0.942937
0.147052
0.209149
0.121644
0.358065
0.455282
0.78686
0.438311
0.401425
0.414276
0.434975
-0.292436
-0.698864
-0.320983
0.272522
0.677871
0.976291
0.82198
0.453614
0.0777933
-0.198162
-0.382198
-0.34178
-0.444982
-0.387789
0.114581
0.0999639
-0.0823059
-0.411235
-0.396226
-0.333442
-0.362578
-0.311958
-0.510709
-0.621365
-0.659526
-0.767044
-0.223374
0.730943
1.16121
0.74556
0.546221
-0.0506196
-0.800987
-0.862299
-0.629312
0.495503
0.52562
0.336679
0.358261
0.324711
0.154115
-0.167653
-0.408194
-0.533272
-0.464798
-0.126941
0.157941
0.599881
0.948529
0.860926
0.334227
0.269383
0.579771
0.660605
0.242013
-0.588306
-0.851116
-0.95775
-0.800398
-0.330989
0.198653
0.4595
0.40172
0.24888
0.101632
0.0403191
0.318236
0.618422
0.867989
1.03986
0.613027
-0.419181
-1.01043
-1.37938
-1.34809
-0.457342
0.102711
0.178444
0.489813
0.0366894
-0.693763
-1.01622
-0.621071
0.273601
0.303423
0.0644517
0.0349236
0.0797553
0.143128
0.290082
0.543376
0.782053
0.869755
0.759981
0.619011
0.308721
-0.26693
-0.59635
-0.326281
-0.145973
-0.326967
-0.589875
-0.922827
-0.509237
0.154606
0.486478
0.485791
0.362578
0.344233
0.343546
0.542591
0.674928
0.113502
-0.606749
-0.550733
-0.636865
-0.405055
-0.367286
-0.46264
-0.316176
-0.19463
-0.0950589
-0.260652
-0.285569
-0.0707301
0.0430659
0.0880938
0.353062
0.50649
0.432229
0.269284
0.195808
-0.135574
-0.345606
-0.117426
0.253687
0.555344
0.745462
0.499623
-0.17452
-0.583499
-0.608612
-0.614204
-0.513259
-0.37641
-0.0612144
0.404172
0.621365
0.691997
0.480101
-0.045126
-0.292338
-0.219057
-0.0719073
-0.0160884
0.179523
0.333932
0.159314
-0.155783
-0.232203
-0.296949
-0.33923
-0.365422
-0.196396
-0.15647
-0.269775
-0.382492
-0.443804
-0.450966
-0.342369
-0.175207
0.114188
0.340701
0.659428
0.867989
0.947254
0.915862
0.880349
0.509924
0.213367
0.090252
-0.339426
-0.773224
-0.765769
-0.250842
-0.204146
-0.0332559
0.243877
0.460187
0.542003
0.271737
-0.285177
-0.542493
-0.268009
0.0606258
-0.0586638
-0.308328
-0.413688
-0.583597
-0.3046
0.332068
0.464994
0.360714
0.29842
0.189627
-0.174226
-0.463032
-0.473921
-0.221216
0.0903501
0.311468
0.516889
0.56535
0.394754
0.153625
0.0011772
-0.128315
-0.237794
-0.524835
-0.566331
-0.150976
0.320198
0.430953
0.259082
-0.0611163
-0.301069
-0.44096
-0.312841
-0.0199143
0.209542
0.263987
0.164219
0.0950589
0.276151
0.394951
0.506785
0.492658
0.488734
0.242503
-0.0930969
-0.326673
-0.643144
-0.779306
-0.465386
-0.0341388
-0.0609201
0.214643
0.296556
0.242209
0.31804
0.0948627
-0.148523
-0.31186
-0.387201
-0.0826983
0.25506
0.315686
0.513553
0.552205
0.325103
-0.197181
-0.582322
-0.668846
-0.503645
-0.451162
-0.227494
0.122723
-0.0063765
-0.150289
-0.118309
-0.293908
-0.292828
-0.263987
-0.264968
-0.148621
-0.0162846
0.147444
0.331872
0.558679
0.706516
0.466269
-0.0688662
-0.0911349
-0.206206
-0.0584676
0.19257
0.201301
0.328046
0.413099
0.438703
0.0376704
-0.380334
-0.747031
-1.0377
-0.481671
-0.117426
-0.0429678
0.401818
0.489127
0.61803
0.432817
0.0781857
0.0683757
0.132926
-0.0249174
-0.274582
-0.735456
-0.88702
-0.775971
-0.669336
-0.332657
0.255943
0.612634
0.334913
0.134005
0.144011
0.419868
0.704064
0.786664
0.492953
-0.267028
-0.553774
-0.356888
-0.0070632
0.231712
0.0428697
-0.302737
-0.470586
-0.172165
0.197279
0.169419
0.311958
0.200811
-0.0576828
-0.183153
-0.11723
0.0440469
0.189431
0.237304
0.187567
0.0601353
0.107518
0.350708
0.370524
0.454693
0.330597
0.0506196
-0.106242
-0.364736
-0.535528
-0.5886
-0.443804
-0.0140283
0.0040221
-0.244465
-0.243779
-0.298028
0.0041202
0.168536
0.279585
0.259671
0.166083
-0.39083
-0.818939
-0.89428
-0.952257
-0.900068
-0.81217
-0.738301
-0.762728
-0.691507
0.03924
0.717405
0.549851
0.8984
1.60148
1.47268
0.443412
0.148327
0.325398
0.395049
0.685327
0.961282
1.08342
0.999933
0.578005
0.0254079
-0.0533664
-0.21631
-0.307642
-0.417317
-0.47294
-0.252313
0.0954513
0.471665
0.316569
-0.0387495
-0.392008
-0.609692
-0.828258
-0.919589
-0.909681
-0.891925
-0.890258
-0.561917
-0.0883881
0.110657
0.249665
0.174912
-0.198849
-0.174912
0.155096
0.166378
-0.333246
0.191099
0.389751
0.346784
0.300873
0.15078
0.177561
0.275072
0.475491
0.717896
0.762433
0.420064
-0.224159
-0.561917
-0.679342
-0.845622
-0.982864
-0.782838
0.111834
0.644517
0.835223
0.997775
0.737025
0.356692
-0.101435
-0.20238
-0.180602
-0.325398
-0.581144
-0.650403
-0.303129
0.00981
0.0037278
-0.0998658
-0.202086
0.0328635
0.35728
0.36248
0.261535
0.267126
0.36503
0.408292
0.175991
-0.211209
-0.477649
-0.653935
-0.589287
-0.312645
-0.0890748
0.0722016
0.269775
-0.0238383
-0.413982
-0.518655
-0.325103
0.0867204
0.440763
0.666001
0.620581
0.49099
0.131062
-0.211209
-0.37847
-0.47451
-0.403976
-0.259573
0.108302
0.444491
0.609495
0.599391
0.420359
0.380824
0.164612
-0.196887
-0.430365
-0.582125
-0.751838
-0.738987
-0.0140283
0.774598
0.863378
0.568489
-0.131846
-0.296066
-0.0726921
0.235538
0.219155
0.0082404
-0.213073
-0.492168
-0.640789
-0.595565
-0.546123
-0.368856
-0.0482652
0.225532
0.298518
0.420947
0.592328
0.447042
-0.104575
-0.520715
-0.830613
-1.01789
-0.715149
-0.356495
-0.0246231
0.32942
0.491775
0.73163
0.917137
0.732218
0.364343
0.369739
0.331382
0.203754
-0.0898596
-0.345999
-0.55711
-0.772145
-0.73732
-0.219352
0.181779
0.0575847
0.287433
0.622935
0.846505
0.927143
0.934697
0.786958
0.106635
-0.559072
-0.801968
-0.906934
-0.692292
-0.387593
-0.184134
-0.205912
-0.222098
-0.0006867
0.265557
0.0089271
-0.529446
-0.638827
-0.455184
-0.0084366
0.0967266
0.0866223
0.153428
0.175697
0.275367
0.39858
0.407998
0.385925
0.318433
0.312252
0.245839
0.084366
-0.0949608
-0.365913
-0.402014
-0.362578
-0.461757
-0.552303
-0.439194
0.0177561
0.29587
0.398188
0.646577
0.744579
0.798436
0.57928
-0.207776
-0.78637
-0.864948
-0.824923
-0.763905
-0.616068
-0.369445
-0.0910368
0.144894
0.402897
0.545338
0.599489
0.652071
0.565252
0.469114
0.551518
0.561819
0.496092
0.399071
0.297832
0.162748
-0.0920178
-0.209247
-0.277329
-0.284882
-0.279781
-0.375036
-0.601255
-0.666001
-0.589581
-0.49982
-0.393381
-0.284686
-0.0778914
0.257414
0.418789
0.52356
0.51993
0.35267
0.174814
-0.0453222
-0.446944
-0.607141
-0.640397
-0.575945
-0.137929
0.36866
0.615872
0.577024
0.358948
0.0501291
-0.094176
-0.0442431
0.199241
0.334325
0.323141
0.26281
-0.0840717
-0.202184
-0.178444
-0.476276
-0.57673
-0.536116
-0.326182
-0.242013
-0.220431
-0.0613125
0.164318
0.332461
0.429384
0.452437
0.31392
0.272326
0.251725
0.168241
0.0993753
0.330205
0.689839
0.853764
0.848957
0.702102
0.375134
-0.118309
-0.432229
-0.762237
-0.976978
-1.02259
-0.941073
-0.785192
-0.378372
0.118603
0.328145
0.651678
0.816192
0.595958
0.169026
-0.0887805
-0.179621
-0.22563
-0.391713
-0.464896
-0.435858
-0.537098
-0.466073
-0.294889
0.0276642
0.549556
0.31186
-0.0505215
0.318138
0.189529
0.137536
0.064746
0.226611
0.358261
0.639612
0.727215
0.505607
0.233772
-0.0761256
-0.315588
-0.362381
-0.333736
-0.310192
-0.434681
-0.454792
-0.277917
0.116837
0.325398
0.418593
0.418495
0.26693
0.124293
-0.0004905
-0.188842
-0.369543
-0.402504
-0.394068
-0.461757
-0.589385
-0.694352
-0.332363
0.393381
0.330303
0.0506196
-0.185017
-0.127236
-0.0453222
0.006867
0.0367875
0.225041
0.416827
0.675909
0.641476
0.405251
0.366502
0.190903
0.0218763
-0.0732807
-0.224649
-0.320591
-0.179523
-0.0289395
0.0532683
0.0962361
-0.0898596
-0.378372
-0.553873
-0.679931
-0.121938
0.603021
0.518262
0.475491
0.069651
-0.126647
-0.174618
-0.0607239
-0.186979
-0.409175
-0.411137
-0.222393
0.283509
0.448415
0.20395
0.017658
-0.0505215
-0.227984
-0.226219
-0.227788
-0.327262
-0.349923
-0.142834
0.288708
0.533664
0.592916
0.23956
-0.150976
-0.303227
-0.36454
-0.161276
-0.103594
-0.313233
-0.213956
0.0901539
0.291749
0.161865
-0.163729
-0.267911
0.0380628
0.363068
0.541218
0.702886
0.519047
0.167261
0.0521892
0.0308034
-0.035316
-0.118309
-0.2117
-0.167849
0.147444
0.351787
0.416336
0.28861
0.0619011
-0.132337
-0.359929
-0.526797
-0.56486
-0.285079
0.270952
0.393087
0.188254
0.0858375
0.0966285
0.0298224
-0.224845
-0.429384
-0.388476
-0.267617
-0.0024525
0.119682
0.0082404
0.22151
0.448415
0.395049
-0.0258003
-0.435074
-0.524148
-0.547987
-0.22926
-0.121055
-0.0299205
0.0384552
0.139008
0.301559
0.375429
0.186292
-0.251725
-0.393381
-0.277034
0.0815211
0.436349
0.528269
0.373172
0.213171
0.0854451
-0.0322749
-0.0787743
-0.211994
-0.306661
-0.147542
0.222
0.271933
0.210915
0.118014
0.0813249
-0.133024
-0.0774009
0.3201
0.392498
0.268794
0.186488
0.149897
-0.0877014
-0.275955
-0.444491
-0.434387
-0.208561
0.0030411
-0.0265851
-0.126058
-0.202478
-0.232889
-0.148425
-0.169026
-0.194532
-0.110068
0.0960399
0.158922
0.096138
-0.160492
-0.322553
-0.342859
-0.472646
-0.489028
-0.430953
-0.284294
0.144011
0.425558
0.359536
0.269088
0.291847
0.451358
0.59223
0.505706
0.253196
0.156862
0.173539
0.0999639
0.213073
0.282724
0.229554
0.0920178
0.0397305
-0.0126549
-0.0080442
0.0360027
0.0456165
-0.070632
-0.277231
-0.423105
-0.365913
-0.25918
-0.24162
-0.326771
-0.405742
-0.259573
-0.136163
-0.151761
-0.23544
-0.225434
0.0210915
0.119486
0.0241326
0.0434583
0.185605
0.261535
0.264478
0.183741
0.0756351
0.070632
0.0314901
0.14872
0.285961
0.3769
0.327948
-0.102318
-0.3511
-0.311369
-0.0538569
0.0748503
-0.0554265
-0.134789
-0.0427716
0.106144
0.105065
0.0223668
-0.166279
-0.35522
-0.136948
0.127334
0.0521892
-0.0710244
-0.196494
-0.19777
-0.204048
-0.146267
-0.121644
-0.0093195
0.154017
0.34178
0.483339
0.492364
0.455576
0.313331
0.174814
0.114581
0.0952551
-0.0609201
-0.0940779
-0.0216801
-0.0967266
-0.0532683
0.0712206
0.193159
0.141951
0.0543474
-0.070632
-0.0571923
-0.0536607
0.0015696
0.0790686
0.200516
0.302344
0.371407
0.427225
0.434583
0.220823
-0.192767
-0.52925
-0.742813
-0.833556
-0.771949
-0.609201
-0.263202
0.128217
0.355122
0.41359
0.349236
0.32324
0.267323
0.0060822
-0.241718
-0.110363
0.160688
0.2375
0.257316
0.242601
0.170302
0.0604296
-0.0728883
-0.127039
-0.276053
-0.318727
-0.164906
-0.0698472
-0.116641
-0.297243
-0.42546
-0.419181
-0.361597
-0.339034
-0.332265
-0.0376704
0.382884
0.593799
0.621071
0.326967
0.0243288
-0.141951
-0.256139
-0.25918
-0.113698
-0.0929007
-0.02943
0.0883881
0.143324
0.247408
0.30048
0.251626
0.14509
-0.0104967
-0.0102024
0.161963
0.361597
0.268598
0.0730845
-0.0173637
-0.147837
-0.0893691
-0.0388476
-0.056898
-0.172165
-0.363559
-0.421732
-0.266832
-0.0714168
-0.0361008
-0.0244269
-0.0567999
-0.239364
-0.294104
-0.218861
-0.181387
-0.0859356
0.0593505
0.227886
0.334619
0.305483
0.0571923
-0.151564
-0.186979
0.004905
0.353945
0.587717
0.64334
0.626957
0.437428
0.10379
-0.303914
-0.415159
-0.428697
-0.244563
0.026487
-0.0466956
-0.171381
-0.206893
-0.328243
-0.381903
-0.357967
-0.208953
-0.0601353
0.122919
0.217782
0.191589
0.188058
0.120565
-0.0228573
-0.165298
-0.296949
-0.205519
-0.0089271
0.0439488
-0.054936
-0.180504
-0.247506
-0.071613
0.186488
-0.0100062
-0.0125568
0.234165
0.352179
0.436839
0.37072
0.278114
0.282234
0.252019
0.0318825
-0.210228
-0.205814
0.046107
0.22926
0.198751
0.033354
-0.165789
-0.297341
-0.450573
-0.594682
-0.541806
-0.143324
0.187469
0.183153
0.179033
0.0769104
-0.0322749
-0.137732
-0.0278604
0.165887
0.0860337
-0.134005
-0.236519
-0.335208
-0.277623
0.139792
0.521794
0.64589
0.742519
0.575945
0.1704
-0.169517
-0.334325
-0.337464
-0.0917235
0.110363
0.23956
0.310683
0.221019
0.0913311
-0.0337464
-0.091233
-0.0993753
-0.192767
-0.259867
-0.32216
-0.328635
-0.291651
-0.273503
-0.242209
-0.118603
-0.0531702
0.0221706
0.127922
0.17658
0.0538569
-0.1807
-0.323141
-0.352473
-0.33923
-0.0594486
0.265557
0.254471
0.12341
0.0217782
0.0450279
0.0560151
-0.0583695
-0.101435
0.110657
0.177169
0.302344
0.294104
0.191589
0.182662
0.202675
0.248193
0.0388476
-0.367483
-0.446257
-0.381903
0.040221
0.256826
0.130865
0.0153036
-0.0623916
-0.0954513
-0.228965
-0.270069
-0.14303
-0.0624897
0.0217782
0.0895653
0.117426
0.0403191
0.15539
0.365521
0.408587
0.245054
-0.0693567
-0.251921
-0.317844
-0.2272
-0.0651384
0.0714168
0.0024525
-0.0072594
0.0969228
0.165985
0.227494
0.21631
0.179915
0.116739
0.0581733
-0.059841
-0.252509
-0.286354
-0.155292
-0.0057879
-0.0401229
-0.0749484
-0.272031
-0.349236
-0.293711
-0.270756
-0.0914292
0.170596
0.264183
0.0668061
-0.184722
-0.233184
-0.206795
0.183447
0.436741
0.606749
0.648931
0.516889
0.387004
0.116543
-0.0945684
-0.217488
-0.25094
-0.303227
-0.304404
-0.207383
-0.1291
-0.141755
-0.139596
-0.0584676
0.0109872
0.143226
0.314509
0.433798
0.329518
0.141362
-0.0995715
-0.371897
-0.407507
-0.308426
0.106046
0.351394
0.254668
0.0356103
-0.0907425
-0.152742
-0.0511101
0.0703377
-0.105752
-0.272129
-0.369543
-0.445864
-0.336189
0.0076518
0.239364
0.333246
0.35522
0.285961
0.220725
0.184134
0.123116
0.0854451
0.082404
0.0437526
0.0069651
-0.0378666
-0.0033354
-0.063765
-0.156666
-0.156862
-0.181681
-0.151368
-0.169321
-0.211504
-0.0259965
0.178346
0.0398286
-0.226219
-0.303325
-0.210032
0.0334521
0.0964323
0.153723
0.232693
0.277623
0.229162
0.0758313
-0.105163
-0.306563
-0.344429
-0.252411
0.0119682
0.223472
0.346587
0.493443
0.54161
0.510905
0.286746
0.0571923
-0.0743598
-0.151564
-0.141166
-0.235538
-0.232987
-0.277231
-0.394558
-0.406723
-0.328243
-0.253392
-0.230241
-0.256237
-0.208757
0.0746541
0.208266
0.0789705
-0.066708
0.0403191
0.233576
0.276642
0.0910368
-0.116347
0.0180504
0.127432
0.210032
0.0579771
-0.0597429
-0.0273699
0.0429678
0.185899
0.240639
0.257905
0.268303
0.308034
0.206402
-0.059841
-0.185998
-0.178444
-0.0495405
0.0942741
0.131356
-0.0900558
-0.199535
-0.320198
-0.357771
-0.273895
-0.0159903
0.143226
0.188941
0.168241
-0.051012
-0.130669
-0.104476
-0.0973152
-0.185507
-0.208659
-0.0489519
0.270462
0.39397
0.345312
0.110559
-0.0916254
-0.101828
-0.082404
-0.0834831
0.0764199
0.129198
0.163238
0.158235
-0.0015696
-0.12596
-0.0560151
0.0705339
-0.118603
-0.195121
-0.204539
-0.194728
-0.0732807
-0.0157941
0.0109872
0.0423792
0.0839736
0.0677871
-0.14921
-0.230535
-0.157843
0.0552303
-0.0520911
-0.225238
-0.225924
-0.0803439
0.0792648
0.155685
0.22975
0.22406
0.154409
0.210326
0.0864261
-0.182466
-0.173441
-0.0760275
0.0071613
0.0677871
-0.142735
-0.374252
-0.33923
0.0010791
0.201301
0.258592
0.161375
-0.0543474
-0.157647
-0.299499
-0.301952
-0.21631
-0.0455184
0.166672
0.353945
0.433896
0.318433
0.187469
0.19463
0.235636
0.197181
0.176188
0.106831
0.0354141
-0.0460089
-0.15902
-0.0499329
-0.0021582
0.0357084
0.0423792
0.0518949
0.0589581
-0.0169713
-0.192472
-0.264085
-0.372878
-0.395245
-0.062784
0.115071
-0.171675
-0.267028
-0.290474
-0.12341
-0.0935874
-0.0096138
-0.0095157
-0.145973
0.0051012
0.0501291
-0.131062
-0.297733
-0.396128
-0.234557
0.105556
0.0779895
0.0447336
0.135967
0.308034
0.45489
0.254177
-0.135084
-0.260456
-0.318629
-0.298813
-0.14872
-0.0079461
0.0367875
-0.0209934
-0.015696
0.0064746
0.236715
0.377587
0.370426
0.387495
0.355907
0.42389
0.466465
0.384454
0.083385
-0.142834
-0.19208
-0.254766
-0.19983
-0.239266
-0.432425
-0.440469
-0.0693567
0.243582
0.347764
0.407213
0.251038
0.241424
0.23593
0.0933912
0.182662
0.122036
-0.0471861
-0.252117
-0.437428
-0.508943
-0.538471
-0.476962
-0.416042
-0.23338
0.0881919
0.017658
-0.0989829
-0.056898
0.103005
0.197083
0.284196
0.244073
0.0259965
-0.0155979
0.245446
0.30411
0.175207
0.0683757
0.0252117
0.0970209
0.119192
-0.0767142
-0.106439
0.0091233
0.0303129
-0.040221
0.0793629
0.179229
0.0806382
0.120369
0.115071
-0.0043164
-0.0776952
-0.144698
-0.141853
-0.208266
-0.210228
-0.231222
-0.261338
-0.203656
-0.0381609
0.0527778
0.0827964
0.121742
0.149308
0.296066
0.377979
0.21219
0.233674
0.209836
0.207482
0.185703
0.260063
0.340505
0.323828
0.181387
-0.0286452
-0.339622
-0.47706
-0.399071
-0.105261
-0.0621954
-0.177561
-0.242111
-0.161178
-0.0017658
0.000981
-0.0134397
0.0569961
0.0835812
0.0579771
0.100062
-0.021582
-0.209149
-0.0546417
0.0903501
-0.0142245
-0.0571923
0.0182466
0.118603
0.264379
0.229162
0.193846
-0.0067689
-0.146463
-0.0242307
0.209444
0.255452
0.0819135
-0.192276
-0.221412
0.0258003
0.0977076
0.206795
0.199535
0.0075537
-0.0051993
0.096138
0.127824
0.198456
0.236519
0.403093
0.462934
0.369347
0.1136
0.0218763
0.193453
0.0758313
0.200811
0.287923
0.335894
0.426048
0.209542
-0.0948627
-0.384552
-0.503155
-0.474313
-0.559955
-0.444001
-0.187469
0.0573885
0.156273
0.295281
0.230927
-0.160001
-0.472646
-0.390732
-0.267126
-0.25663
-0.295281
-0.247506
-0.0927045
0.119192
0.46107
0.400346
0.359929
0.185115
0.0316863
0.216507
0.0723978
-0.108989
-0.106046
0.0737712
0.151172
-0.115954
-0.277721
-0.425264
-0.415257
-0.179621
-0.0764199
0.0045126
-0.0429678
-0.258395
-0.0959418
0.0430659
0.135084
0.551518
0.711617
0.766455
0.509826
0.0633726
-0.13528
-0.205519
0.0065727
0.10948
0.167947
0.0012753
-0.387495
-0.692095
-0.610869
-0.158922
-0.0110853
0.0516006
0.278702
0.178346
-0.18276
-0.340701
-0.110461
0.278114
0.323436
0.126353
0.0257022
0.204048
0.532977
0.62009
0.621954
0.205323
-0.209836
-0.489028
-0.54112
-0.44557
-0.312645
0.256924
0.369935
-0.473136
-0.0288414
-0.264281
-0.191099
-0.233674
0.0601353
0.336287
0.387789
0.19826
-0.0797553
-0.214839
-0.334129
-0.403976
-0.233674
-0.0361008
0.0564075
0.0625878
0.0444393
-0.0589581
-0.204833
-0.360027
-0.676694
-0.783328
-0.209247
0.289984
0.420849
0.523756
0.471861
0.391027
0.408096
0.507668
0.272129
-0.21582
-0.361597
-0.0380628
0.328537
0.440077
0.0693567
0.167947
0.327752
0.319217
0.0610182
-0.375233
-0.52405
-0.733984
-0.996205
-1.00033
-0.494914
-0.0094176
0.1239
0.293908
0.144011
-0.207187
-0.172362
0.251528
0.196887
0.495111
0.415453
0.599587
0.954905
0.893102
0.177267
-0.431248
-1.01524
-0.800006
-0.419868
-0.63971
-0.839834
-0.856805
-0.526208
-0.290376
-0.227984
0.451947
0.683659
0.0150093
-0.344527
-0.479611
-0.841011
-0.697001
-0.292142
-0.154704
-0.0172656
0.0180504
-0.0758313
0.0103005
0.274189
0.61185
0.622641
0.289003
-0.176188
-0.666099
-0.637944
-0.584578
-0.446257
-0.179327
0.234067
0.369052
0.329616
-0.0567018
-0.506588
-0.345214
-0.124685
-0.356986
-0.570059
-0.558876
-0.809914
-0.625584
-0.351689
-0.601451
-0.718288
-0.822372
-0.823059
-0.853274
-0.624995
-0.222687
-0.144403
0.405742
0.618128
0.287433
0.102024
-0.172362
-0.0796572
-0.0963342
-0.166083
-0.0796572
0.0711225
-0.139106
-0.140479
0.0516006
0.279977
0.586834
0.754291
0.599391
0.0455184
-0.524933
-0.646381
-0.317942
-0.081423
0.0307053
-0.0135378
-0.334129
-0.0167751
0.31343
0.21219
0.0017658
-0.196298
-0.093195
-0.122134
-0.306759
-0.547006
-0.618815
-0.702886
-0.691605
-0.489028
-0.302737
0.0723978
1.20094
1.18799
0.807167
1.21978
0.053955
-0.367286
-0.77499
-1.24116
-1.62709
-1.55341
-1.06076
-0.159118
0.625486
1.06017
1.93453
1.64612
0.456165
-0.0937836
0.12959
0.380824
0.685327
0.842875
1.04987
1.18927
0.959222
0.40221
-0.362872
-0.695823
-0.379647
-0.548771
-0.902324
-0.938032
-0.755566
0.0033354
0.708773
0.84209
0.641868
0.699944
0.743598
0.499427
0.292436
0.13371
0.0124587
-0.0320787
-0.327948
0.0193257
0.497563
0.484712
0.572708
0.74399
1.27814
1.81475
1.02318
1.05379
1.14218
0.743402
0.722114
0.858865
0.760373
0.587227
1.19201
1.07959
1.2445
1.46434
1.71047
1.85458
1.81132
1.65495
1.29512
0.949412
1.09597
1.38282
1.70831
1.75128
1.76835
1.24136
0.0413001
-0.923023
-1.78032
-2.08168
-1.24136
0.701121
2.98901
2.51293
2.55796
3.01412
1.16759
2.57228
2.50783
1.97544
3.00117
1.00886
0.322062
0.355024
1.02367
2.20225
2.11356
0.542395
-0.535234
-0.922532
-2.00722
-2.3338
-2.31232
-2.67872
-2.88846
-3.21709
-3.61381
-3.84218
-3.7482
-4.18396
-4.75589
-4.85958
-3.15607
-2.40728
0.343644
1.92865
2.01821
-0.131846
-0.895751
-2.47722
-0.677479
-0.905267
-2.75377
-1.97465
-0.773911
-1.19152
-0.468624
0.0981
-0.0045126
0.443804
-0.154409
-0.921257
-0.936953
-1.51908
-1.48553
-1.12619
-0.365324
-0.460874
0.403289
0.844739
0.749484
0.315784
0.318727
0.473332
0.872599
1.79847
1.94679
1.02358
0.0655308
-0.268892
0.133612
0.135869
0.291357
0.476962
0.348255
0.465485
0.565841
0.588796
0.604002
0.303816
-0.278114
-0.393087
-0.410647
-0.560347
-0.991791
-1.32258
-1.32975
-1.28001
-1.30473
-1.08607
-1.18191
-1.11255
-1.21212
-1.49769
-1.2649
0.0360027
1.64651
1.91275
-0.424773
0.0532683
-0.394558
-0.423694
-0.555736
-0.0056898
0.886824
1.12756
1.34191
1.05644
0.958437
0.771655
0.666491
0.308623
0.134986
0.228181
-0.270462
-0.690428
-0.605375
0.0033354
-0.536999
-0.978449
-0.0257022
-0.158726
0.354337
0.0581733
0.384258
0.550537
0.381609
0.176874
-0.448219
-1.2134
-1.72264
-2.13014
-1.57647
-0.601059
-0.65109
-0.714462
-0.553382
-0.544945
-0.827081
-1.06478
-1.0017
-0.935187
-1.05673
-1.02671
-0.987082
-0.473921
0.807755
1.65485
1.72273
1.47729
1.51457
1.92227
2.27818
2.34086
1.87008
1.46179
1.11196
0.383669
-0.437036
-0.885156
-1.07586
-0.906444
-0.784996
-0.941466
-0.905659
-0.350609
1.27667
1.29718
0.923513
0.825315
0.82561
1.30885
1.41431
1.42068
1.07802
0.361499
-0.531506
-1.49897
-2.00261
-2.349
-2.7209
-2.5402
-2.06648
-1.43304
-0.966579
-0.442725
0.308721
1.21095
0.403093
-0.490598
0.716915
0.325201
-0.347764
0.062784
-0.0283509
0.274288
0.622444
0.905953
1.43913
1.7553
1.97436
2.48791
2.37235
1.65995
0.571531
-0.776952
-1.55263
-1.66024
-1.64062
-1.34201
-1.09225
-0.81011
-0.677675
-0.285667
-0.213564
-0.18227
0.233968
0.791863
1.03133
0.444883
0.0604296
-0.135967
0.336189
0.985414
1.0737
1.20388
1.30865
0.922925
-0.0272718
-0.314312
-0.563094
-0.530721
0.0707301
0.256924
0.894378
1.36261
1.91167
2.29809
2.37951
2.56826
1.83457
1.26166
1.02966
0.516693
0.342663
-0.0291357
-0.624112
-0.0369837
1.12923
1.17975
1.11157
0.730845
-0.161865
-1.10166
-2.25404
-2.11906
-1.11716
-1.89784
-1.66878
-1.94856
-2.57267
-2.93711
-2.83126
-2.39688
-2.12779
-1.85684
-1.30748
-1.05379
-1.92884
-1.79729
-1.7709
-1.90079
-0.764199
-0.205029
-0.0826002
0.416827
0.290572
-0.0261927
0.0017658
0.0621954
0.345704
0.413099
0.603511
0.583401
0.739478
0.816977
1.14748
1.54655
1.78915
2.21422
2.70942
2.61535
1.6417
0.608122
0.463326
0.228082
-0.100062
-0.0214839
0.0477747
0.0697491
0.334815
0.738595
0.760765
0.486184
0.166378
0.225336
0.551813
0.671396
0.486576
0.148916
-0.134887
-0.347176
-0.618619
-0.715345
-0.673457
-0.366698
0.71407
1.2389
1.49858
1.3783
0.834046
0.302933
-0.338151
-0.639612
-0.411726
-0.36454
-0.303325
-0.147444
0.257414
-0.113306
-0.855824
-0.820999
-0.662175
-0.204735
0.16677
0.0276642
0.308328
0.410941
0.213367
-0.0286452
0.0004905
-0.303718
-0.49619
-0.793237
-0.913213
-1.07135
-0.722997
-0.0016677
0.655014
0.996794
0.915273
0.702788
0.227298
-0.439292
-0.686798
-0.540041
-0.526307
-0.758019
-0.986297
-0.836106
-0.610476
-0.327065
0.178542
0.38308
0.17658
0.0349236
-0.106831
-0.254079
-0.0103986
0.264085
0.582518
0.571727
-0.075537
-0.38416
-0.36866
-0.427127
-0.222883
-0.152251
-0.195317
-0.0520911
0.382198
0.798926
1.18034
1.57029
1.84791
2.08384
1.99584
1.31523
0.572708
0.174618
-0.302344
-0.779797
-1.09391
-1.1617
-0.301559
0.24319
0.0942741
-0.217291
-0.51061
-0.613517
-0.652659
-0.613321
-0.0108891
-0.152447
-1.83594
-1.15993
-0.88653
-0.906738
-0.986494
-1.02985
-1.18995
-1.11196
-1.36859
-1.10804
-0.487361
0.148621
0.275661
0.577024
0.336973
-0.0212877
-0.113502
-0.0991791
0.195513
0.259965
0.184526
0.445668
0.744481
0.905169
1.18024
1.74785
2.06814
2.15712
1.83182
0.870245
0.483535
0.5473
0.593996
0.369935
-0.322553
-0.668257
-0.704162
-0.632843
-0.383963
-0.425558
-0.208953
0.010791
-0.0466956
-0.307445
-0.580163
-0.803635
-0.638239
-0.394656
-0.487557
-0.445374
-0.482554
-0.40633
0.232105
0.55093
-0.66502
-0.794806
-0.569372
-0.356103
-0.337072
0.277427
0.513553
0.662862
0.527778
0.448317
0.455184
0.465779
0.444099
0.291259
0.0400248
0.0663156
0.318629
0.558679
0.737123
0.706712
0.477943
0.220038
-0.0756351
-0.0970209
0.209738
0.487949
0.445276
0.0890748
-0.131846
-0.0407115
0.0047088
-0.0600372
-0.14921
-0.355416
-0.505313
-0.522677
-0.52817
-0.369543
-0.126157
-0.270265
-0.328046
0.0038259
0.509826
0.854255
0.171283
-0.889571
-0.678852
-0.544063
-0.218763
-0.479317
-0.578103
-0.384062
-0.257218
-0.225728
-0.0983943
-0.107518
0.148327
0.398776
0.236127
-0.162846
-0.396128
-0.314214
-0.194827
0.20395
0.801771
1.32445
1.49759
0.776069
-0.423498
-0.355612
0.0178542
0.184526
0.0758313
-0.122134
0.0430659
0.407115
0.584872
0.7177
0.652954
0.285373
0.0802458
-0.0357084
-0.125078
-0.271148
-0.261044
-0.0030411
-0.109872
-0.279879
-0.185998
-0.245937
-0.37072
-0.449396
-0.645302
-0.61028
-0.0752427
0.327065
0.267911
0.148131
0.177757
0.341486
0.187273
-0.0654327
-0.283509
-0.13528
0.317255
0.609986
0.72231
0.598999
0.404761
0.337464
0.267813
0.276053
-0.133122
-0.603315
-0.86534
-0.879859
-0.490892
-0.303521
0.0645498
0.462345
0.500899
0.0084366
-0.485497
-0.503449
-0.453713
-0.305091
-0.0757332
0.172165
0.120271
-0.103888
-0.0198162
0.0986886
-0.114286
-0.328145
-0.424479
-0.589189
-0.379157
0.175207
0.249468
0.207678
-0.0887805
0.0763218
0.362872
0.105261
0.0988848
0.195121
0.16314
0.0599391
0.0924102
0.269775
0.441254
0.608416
0.664431
0.651188
0.421634
-0.163042
-0.670415
-0.706222
-0.247506
0.13322
0.0850527
0.191491
-0.148621
-0.463326
-0.628232
-0.625682
-0.434387
-0.0621954
0.274288
0.40064
0.463228
0.220823
-0.311075
-0.617834
-0.736535
-0.689545
-0.357182
-0.0027468
0.314999
0.584676
0.654719
0.31804
-0.216997
-0.14146
0.226415
0.531996
0.700728
0.242111
-0.104084
-0.117524
-0.565056
-0.938621
-1.13335
-1.29933
-1.2237
-0.766455
0.442039
1.13718
1.21409
1.3943
0.933912
0.969522
0.903599
0.554952
0.044145
-0.208462
0.0654327
0.308328
0.133612
0.117131
0.147444
0.117131
-0.188744
-0.57673
-0.680225
-0.635492
-0.493443
-0.431444
-0.374153
-0.390536
-0.534645
-0.44714
-0.204931
0.104378
0.236323
-0.112423
-0.242307
-0.0741636
0.0478728
-0.122723
-0.459304
-0.706516
-0.73575
-0.675124
-0.297243
-0.370426
-0.497661
-0.281449
-0.343644
-0.276151
-0.293123
-0.376115
-0.211896
0.134299
0.415552
0.755861
0.601549
0.0275661
-0.383473
-0.617245
-0.293025
0.296066
0.666884
0.92989
1.17798
1.27206
1.02828
0.572904
0.157058
-0.0703377
-0.203656
-0.354337
-0.211504
-0.0114777
0.0967266
0.141656
0.120565
0.148327
0.347961
0.659134
0.806774
0.445668
-0.138223
-0.439782
-0.272522
0.160295
0.0847584
-0.0897615
-0.344037
-0.719465
-1.03633
-1.08175
-0.515025
-0.356594
-0.418397
-0.331676
-0.134986
0.155685
0.195808
-0.0133416
-0.233674
-0.443216
-0.50855
-0.243386
-0.189333
-0.337268
0.0396324
-0.232007
-0.331676
-0.27674
-0.0926064
0.138419
0.235244
0.440861
0.410254
0.309505
0.360812
0.228671
-0.0155979
-0.103397
0.121252
0.0963342
0.108008
0.245054
0.355024
0.455086
0.377587
0.0072594
0.0687681
0.364049
0.301461
-0.0165789
-0.0004905
0.135967
0.152055
0.366894
0.364343
0.178738
-0.299794
-0.644615
-0.861514
-0.695235
-0.338151
-0.166083
-0.186979
-0.215918
-0.230437
-0.0803439
0.277819
0.513455
0.449788
0.313528
0.193453
-0.0395343
0.0506196
0.230829
0.121448
0.0295281
-0.0174618
-0.0787743
-0.0586638
0.24162
0.476472
0.150976
-0.202478
-0.359536
-0.42801
-0.2685
-0.115464
-0.0157941
0.134986
0.26281
0.236421
0.105752
-0.254275
-0.408096
-0.377881
-0.196789
-0.0457146
0.0623916
0.166476
0.048069
-0.291357
-0.467446
-0.532879
-0.495895
-0.227494
0.275072
0.431051
0.436153
0.566037
0.694744
0.771262
0.723389
0.340799
0.080442
0.150584
0.284882
0.3253
0.381707
0.416631
0.307151
-0.133612
-0.678852
-1.00739
-1.19888
-0.905561
0.0337464
0.153821
0.0786762
0.0638631
-0.101926
-0.309407
-0.460776
-0.548281
-0.378862
-0.278996
-0.183741
0.129492
0.436153
0.54367
0.324319
-0.0611163
-0.0513063
0.116739
0.251725
0.262908
0.115856
-0.259769
-0.438016
-0.491285
-0.410745
0.0501291
0.496288
0.543082
0.262221
0.0714168
0.175795
0.115562
-0.160197
-0.251921
0.0295281
0.195513
0.306661
0.365324
0.210719
-0.27831
-0.432817
-0.146659
0.214937
0.243582
0.28292
0.337758
0.413982
0.588796
0.585167
0.24162
-0.228082
-0.629802
-0.893495
-0.939209
-0.60979
-0.183055
-0.0190314
0.0001962
-0.0991791
-0.21582
-0.174912
-0.154507
-0.126549
-0.103496
0.0661194
0.432523
0.666884
0.531604
-0.111736
-0.468722
-0.687289
-0.709557
-0.359635
0.181485
0.415552
0.3666
0.223962
0.0643536
-0.0834831
-0.331087
-0.376312
-0.139302
0.0861318
0.283803
0.513455
0.704064
0.805891
0.527091
0.143226
0.14872
0.174226
0.0789705
-0.101926
0.0943722
0.314116
0.502076
0.401523
0.1394
0.220431
0.196102
0.149406
0.184036
0.0211896
-0.257218
-0.268009
-0.304797
-0.187469
-0.159903
-0.418298
-0.5318
-0.569372
-0.524933
-0.526012
-0.47863
-0.203361
-0.11978
-0.0438507
0.070632
0.153723
0.279193
-0.0819135
-0.294594
0.0014715
0.0327654
-0.0233478
0.122233
0.0445374
-0.117033
-0.204833
-0.142637
0.216703
0.592916
0.711715
0.675713
0.469114
0.368758
0.260161
0.0760275
-0.248487
-0.408587
-0.579771
-0.729472
-0.380628
-0.121448
-0.278996
-0.124587
0.329126
0.640789
0.728785
0.608514
0.0801477
-0.338347
-0.617049
-0.779699
-0.544553
-0.308917
-0.363559
-0.0720054
0.286648
-0.0744579
-0.308721
-0.453909
-0.285079
0.3924
0.3924
0.24888
0.0384552
-0.0730845
-0.0184428
0.105359
0.10634
0.100749
0.21219
0.201399
0.148916
0.246035
0.228082
0.17295
0.282234
0.174422
-0.273797
-0.273797
-0.104673
-0.0952551
-0.0144207
-0.0377685
0.0008829
0.104084
-0.0424773
-0.0935874
-0.0651384
-0.0883881
0.163042
0.384748
0.39191
0.248585
0.0511101
-0.0053955
-0.0613125
-0.127138
-0.0332559
-0.0754389
-0.102907
-0.134299
0.0753408
0.340701
0.213171
-0.0561132
-0.173048
-0.237598
-0.342271
-0.474215
-0.523069
-0.436055
-0.167261
0.0349236
0.114875
0.101435
0.303521
0.393871
0.0869166
-0.254373
-0.178836
-0.0048069
0.153232
0.167064
0.216114
0.253588
0.030411
-0.0399267
0.0909387
0.0777933
0.0007848
-0.402897
-0.3356
0.211111
0.344527
0.386416
0.0633726
-0.240443
-0.183251
-0.187077
-0.211504
-0.235636
-0.225728
-0.0494424
-0.0953532
-0.250842
-0.275465
-0.217586
0.0145188
0.247604
0.39034
0.198162
-0.0100062
0.179915
0.272424
0.291553
0.393087
0.515712
0.469016
0.310781
0.0503253
-0.228377
-0.358556
-0.427912
-0.476766
-0.294889
-0.0957456
0.135378
0.276544
0.137732
-0.0488538
-0.0560151
0.0299205
0.113011
-0.111638
-0.21425
-0.160197
-0.0847584
-0.0634707
-0.0056898
-0.0944703
-0.0953532
-0.0650403
-0.151466
-0.236421
-0.20395
0.107027
0.286648
0.341584
0.222589
0.0165789
0.0153036
0.158039
0.456361
0.611163
0.514927
0.15284
-0.182858
-0.322749
-0.485595
-0.542689
-0.513357
-0.27262
-0.0609201
-0.11772
-0.279095
-0.432621
-0.467937
-0.298322
0.0484614
0.25918
0.438605
0.551813
0.479317
0.32216
0.209247
0.173343
0.162257
0.23593
0.0317844
-0.23181
-0.144109
0.0016677
0.0540531
0.0739674
0.188156
0.347176
0.399365
0.158922
-0.250057
-0.438997
-0.549752
-0.440273
-0.138713
-0.160001
0.0341388
0.248095
0.366109
0.342663
0.0918216
-0.21788
-0.316765
-0.275857
-0.337072
-0.240149
0.23495
0.474215
0.453124
0.383375
0.036297
-0.111049
-0.0710244
0.04905
-0.0040221
-0.0135378
0.0287433
-0.0410058
0.018639
0.0420849
0.142245
0.280272
0.194238
-0.0866223
-0.179131
-0.0523854
-0.0150093
0.0786762
0.101239
0.0131454
-0.102809
-0.0572904
0.146365
0.0876033
-0.236519
-0.445374
-0.632353
-0.646087
-0.338445
-0.0864261
0.0522873
0.179425
0.0332559
-0.0957456
-0.135182
-0.220921
-0.164612
0.0099081
0.203852
0.344331
0.301167
0.0789705
0.149602
0.180896
0.189824
0.207972
0.130964
0.0777933
-0.0621954
-0.168928
-0.223668
-0.0206991
0.0501291
-0.0874071
0.041202
0.0659232
0.116837
0.179621
0.35365
0.354043
0.164612
0.079461
-0.0954513
-0.363951
-0.390634
-0.333736
-0.204244
-0.0363951
0.0998658
0.08829
0.0763218
0.0482652
0.245348
0.338837
0.101533
-0.270265
-0.556816
-0.344822
0.185703
0.420555
0.47451
0.357476
0.161571
-0.032373
-0.326182
-0.495797
-0.414669
-0.121252
0.1394
0.139694
0.0422811
0.0581733
0.225238
0.307838
0.134495
-0.0845622
-0.125176
-0.177267
-0.240345
-0.257807
-0.278015
-0.155587
0.0240345
0.1549
0.0488538
0.120173
0.0910368
0.113502
0.281743
0.386416
0.392302
0.352964
0.36866
0.293123
0.194042
-0.0309996
-0.461855
-0.511788
-0.185115
0.087309
-0.108106
-0.271639
-0.389555
-0.36503
-0.294104
-0.289591
-0.0163827
0.320983
0.213662
-0.0110853
0.0219744
0.244465
0.333736
0.305778
0.048069
-0.0963342
-0.0580752
-0.095157
-0.0751446
-0.154409
-0.224159
-0.101337
-0.0916254
-0.249665
-0.245741
-0.0092214
0.209345
0.348844
0.386906
0.215722
-0.0918216
-0.144403
0.192865
0.47088
0.624505
0.194532
-0.415453
-0.502076
-0.523363
0.0722016
0.278702
0.0413001
-0.154409
-0.0816192
0.127824
0.109578
-0.0649422
-0.292632
-0.405153
-0.221314
0.357869
0.618913
0.307936
0.0259965
0.0106929
-0.0448317
-0.0756351
0.119486
0.198751
-0.0934893
-0.123312
-0.139989
-0.135672
-0.115856
-0.17501
-0.143716
-0.115366
-0.0702396
0.109578
0.169419
0.0093195
-0.0799515
0.004905
0.0241326
0.121644
0.0783819
-0.118995
-0.051012
-0.04905
-0.060822
0.152447
0.324515
0.313822
0.501585
0.461364
0.14921
-0.0561132
0.0656289
0.141166
0.0813249
-0.110657
-0.264281
-0.203459
-0.123704
-0.211602
-0.225924
-0.156862
-0.0299205
0.120957
0.105457
-0.0478728
-0.0139302
0.147641
0.180112
-0.100847
-0.402308
-0.311369
0.0063765
0.222981
0.389849
0.397501
0.13783
-0.111245
-0.149701
-0.239266
-0.427029
-0.494718
-0.410548
-0.178836
-0.0877014
-0.0964323
-0.0380628
0.0263889
0.0619011
0.238383
0.449396
0.408979
0.191393
-0.0624897
0.0277623
0.311173
0.553382
0.402014
-0.0194238
-0.275465
-0.489225
-0.653052
-0.677577
-0.548183
-0.256433
0.132631
0.22151
0.331872
0.488244
0.601157
0.6609
0.604296
0.373369
0.0155979
-0.0488538
0.018639
0.204244
0.180602
-0.117033
-0.344429
-0.39397
-0.450769
-0.542787
-0.443902
-0.220627
-0.152251
-0.0772047
0.0723978
0.12753
-0.0021582
-0.169321
-0.181289
-0.0787743
0.0015696
-0.0329616
-0.243484
-0.248978
-0.0342369
0.0072594
-0.137634
-0.0827964
-0.0547398
-0.126745
-0.0802458
0.202675
0.444785
0.430855
0.135084
-0.0645498
0.0415944
0.0376704
0.120761
0.118309
0.171577
0.29018
0.228573
0.0076518
-0.0911349
-0.047088
-0.264379
-0.294987
-0.0666099
0.101632
0.17609
-0.0133416
-0.142343
-0.262123
-0.439684
-0.500997
-0.286256
0.121448
0.196298
0.285961
0.312449
0.188254
0.0899577
0.0702396
0.0911349
-0.0363951
-0.157941
-0.198064
-0.212583
-0.0526797
0.133514
-0.0286452
-0.202969
-0.0688662
0.255747
0.309702
0.150976
0.0164808
-0.0320787
0.101632
0.249272
0.333148
0.338249
0.193061
0.113698
0.168045
0.203165
0.130081
-0.0875052
-0.380628
-0.674045
-0.87103
-0.841992
-0.349236
0.235146
0.436153
0.513063
0.0146169
-0.270167
-0.191687
0.0144207
0.0965304
0.0122625
-0.0476766
0.134593
0.322945
0.280075
0.100258
-0.103103
0.0874071
0.234753
0.340505
0.163925
-0.235244
-0.34541
-0.420947
-0.387397
-0.103005
0.217193
0.0104967
-0.148425
0.025506
0.29273
0.446944
0.591641
0.365815
-0.152546
-0.19777
-0.347764
-0.451456
-0.448513
-0.431051
-0.185507
-0.0129492
-0.0138321
-0.010791
0.129884
0.193846
0.0080442
-0.0318825
0.0954513
0.140872
0.23544
0.347274
0.407606
0.307544
0.220921
0.1652
0.065727
-0.0241326
0.145678
0.295673
0.117818
-0.0580752
-0.313037
-0.635786
-0.590366
-0.193944
-0.0683757
-0.0311958
0.0300186
-0.0999639
-0.0939798
0.082404
0.0393381
0.0376704
0.137438
0.0407115
-0.0766161
-0.169713
-0.153821
0.0335502
0.0492462
-0.17815
-0.345508
-0.371995
-0.267421
-0.0874071
0.025506
0.174127
0.280664
0.261731
0.332559
0.276838
0.26536
0.289395
0.159413
-0.010791
-0.119584
-0.215133
-0.172362
-0.0642555
0.0162846
0.134201
0.0190314
-0.324711
-0.478728
-0.542297
-0.413197
-0.166279
-0.0398286
0.0450279
-0.0258984
0.0027468
0.228181
0.396128
0.373957
0.409077
0.367286
0.198162
-0.122723
-0.555638
-0.864752
-0.868479
-0.0781857
0.393185
0.213073
0.267617
0.146758
0.108302
0.191197
0.375331
0.412707
0.208168
0.0662175
-0.150878
-0.295772
-0.449004
-0.534253
-0.269186
0.248487
0.212092
0.0075537
-0.0638631
-0.0904482
0.0028449
0.0242307
0.0772047
0.0330597
0.0746541
0.149602
0.329322
0.308132
0.0195219
-0.0306072
-0.005886
-0.0817173
-0.0800496
0.092214
0.206795
0.17452
0.0826002
0.0126549
-0.124979
-0.343448
-0.549851
-0.6299
-0.477256
0.0309996
0.419574
0.261731
0.151074
0.0968247
0.1704
0.196887
0.250646
0.275661
0.106144
-0.0266832
-0.0763218
-0.124685
-0.0146169
0.1084
0.172264
0.103496
-0.0729864
-0.195513
-0.184036
-0.104476
0.0145188
-0.027468
-0.136065
-0.136457
-0.122233
-0.0828945
0.195317
0.348353
0.310879
0.225336
0.181583
0.175697
0.035316
-0.302344
-0.527974
-0.562407
-0.329616
-0.0352179
-0.176482
-0.204637
-0.0202086
0.190804
0.352375
0.407802
0.126843
0.0605277
0.128805
0.103986
0.152447
0.249272
0.32216
0.413393
0.394852
0.232105
0.0476766
-0.0111834
0.148229
0.284588
0.368562
0.172852
-0.306955
-0.545044
-0.662764
-0.536215
-0.263987
-0.162061
-0.0929988
-0.0528759
0.0330597
0.193453
0.275367
0.146954
-0.0658251
-0.136751
-0.19414
-0.258984
-0.285863
-0.288022
-0.0722016
-0.0153036
-0.152742
-0.19414
-0.112226
0.165004
0.259965
0.3098
0.260946
0.212779
0.27105
0.423694
0.493247
0.132926
-0.213662
-0.228475
-0.38465
-0.424675
-0.325005
-0.0553284
0.103986
0.0644517
-0.0404172
0.043164
0.0959418
0.130669
0.167751
0.047088
-0.0801477
-0.134986
-0.192374
-0.178052
-0.142441
-0.182368
-0.107027
0.10222
0.162454
0.104673
0.190118
0.246231
0.212387
0.245642
0.0823059
-0.0691605
0.0054936
0.0790686
0.0656289
0.0305091
0.0713187
0.0114777
0.0303129
0.0719073
-0.0250155
-0.123508
-0.144894
-0.0768123
0.125372
0.193649
0.102809
0.0199143
-0.0693567
-0.233184
-0.439978
-0.436349
-0.120173
0.222
0.321081
0.320689
0.207285
-0.152055
-0.417808
-0.418004
-0.265949
-0.150878
0.083385
0.216212
0.0061803
-0.0638631
-0.053955
0.109185
0.167653
0.162159
0.11409
0.218174
0.361695
0.410156
0.305385
0.0278604
0.0296262
0.0338445
-0.141362
-0.108302
0.0103986
0.0194238
0.0982962
0.0602334
0.0123606
-0.0817173
-0.033354
-0.0015696
-0.122036
-0.231222
-0.384552
-0.434877
-0.263595
-0.0083385
0.0090252
0.051012
0.162454
0.264968
0.329518
0.225728
-0.0683757
-0.179915
-0.272129
-0.425558
-0.489617
-0.447532
-0.327262
-0.0884862
0.144305
0.0715149
0.145482
0.216801
0.149308
0.141166
0.0569961
-0.165887
-0.226415
-0.305483
-0.373271
-0.305582
-0.0517968
0.331284
0.578398
0.349628
0.0997677
0.236911
0.276151
0.342075
0.361106
0.23387
0.215526
0.180504
0.0036297
-0.146561
-0.246427
-0.211798
0.0150093
0.1239
0.0103986
-0.130375
-0.150093
-0.0369837
-0.0158922
-0.157843
-0.310585
-0.382492
-0.305385
0.0398286
0.222295
0.101435
0.0789705
0.0789705
-0.0270756
-0.118309
-0.26281
-0.382492
-0.438213
-0.22151
0.156666
0.181387
0.160982
0.147444
0.0768123
0.0065727
-0.0183447
0.0516987
-0.016677
0.0141264
0.221608
0.281841
0.429776
0.507569
0.600372
0.643046
0.570942
0.274091
-0.166868
-0.260063
-0.167064
-0.136948
-0.279487
-0.421732
-0.562702
-0.636473
-0.297635
0.191099
0.233184
0.184232
-0.0077499
-0.127726
-0.168634
-0.259278
-0.273895
-0.176776
-0.179327
-0.119486
-0.100454
-0.255747
-0.380432
-0.430267
-0.305876
-0.0739674
-0.0476766
0.0344331
0.138713
0.0965304
0.147248
0.279879
0.365913
0.405153
0.392302
0.325005
0.259769
0.236813
0.295477
0.285667
0.264379
0.209738
0.0629802
0.0854451
0.222098
0.198162
0.0758313
-0.210032
-0.487851
-0.434289
0.0005886
0.10791
-0.0222687
-0.097119
-0.104084
-0.014715
-0.0341388
-0.146856
-0.303816
-0.455086
-0.571236
-0.55505
-0.347372
-0.239462
-0.231418
-0.203263
-0.163729
-0.0649422
-0.0548379
0.038259
0.199633
0.208364
0.220823
0.2788
0.354926
0.3666
0.0705339
-0.156371
-0.166966
-0.0413982
0.170792
0.278212
0.395735
0.407507
0.131846
-0.249174
-0.179033
-0.018639
0.0108891
0.0870147
0.258101
0.385337
0.440273
0.38828
0.119584
-0.0350217
-0.0157941
-0.0134397
-0.0729864
-0.200615
-0.288806
-0.308917
-0.197083
-0.0773028
-0.131062
-0.177267
-0.0754389
0.0797553
0.132533
0.108891
-0.0354141
-0.104771
-0.130767
-0.214937
-0.286648
-0.292828
-0.0792648
0.248978
0.407704
0.483535
0.304502
0.0016677
-0.0664137
0.050031
0.134299
0.0541512
-0.0861318
0.0189333
0.0587619
-0.033354
-0.0237402
-0.0398286
0.040221
0.109578
-0.042183
-0.187273
-0.139302
-0.0659232
0.0198162
0.0437526
-0.115954
-0.275269
-0.449494
-0.574376
-0.548575
-0.335894
-0.0991791
0.0315882
0.171675
0.239266
0.268009
0.272522
0.127628
-0.0869166
-0.070632
0.0809325
0.0845622
0.0357084
0.0270756
0.100749
0.253883
0.279977
0.0292338
-0.211504
-0.186194
-0.0491481
0.090252
0.140283
0.038259
-0.139694
-0.0841698
0.0772047
0.0553284
0.0272718
0.137242
0.171871
0.212583
0.146071
-0.112423
-0.316961
-0.307347
-0.222098
-0.213858
-0.191687
-0.188548
-0.150289
-0.0099081
-0.0785781
-0.0620973
-0.0619011
-0.0996696
-0.101141
-0.117524
-0.0149112
0.176776
0.297047
0.239266
0.0429678
-0.137438
-0.316176
-0.257218
-0.0949608
0.0116739
0.172067
0.161571
-0.0752427
-0.136653
0.0640593
0.269186
0.38622
0.405447
0.267519
0.139989
0.10016
0.0214839
0.0062784
0.150191
0.223962
0.177659
0.164514
0.0889767
-0.0719073
-0.156666
-0.203852
-0.213662
-0.211798
-0.284588
-0.368954
-0.380432
-0.349138
-0.225826
-0.0604296
0.0061803
-0.0516987
-0.147542
-0.0869166
-0.099081
-0.195415
-0.151859
-0.0135378
0.128707
0.294398
0.135476
-0.0577809
-0.0278604
0.0477747
0.0505215
0.0411039
0.0634707
0.123704
0.148033
0.128805
0.127039
0.170498
0.183741
0.225041
0.262025
0.227592
0.164906
0.0877995
0.134103
0.249763
0.29273
0.297733
0.218174
0.0966285
-0.101435
-0.190608
-0.223864
-0.184919
-0.0404172
0.0805401
0.0513063
0.100749
0.0683757
0.0074556
-0.0086328
-0.0668061
-0.131258
-0.0888786
-0.0679833
-0.0018639
-0.0183447
-0.101533
-0.184428
-0.289689
-0.332755
-0.382492
-0.410352
-0.42801
-0.406428
-0.275759
-0.149504
-0.0868185
0.083385
0.169124
0.293221
0.407409
0.508158
0.530132
0.268402
0.0013734
0.0497367
0.0656289
0.138125
0.0736731
-0.0124587
0.0008829
0.0840717
0.142834
0.0154017
0.0648441
0.147052
0.10222
0.133514
0.0414963
-0.0848565
-0.0723978
-0.110657
-0.115758
-0.145188
-0.190903
-0.189824
-0.130081
-0.0223668
-0.086328
-0.245152
-0.269186
-0.225532
-0.179425
-0.137242
-0.0015696
0.103888
0.108989
0.0229554
-0.0495405
0.0758313
0.236127
0.274386
0.325398
0.332167
0.275367
0.256532
0.227886
0.0632745
-0.0554265
-0.0803439
-0.0709263
-0.0455184
-0.13685
-0.207972
-0.0260946
0.260554
0.331872
0.336483
0.152153
-0.106929
-0.181877
-0.128805
-0.0191295
0.066708
0.0732807
0.113011
0.16108
0.0295281
-0.190706
-0.309015
-0.265949
-0.0724959
-0.0801477
-0.0761256
0.0619011
0.256237
0.28812
0.0654327
0.0201105
0.0748503
0.0423792
-0.106144
-0.245544
-0.273601
-0.147444
0.0426735
0.152546
0.203656
0.206991
0.244367
0.177855
-0.0110853
0.0312939
0.0834831
0.0544455
-0.003924
-0.153625
-0.272718
-0.353356
-0.29842
-0.0888786
0.00981
0.0620973
0.0487557
0.0538569
0.0981
0.137732
0.146659
0.232203
0.233086
0.141166
0.109578
0.0249174
-0.0509139
-0.0857394
-0.0895653
-0.0844641
-0.168438
-0.280958
-0.233478
-0.157156
-0.0532683
0.0394362
-0.0443412
-0.0854451
-0.0624897
-0.0684738
-0.0190314
0.0701415
0.0858375
0.0514044
0.0465975
0.032373
-0.0576828
-0.184036
-0.22357
-0.0734769
0.0847584
0.142245
0.113894
0.0727902
0.0795591
0.0819135
0.0723978
0.0834831
0.0731826
0.0244269
-0.0985905
-0.0612144
-0.0081423
0.0001962
0.0173637
-0.0528759
-0.15284
-0.238285
-0.257414
-0.221706
-0.188842
-0.109774
0.07848
0.24368
0.313037
0.293417
0.206599
0.166966
0.0856413
-0.0051012
0.0158922
0.0460089
0.06867
-0.0213858
-0.166083
-0.219744
-0.251725
-0.1704
-0.0277623
0.0471861
0.0575847
0.112815
0.13685
0.0596448
0.0622935
0.0935874
0.166868
0.0685719
-0.244563
-0.365619
-0.297145
-0.0601353
0.067689
0.0644517
-0.0120663
-0.161865
-0.156371
0.03924
0.196298
0.216997
0.169811
0.118505
0.125176
0.106831
0.138812
0.210719
0.101141
-0.0236421
0.0036297
0.042183
-0.0187371
-0.147837
-0.103888
-0.0256041
0.126647
0.0983943
0.0209934
0.0966285
0.196298
0.269481
0.284196
0.206501
0.121448
0.0596448
-0.0628821
-0.131552
-0.252902
-0.357967
-0.35679
-0.402701
-0.349628
-0.188352
-0.111736
0.0047088
0.265262
0.382982
0.287825
0.06867
-0.173735
-0.149897
-0.0394362
0.0124587
0.0361989
0.108597
0.174127
0.126941
-0.0415944
-0.23907
-0.342761
-0.334031
-0.0909387
0.0153036
-0.025506
0.0899577
0.164514
0.15853
0.0932931
0.0846603
0.0948627
0.149602
0.202969
0.136359
-0.127334
-0.280468
-0.275857
-0.202478
0.0857394
0.113502
-0.0169713
-0.0830907
-0.0966285
0.0806382
0.137634
0.0829926
0.0393381
-0.0143226
-0.0145188
-0.0645498
-0.113992
-0.0286452
-0.0389457
-0.104771
-0.128315
-0.15127
-0.1239
-0.0509139
-0.027468
-0.0809325
-0.0849546
-0.0153036
0.0035316
0.0601353
0.107125
0.132631
0.27311
0.346195
0.111638
-0.207285
-0.235048
-0.266243
-0.166966
-0.102907
-0.0035316
0.132533
0.221608
0.278898
0.26899
0.211504
0.152349
0.0711225
0.0527778
0.0649422
0.121546
0.117916
0.0935874
0.0707301
-0.0027468
-0.0643536
-0.116445
-0.0810306
0.0524835
0.0200124
0.0069651
-0.0770085
-0.122134
-0.0477747
-0.0005886
-0.0439488
-0.148523
-0.226415
-0.188058
-0.0384552
-0.0142245
-0.0379647
-0.12341
-0.139498
0.0259965
0.212779
0.24319
0.174226
0.008829
-0.0506196
0.0061803
-0.0544455
-0.149799
-0.174029
-0.177561
-0.10222
-0.0027468
0.0346293
0.0522873
0.101435
0.189725
0.297047
0.334325
0.225238
-0.0135378
-0.0400248
0.0698472
0.0867204
0.10585
-0.0128511
-0.0988848
-0.13165
-0.188156
-0.232791
-0.270658
-0.18639
-0.0498348
0.0349236
0.126058
0.111147
0.166966
0.250351
0.301461
0.303227
0.216016
0.0856413
-0.0022563
-0.0798534
-0.126451
-0.128413
-0.0819135
-0.052974
-0.0891729
-0.195023
-0.251528
-0.233282
-0.211111
-0.13528
0.0071613
0.0566037
0.0521892
-0.0334521
-0.0830907
-0.0299205
-0.0074556
0.020601
0.04905
0.148033
0.193551
0.113894
-0.0731826
-0.179033
-0.102613
-0.0726921
-0.108989
-0.0595467
0.0378666
0.0900558
0.0947646
0.0697491
0.164612
0.270756
0.321572
0.235538
0.0494424
-0.104575
-0.24731
-0.312449
-0.205225
0.092214
0.129198
-0.0188352
-0.132631
-0.0920178
0.0371799
0.0181485
-0.0910368
-0.183545
-0.25506
-0.272816
-0.166868
-0.0929988
-0.036297
0.0464994
0.0546417
0.131356
0.19826
0.20601
0.0857394
-0.060822
-0.0658251
0.0554265
0.0720054
0.0785781
0.218469
0.224257
0.0497367
-0.115071
-0.140773
-0.0320787
0.0918216
0.0846603
-0.108204
-0.273503
-0.272718
-0.196789
-0.10634
-0.0767142
-0.0699453
0.0486576
0.207972
0.29381
0.241326
-0.043164
-0.116837
0.0033354
0.189529
0.260357
-0.003924
-0.179229
-0.21533
-0.156764
-0.0960399
-0.0401229
0.0070632
-0.0585657
-0.0061803
0.0370818
-0.0108891
-0.0148131
-0.0553284
-0.0718092
0.011772
0.200516
0.281253
0.234165
0.154017
0.0063765
-0.163336
-0.213662
-0.228377
-0.150682
0.0516987
0.140773
0.185605
0.208659
0.151761
0.0688662
0.0216801
0.0449298
0.0325692
-0.1394
-0.213564
-0.121644
0.0164808
0.071613
0.0258984
-0.0766161
-0.177659
-0.079461
0.209149
0.235048
0.105261
-0.0270756
-0.171381
-0.269284
-0.0552303
0.186782
0.230829
0.0526797
-0.177855
-0.324515
-0.351198
-0.171969
0.11615
0.352179
0.381903
0.220823
-0.0359046
-0.133612
-0.0680814
0.0305091
0.0604296
0.0411039
-0.0662175
-0.11409
0.0222687
0.209738
0.280075
0.234263
0.076518
-0.032373
-0.16314
-0.348942
-0.489323
-0.526208
-0.518066
-0.422615
-0.0690624
0.246427
0.264085
0.297733
0.30048
0.205323
0.149406
0.105948
0.0132435
-0.0212877
-0.0528759
-0.105556
-0.003924
0.27311
0.392204
0.317157
0.19777
0.0446355
0.0275661
0.0340407
-0.0440469
-0.0811287
-0.0099081
-0.0299205
-0.100749
-0.113698
-0.173343
-0.186979
-0.177365
-0.216605
-0.204048
-0.100749
-0.0154998
-0.0463032
-0.136457
-0.249665
-0.28449
-0.175501
-0.159707
-0.190608
-0.0394362
0.231614
0.295281
0.280566
0.183643
0.005886
-0.0363951
-0.0096138
-0.0208953
-0.10379
-0.234263
-0.278604
-0.251234
-0.03924
0.25869
0.301559
0.263006
0.187371
0.139596
0.10016
0.0594486
0.0790686
0.0980019
-0.0390438
-0.197573
-0.266342
-0.264478
-0.0524835
0.227298
0.367286
0.36297
0.15333
-0.114483
-0.299401
-0.315784
-0.0494424
0.197573
0.232693
0.132435
-0.0188352
-0.0826002
-0.11409
-0.0850527
-0.130865
-0.175207
-0.0984924
-0.0063765
0.0172656
0.0197181
-0.0073575
-0.0352179
-0.115758
-0.287727
-0.364441
-0.364147
-0.244661
-0.0695529
0.109185
0.136359
0.110951
0.0858375
0.101337
0.183741
0.15647
0.0656289
0.0305091
-0.0320787
9.81e-05
0.123312
0.229456
0.303031
0.254373
0.0695529
-0.0631764
0.0595467
0.172165
0.23132
0.167457
0.0597429
0.104182
0.139891
0.126941
-0.0713187
-0.21631
-0.131258
-0.0481671
-0.0364932
-0.143716
-0.141264
-0.0493443
0.0405153
0.0439488
-0.0282528
-0.159903
-0.300677
-0.391125
-0.380432
-0.232791
-0.101926
-0.0396324
-0.0214839
-0.087309
-0.0889767
-0.026487
0.0841698
0.198849
0.0447336
-0.0555246
0.106242
0.169615
0.226415
0.206206
0.169909
0.144501
0.122821
0.116641
0.152546
0.215035
0.0672966
0.0044145
0.161767
0.227592
0.282332
0.229162
0.021582
-0.219744
-0.328635
-0.372486
-0.232105
-0.0981981
-0.136948
-0.143422
-0.107125
-0.158922
-0.180406
-0.0818154
-0.0062784
-0.0830907
-0.158039
-0.166574
-0.0283509
0.0783819
-0.0185409
-0.142637
-0.225238
-0.176384
-0.0374742
-0.0653346
-0.0096138
0.133416
0.218861
0.289591
0.178934
0.0209934
0.0278604
0.0258003
0.0279585
0.148033
0.18482
0.110755
0.044145
-0.0540531
-0.0199143
0.131944
0.229652
0.303521
0.205323
0.0859356
0.117033
0.0542493
-0.0455184
-0.0759294
0.0138321
0.0924102
-0.0842679
-0.193257
-0.204244
-0.202282
-0.240051
-0.251725
-0.246427
-0.106439
-0.0210915
-0.15127
-0.147346
-0.236029
-0.260456
-0.134691
-0.0535626
-0.0266832
-0.0231516
-0.0129492
0.1136
0.131846
0.0880938
-0.0024525
-0.0482652
-0.0089271
0.0964323
0.212288
0.300088
0.309898
0.218371
0.110755
0.13734
0.130865
0.0113796
0.0125568
0.0422811
-0.0502272
-0.107518
-0.140381
-0.184526
-0.24162
-0.320395
-0.321866
-0.184722
-0.0533664
-0.0522873
0.160884
0.316078
0.31804
0.202086
0.0453222
-0.0268794
-0.149897
-0.0944703
0.0034335
0.0048069
-0.103692
-0.220529
-0.231418
-0.0911349
0.0131454
0.120074
0.191884
0.170596
0.161767
0.204735
0.227886
0.251234
0.271933
0.224355
0.0584676
-0.023544
-0.0522873
-0.141068
-0.138321
-0.0575847
-0.0483633
-0.06867
-0.0546417
-0.142932
-0.108008
0.0279585
0
-0.100062
-0.0643536
0.0260946
0.0748503
0.0411039
0.0012753
-0.0227592
0.0075537
-0.0120663
-0.113502
-0.187077
-0.216997
-0.0752427
0.0442431
0.0007848
-0.0167751
-0.05886
0.0175599
0.053955
0.0807363
0.0746541
0.060822
0.154017
0.192865
0.209247
0.186194
0.0319806
-0.0288414
-0.0967266
-0.227102
-0.189529
0.032373
0.201203
0.306955
0.221019
0.0386514
0.0574866
-0.0190314
-0.132926
-0.0483633
-0.0089271
0.0704358
0.146758
0.133024
0.0907425
-0.0658251
-0.062784
0.0939798
0.196396
0.108989
-0.0253098
-0.0877014
-0.145286
-0.145973
-0.193551
-0.167947
-0.0692586
-0.0708282
-0.101533
-0.0677871
0.0718092
0.090252
0.007848
0.0165789
0.0897615
0.130767
0.0708282
-0.0093195
-0.13528
-0.0957456
0.0680814
0.0488538
-0.0623916
-0.086328
0.0472842
0.142343
0.222883
0.240541
0.184526
0.138321
0.15078
0.0408096
-0.0796572
-0.0540531
0.0035316
0.0959418
0.195611
0.161473
0.0703377
-0.0261927
-0.169615
-0.210523
-0.137536
0.0047088
0.0999639
0.15284
0.0834831
-0.0095157
-0.0467937
-0.140283
-0.15902
-0.204637
-0.228867
-0.15853
-0.0805401
-0.185311
-0.221216
-0.247801
-0.151859
0.0260946
0.0756351
0.118701
0.168536
0.135378
-0.0150093
-0.104476
-0.0368856
-0.0061803
0.0685719
0.130179
0.174716
0.218076
0.235342
0.250057
0.205421
0.172362
0.118995
-0.048069
-0.131062
-0.149112
-0.0859356
0.0142245
-0.0429678
-0.0165789
0.0903501
0.0605277
-0.0869166
-0.163925
-0.0886824
0.0694548
0.0439488
-0.0705339
-0.212975
-0.296066
-0.277721
-0.178542
-0.0911349
-0.0671985
-0.0556227
0.0180504
0.222196
0.393675
0.43939
0.356103
0.176482
-0.0254079
-0.130179
-0.102318
0.0093195
0.0582714
0.0504234
-0.0201105
-0.0379647
-0.0690624
-0.0927045
-0.0501291
-0.113404
-0.067689
0.141166
0.191295
0.102318
-0.0523854
-0.100847
-0.0934893
-0.144894
-0.1704
-0.168634
-0.174127
-0.106831
-0.0623916
-0.10379
-0.145875
-0.136065
-0.0447336
0.101533
0.206697
0.164906
0.0758313
0.0256041
0.0301167
0.0918216
0.172558
0.184232
0.0571923
-0.0631764
-0.124979
-0.108204
0.0400248
0.154311
0.103299
-0.0367875
-0.171577
-0.17452
-0.0935874
0.0305091
0.132631
0.171969
0.178738
0.118799
0.100945
0.0366894
-0.0322749
-0.0486576
-0.083385
-0.105261
-0.0999639
-0.0094176
0.159707
0.20601
0.011772
-0.14715
-0.111442
0.0214839
0.0928026
0.106733
0.071613
-0.0504234
-0.104182
-0.0799515
-0.0099081
-0.0737712
-0.194827
-0.232595
-0.210326
0.0373761
0.20032
0.13685
0.116347
0.120467
0.145384
0.144011
0.0694548
-0.0325692
-0.0521892
-0.0054936
-0.0054936
-0.0915273
-0.116445
-0.113404
0.0742617
0.213073
0.177855
0.137536
0.152349
0.1394
-0.0378666
-0.193649
-0.172362
-0.17295
-0.115856
-0.0600372
-0.0899577
-0.0785781
-0.0709263
-0.0904482
-0.112226
-0.0308034
-0.0044145
-0.034335
-0.0436545
-0.123998
-0.149308
0.0267813
0.100847
0.0728883
0.0935874
0.0955494
0.171086
0.21376
0.250842
0.21219
0.0849546
-0.0210915
-0.0669042
-0.0851508
-0.0909387
-0.0864261
-0.0170694
0.0457146
0.0046107
-0.0472842
-0.0335502
0.0535626
0.115071
0.0552303
-0.0400248
-0.0408096
0.0290376
0.0391419
0.0650403
0.0734769
-0.0503253
-0.152349
-0.193159
-0.165985
-0.051012
-0.0665118
-0.0191295
0.002943
-0.0258984
-0.0004905
0.0056898
0.0110853
0.0272718
0.0301167
0.0183447
0.0855432
0.142637
0.187175
0.196494
0.0817173
-0.0551322
-0.0319806
0.0057879
0.0953532
0.051993
-0.102416
-0.0590562
0.0571923
0.174226
0.180602
-0.0296262
-0.0874071
-0.0376704
0.0205029
0.0768123
0.0885843
0.0718092
0.0370818
-0.0285471
-0.0699453
-0.0913311
-0.181681
-0.215624
-0.17815
-0.015696
0.0740655
-0.0250155
-0.147837
-0.185703
-0.122429
-0.0194238
0.0031392
-0.0646479
-0.0658251
-0.0404172
0.0031392
0.0542493
-0.0281547
-0.146463
-0.200615
-0.165495
-0.0213858
0.15853
0.237402
0.289199
0.299303
0.173343
0.0112815
-0.104967
-0.115267
0.0358065
0.0788724
0.0970209
0.045126
-0.0302148
-0.0898596
-0.140675
-0.130375
-0.0391419
0.0086328
0.0396324
0.0054936
-0.0523854
-0.0061803
0.0164808
0.0001962
-0.0554265
-0.0978057
-0.150191
-0.200516
-0.261535
-0.237304
-0.0424773
0.0249174
-0.0398286
-0.0731826
-0.140283
-0.053955
0.107518
0.162257
0.223472
0.239462
0.161669
0.086328
0.0509139
0.0558189
0.121546
0.223276
0.218567
0.0958437
-0.0615087
-0.167947
-0.135869
0.0713187
0.179817
0.217782
0.178836
0.0779895
-0.0325692
-0.0947646
-0.13528
-0.135672
-0.0571923
-0.0456165
-0.164219
-0.271148
-0.364049
-0.31755
-0.127824
0.0002943
0.0457146
0.0152055
-0.107223
-0.150485
-0.0429678
0.115954
0.118701
0.0308034
-0.028449
-0.0414963
-0.0378666
-0.0278604
0.0282528
0.101141
0.0563094
-0.0391419
-0.0991791
-0.0641574
0.000981
0.0306072
0.112913
0.164612
0.196985
0.181976
0.186488
0.171184
0.109578
0.0580752
-0.0301167
-0.0851508
-0.0174618
-0.0095157
-0.0128511
-0.0545436
-0.195415
-0.24937
-0.217978
-0.0183447
0.132926
0.0435564
-0.0427716
-0.0757332
-0.0292338
0.0189333
-0.0144207
-0.0283509
-0.0532683
-0.097119
-0.102416
-0.185899
-0.241718
-0.127922
-0.0361989
-0.0546417
-0.0351198
-0.0296262
0.0567999
0.175991
0.252313
0.281841
0.206893
0.116249
0.0614106
0.0785781
0.110068
0.127726
0.12135
0.0868185
0.0414963
-0.0241326
-0.122233
-0.135084
-0.083385
-0.0530721
-0.0383571
-0.0469899
-0.0532683
-0.0151074
0.0601353
0.0577809
-0.0361008
-0.0977076
-0.162356
-0.220333
-0.213367
-0.203852
-0.120761
-0.0231516
0.0319806
0.0704358
0.137929
0.212877
0.278506
0.342958
0.340505
0.249174
0.0895653
0.0035316
0.0293319
0.0154017
0.0430659
0.0432621
-0.0048069
-0.0899577
-0.168143
-0.150584
-0.0371799
0.085347
0.138027
0.126353
0.106831
0.0414963
-0.0829926
-0.173343
-0.18639
-0.164612
-0.0801477
-0.0434583
-0.0702396
-0.0242307
0.0654327
0.0777933
0.047088
-0.105948
-0.248782
-0.333638
-0.248684
0.065727
0.148033
0.136653
0.139694
0.104084
0.0404172
-0.065727
-0.111736
-0.0244269
0.122233
0.23495
0.284588
0.223472
0.0651384
-0.0628821
-0.0659232
-0.0238383
-0.0819135
-0.132239
-0.0913311
-0.0311958
-0.0370818
-0.0697491
-0.0714168
-0.01962
-0.026487
-0.0671004
-0.14509
-0.13577
0.004905
0.0407115
-0.0429678
-0.0427716
-0.0756351
-0.0768123
-0.040221
-0.0393381
0.0162846
0.0717111
0.132631
0.169222
0.116249
-0.0403191
-0.116935
-0.0979038
-0.070632
0.0394362
0.057879
0.0459108
0.0495405
0.0378666
0.0389457
0.0858375
0.0374742
-0.0504234
-0.0599391
-0.0443412
-0.0472842
-0.0371799
-0.020601
0.018639
-0.0240345
-0.0879957
-0.0958437
-0.0582714
-0.0302148
0.0025506
0.10222
0.164416
0.138615
0.0649422
-0.0458127
-0.0684738
-0.07848
-0.0935874
-0.111932
-0.0994734
0.0069651
0.168732
0.238187
0.262614
0.193453
0.0221706
-0.119976
-0.168928
-0.141166
-0.140773
-0.111932
-0.0704358
-0.0278604
0.0344331
0.0247212
-0.0662175
-0.153527
-0.152251
-0.0634707
-0.0183447
-0.0035316
0.0014715
-0.0541512
-0.0652365
0.0007848
0.10948
0.175207
0.202969
0.216212
0.202969
0.17501
0.137929
0.111343
0.0802458
0.0791667
0.0899577
0.059841
0.0290376
0.0140283
-0.0024525
-0.0126549
-0.074556
-0.0988848
-0.0586638
-0.0054936
0.0283509
0.0086328
-0.0660213
-0.11409
-0.0714168
-0.0438507
-0.0682776
-0.104967
-0.115366
-0.0795591
-0.061803
-0.0708282
-0.0979038
-0.0567999
0.052974
-0.0016677
-0.041202
0.0554265
0.0768123
0.0194238
-0.0636669
-0.0896634
0.0496386
0.208953
0.302344
0.246623
0.0831888
0.0129492
-0.0055917
0.0224649
-0.0325692
-0.122134
-0.105163
-0.102318
-0.099081
-0.0769104
-0.0312939
-0.0241326
-0.0599391
-0.0881919
-0.0708282
0.0317844
0.0884862
0.0715149
0.0616068
0.0194238
-0.0023544
-0.010791
-0.008829
-0.0253098
-0.0311958
-0.0180504
-0.051012
-0.15333
-0.206599
-0.205323
-0.150387
-0.0498348
0.0505215
0.12547
0.179915
0.212681
0.224551
0.205912
0.149897
0.0980019
0.045126
-0.0101043
-0.0703377
-0.109185
-0.135672
-0.122134
-0.0256041
0.0593505
0.0749484
0.0267813
-0.0669042
-0.104378
-0.0688662
-0.0110853
0.0504234
0.0771066
0.0688662
0.0024525
-0.0067689
-0.02943
-0.0825021
-0.16677
-0.176482
-0.0687681
0.0721035
0.0958437
0.0631764
0.0124587
0.0318825
0.0834831
0.113796
0.082404
0.0126549
0.0502272
0.120467
0.16108
0.0930969
-0.0668061
-0.128413
-0.144992
-0.102613
-0.106831
-0.107027
-0.0405153
-0.0164808
-0.0368856
-0.0279585
0.0004905
0.0654327
0.0937836
0.0132435
-0.0599391
-0.057879
-0.0237402
-0.0798534
-0.127432
-0.134201
-0.169615
-0.139302
-0.0841698
-0.0416925
0.0198162
0.0534645
0.14872
0.169419
0.110559
0.0356103
0.0258003
0.0504234
0.0817173
0.0503253
-0.0381609
-0.0808344
-0.118309
-0.067689
-0.0086328
0.0119682
-0.0514044
-0.0737712
-0.03924
0.036297
0.139498
0.250057
0.309309
0.26124
0.0805401
-0.0446355
-0.0040221
0.0038259
-0.0611163
-0.0562113
-0.0531702
-0.0625878
0.0032373
0.0774009
0.0988848
0.0413982
-0.0266832
-0.0290376
-0.0013734
-0.0360027
-0.117328
-0.141951
-0.118407
-0.081423
0.0565056
0.157549
0.154507
0.0534645
-0.0281547
-0.028449
-0.0232497
0.0007848
0.0265851
-0.0346293
-0.0963342
-0.126451
-0.0593505
0.0994734
0.173048
0.191393
0.215428
0.183643
0.135084
0.0672966
-0.011772
0.0014715
0.0599391
0.129198
0.0978057
-0.0167751
-0.0966285
-0.0911349
-0.0247212
-0.0190314
-0.0311958
-0.0477747
-0.0570942
-0.0303129
-0.0271737
-0.015696
-0.0305091
-0.0252117
-0.0065727
-0.017658
-0.0791667
-0.153625
-0.146365
-0.104182
-0.051012
0.0081423
-0.0095157
-0.0296262
-0.0349236
-0.0714168
-0.065727
0.0216801
0.0736731
0.113698
0.137929
0.106144
0.0428697
0.0751446
0.0786762
-0.0182466
-0.0278604
0.0597429
0.0812268
0.110853
0.174814
0.145875
0.0927045
0.040221
-0.0268794
-0.0869166
-0.162944
-0.144305
-0.0446355
0.0373761
-0.0032373
-0.0458127
-0.0335502
0.0239364
0.0332559
-0.0241326
-0.0817173
-0.121448
-0.0751446
-0.0459108
-0.0027468
0.0567018
0.0123606
0.0081423
-0.0031392
-0.0042183
-0.0410058
-0.033354
0.0596448
0.136163
0.145973
0.0917235
-0.0303129
-0.0712206
0.0212877
0.0060822
-0.14558
-0.196102
-0.0558189
0.0687681
0.077499
0.118701
0.14872
0.1652
0.126941
0.0709263
0.02943
0.0035316
0.0388476
0.0168732
-0.0289395
-0.0606258
-0.110951
-0.0564075
0.0879957
0.114973
0.123017
0.0838755
0.0617049
0
-0.0847584
-0.0914292
-0.0634707
0.0471861
0.10016
0.107714
0.0718092
-0.063765
-0.189235
-0.236029
-0.182368
-0.0913311
0.0093195
-0.0606258
-0.183447
-0.163827
-0.0564075
0.0916254
0.142834
0.16314
0.154213
0.0953532
0.0300186
0.024525
-0.0527778
-0.0763218
-0.0668061
-0.0661194
-0.0126549
0.0865242
0.161865
0.204637
0.244073
0.252411
0.108204
-0.10997
-0.138713
-0.090252
-0.0038259
-0.0222687
-0.014715
0.0418887
0.0052974
-0.0401229
-0.026487
-0.0640593
-0.154409
-0.209345
-0.153625
-0.045126
-0.0318825
-0.0622935
-0.0417906
0.0286452
0.047088
0.0673947
0.0869166
0.0905463
0.048069
-0.0733788
-0.174127
-0.213956
-0.114581
0.0139302
0.0498348
0.112423
0.0779895
-0.0508158
-0.108891
-0.0587619
-0.0209934
0.0617049
0.0919197
0.0628821
0.0430659
0.0239364
0.0089271
0.0391419
0.0367875
-0.0306072
-0.0652365
-0.0847584
-0.0359046
0.108302
0.136457
0.0613125
0.0228573
-0.0111834
-0.0247212
0.020601
-0.0031392
-0.0240345
-0.0214839
-0.044145
-0.0319806
0.0146169
0.0214839
-0.0309996
-0.0157941
0.041202
0.115464
0.167457
0.0582714
-0.164318
-0.249566
-0.216507
-0.169517
-0.136163
-0.0565056
0.105752
0.203459
0.166672
0.0700434
-0.0238383
-0.0962361
-0.0424773
0.101926
0.181779
0.164808
0.0875052
0.0489519
-0.0403191
-0.118897
-0.110363
-0.0702396
-0.063765
-0.0425754
0.0659232
0.105163
0.0506196
-0.0805401
-0.247016
-0.301069
-0.148229
0.0373761
-0.0203067
-0.162944
-0.235244
-0.0832869
0.201301
0.253392
0.160001
0.0305091
-0.0157941
0.0159903
0.0623916
-0.0192276
-0.0436545
0.0327654
0.0571923
-0.021582
-0.143913
-0.134887
0.038259
0.193944
0.22769
0.191589
0.151074
0.132631
0.10379
-0.0400248
-0.218469
-0.16883
-0.0732807
0.0224649
-0.0184428
-0.0509139
-0.0227592
0.0446355
0.099081
0.108793
0.110951
0.0356103
-0.0516006
-0.0926064
-0.0426735
-0.003924
0.0046107
-0.0041202
-0.0368856
-0.0691605
-0.093195
-0.12959
-0.152447
-0.0817173
-0.0146169
-0.104378
-0.0949608
0.0354141
0.117131
0.118407
0.0084366
-0.11723
-0.107812
0.0138321
0.153134
0.128609
0.0300186
-0.0895653
-0.161178
-0.20444
-0.11154
0.038259
0.0819135
0.0671004
-0.0023544
-0.0371799
-0.0158922
0.0420849
0.186096
0.262221
0.230829
0.0917235
0.0760275
0.155783
0.1549
-0.0073575
-0.198751
-0.199143
-0.180112
-0.104084
-0.0028449
0.102416
0.0488538
-0.042183
-0.124881
-0.1084
-0.10791
-0.154704
-0.089271
0.0560151
0.1084
0.0562113
0.0998658
0.1549
0.179425
0.0907425
-0.146365
-0.275465
-0.257414
-0.163435
0.0320787
0.172264
0.142147
0.115267
0.121546
0.053955
-0.001962
0.089271
0.137046
0.144109
0.127628
0.0325692
-0.174226
-0.270462
-0.33717
-0.31961
-0.206697
-0.0524835
0.0293319
0.0626859
0.028449
0.0309996
0.0953532
0.104771
0.0487557
-0.0443412
-0.0776952
-0.0139302
0.0898596
0.134201
0.13734
0.0718092
0.0254079
0.0670023
0.0064746
-0.099081
-0.0879957
0.0433602
0.191393
0.252117
0.201694
0.125372
0.146365
0.167162
0.0683757
-0.165102
-0.325398
-0.350511
-0.290082
-0.221019
-0.200516
-0.194728
-0.186586
-0.152546
-0.157058
-0.171871
-0.117033
0.0307053
0.100651
0.0534645
-0.0050031
-0.0464013
0.0419868
0.10016
0.109283
0.116052
0.14303
0.108597
0.0482652
0.0379647
0.0272718
0.0952551
0.149504
0.193061
0.214447
0.161669
0.0008829
-0.0850527
-0.0103005
0.06867
0.0837774
0.0611163
0.038259
-0.0222687
-0.140773
-0.216114
-0.175109
-0.116543
-0.105261
-0.0838755
-0.0355122
0.0300186
0.082404
0.0713187
-0.0217782
-0.105359
-0.120761
0.0010791
0.0953532
0.082404
0.0285471
-0.0155979
0.0394362
0.0865242
0.0756351
0.0478728
-0.0671985
-0.119976
-0.0586638
0.0602334
0.178444
0.184624
0.0393381
-0.0671004
-0.0567999
-0.0438507
-0.0439488
-0.0705339
-0.0090252
0.0646479
0.0675909
0.0069651
-0.0790686
-0.0938817
-0.0919197
-0.0783819
-0.0492462
-0.0624897
-0.0872109
-0.0464994
-0.0386514
-0.11203
-0.145875
-0.154802
-0.0787743
0.0463032
0.0896634
0.0871128
0.0826002
0.0972171
0.0550341
-0.0145188
-0.0520911
-0.0051012
0.0810306
0.106439
0.0744579
0.132729
0.21013
0.280075
0.218174
-0.0871128
-0.263693
-0.238089
0.0266832
0.192963
0.177855
0.100258
0.0035316
-0.083385
-0.165495
-0.221412
-0.195121
-0.0414963
0.107125
0.0789705
-0.0390438
-0.123116
-0.113894
-0.130277
-0.201203
-0.286942
-0.283803
-0.115464
0.0266832
0.0489519
0.0222687
0.0220725
-0.0087309
0.004905
0.0868185
0.125274
0.22151
0.312154
0.327654
0.259082
0.219057
0.186782
0.124587
0.0329616
-0.0665118
-0.0427716
0.107812
0.171381
0.138125
-0.00981
-0.116543
-0.0829926
0.0236421
0.0531702
0.0020601
-0.0673947
-0.134397
-0.120074
-0.0729864
-0.0740655
-0.0904482
-0.0560151
-0.0746541
-0.19983
-0.265753
-0.22975
0.0204048
0.117524
0.0508158
-0.0054936
-0.0557208
-0.0583695
-0.0106929
0.0567999
0.081423
0.0972171
0.0651384
0.0371799
0.0035316
-0.0498348
-0.10222
-0.107223
-0.0701415
0.0185409
0.0795591
0.0298224
0.0061803
0.0354141
0.0888786
0.154409
0.164318
0.0988848
0.0150093
-0.0602334
-0.0960399
-0.138125
-0.160099
-0.0966285
0.0329616
0.0445374
-0.0189333
-0.018639
0.0531702
0.147739
0.132827
0.0315882
-0.083385
-0.0970209
-0.0457146
-0.0193257
-0.0475785
-0.119192
-0.189039
-0.119878
-0.0119682
-0.0386514
-0.0209934
0.0692586
0.106635
0.0536607
-0.0535626
-0.134201
-0.0893691
0.0062784
0.113207
0.0904482
0.0613125
0.0970209
0.0877014
0.0355122
0.0153036
0.0244269
0.0112815
-0.0035316
-0.0277623
-0.0219744
0.0282528
0.0523854
0.0302148
-0.0158922
-0.103888
-0.168634
-0.112913
0.0239364
0.0815211
0.0364932
-0.0177561
-0.0181485
0.0061803
0.0265851
0.0171675
0.0527778
0.0690624
0.0077499
-0.0459108
-0.0648441
-0.0544455
0.0003924
0.0522873
0.0583695
0.0609201
0.045126
0.0271737
-0.006867
-0.0921159
-0.162257
-0.186096
-0.198554
-0.115267
0.0251136
0.111736
0.139694
0.107027
0.0112815
-0.0738693
-0.0752427
-0.0435564
0.0266832
0.103201
0.129983
0.0744579
0.0051012
-0.0113796
0.0560151
0.136555
0.178346
0.192472
0.196396
0.201007
0.181779
0.126745
0.103692
0.0444393
-0.0202086
-0.0377685
-0.0473823
0.0061803
0.0471861
0.0646479
0.0051012
-0.0790686
-0.171969
-0.251626
-0.286648
-0.254766
-0.174422
-0.165691
-0.197377
-0.203656
-0.15902
-0.11978
-0.0759294
-0.0584676
-0.0358065
0.0102024
0.079461
0.139008
0.124685
0.0645498
0.0112815
0.0189333
0.0593505
0.0860337
0.0717111
0.0305091
0.0473823
0.120173
0.17452
0.191687
0.144796
0.0844641
0.0782838
0.0867204
0.0646479
0.056898
0.106733
0.121153
0.0443412
-0.0664137
-0.146365
-0.172067
-0.108597
-0.0404172
-0.0300186
-0.0573885
-0.0728883
-0.0723978
-0.0622935
-0.0697491
-0.0615087
-0.0433602
-0.0505215
-0.0673947
-0.0419868
0.0184428
0.0816192
0.0942741
0.044145
-0.0483633
-0.144305
-0.190804
-0.0999639
0.0378666
0.107321
0.118309
0.0584676
-0.0101043
-0.0557208
-0.031392
0.0532683
0.144109
0.158628
0.153723
0.112717
0.103201
0.0940779
0.0438507
-0.0171675
-0.0626859
-0.0670023
-0.0514044
-0.0230535
0.0031392
-0.0160884
-0.0044145
-0.0018639
-0.036297
-0.0513063
-0.0612144
-0.0645498
-0.0271737
0.0670023
0.117622
0.0924102
0.0494424
0.033354
0.0122625
-0.025506
-0.0865242
-0.137536
-0.0498348
0.0283509
0.0774009
0.116347
0.0351198
-0.0644517
-0.0631764
-0.0683757
-0.0306072
0.0048069
0.0124587
-0.0223668
0.0045126
-0.0069651
-0.0636669
-0.0780876
-0.0753408
-0.0369837
-0.0114777
-0.0416925
-0.106537
-0.115954
-0.042183
0.0310977
0.0838755
0.06867
0.0236421
0.0103986
0.0607239
0.129983
0.12753
0.0582714
0.0249174
0.0561132
0.100847
0.112226
0.0611163
0.0508158
0.0823059
0.0747522
0.0659232
0.0478728
0.0332559
0.0326673
-0.0200124
-0.0819135
-0.0959418
-0.0884862
-0.0496386
-0.014715
-0.0150093
-0.0278604
-0.0292338
-0.0254079
0.0051012
0.022563
0.0132435
-0.0114777
-0.0617049
-0.134495
-0.174814
-0.163533
-0.0857394
0.0097119
0.101926
0.170204
0.136163
0.0125568
-0.0652365
-0.0516006
0.0101043
0.0679833
0.0838755
0.122919
0.104182
0.0659232
0.0609201
0.0758313
0.0311958
-0.0195219
-0.0024525
-0.011772
-0.038259
-0.0509139
-0.0168732
-0.0139302
-0.0210915
-0.0197181
-0.0590562
-0.127628
-0.126058
-0.0584676
0.0188352
0.0536607
-0.0092214
-0.0620973
-0.0228573
-0.0023544
-0.0418887
-0.0744579
-0.113894
-0.0975114
-0.0322749
0.0389457
0.0834831
0.123116
0.167751
0.176776
0.156666
0.175697
0.205323
0.207874
0.150584
0.0884862
0.0413001
0.0089271
-0.0182466
-0.0697491
-0.0954513
-0.144501
-0.124881
-0.0182466
0.0305091
0.0205029
-0.0004905
-0.0230535
-0.0607239
-0.0836793
-0.129001
-0.155587
-0.11154
0.0053955
0.0485595
0.0289395
0.0208953
0.0083385
0.011772
-0.0168732
-0.063765
-0.0536607
0.0171675
0.0891729
0.147346
0.197475
0.178444
0.113796
0.0226611
-0.0712206
-0.0399267
9.81e-05
-0.0303129
-0.065727
-0.0837774
-0.0819135
-0.0311958
0.0016677
-0.0123606
-0.0427716
-0.0484614
-0.0544455
-0.0256041
0.0292338
0.0379647
0.0583695
0.085347
0.0312939
-0.0320787
-0.0532683
-0.0611163
-0.0459108
-0.0231516
0.0010791
0.0085347
-0.0037278
0.0492462
0.0346293
0.011772
-0.0111834
-0.0455184
-0.0052974
0.0384552
0.0796572
0.0292338
-0.0496386
-0.0758313
-0.0483633
0.0047088
0.0237402
0.0170694
0.003924
-0.0041202
-0.0406134
-0.0980019
-0.116543
-0.0781857
0.0589581
0.0972171
0.0349236
-0.0224649
-0.0243288
-0.0211896
-0.0330597
-0.026487
-0.0214839
0.0037278
0.0249174
0.0394362
0.0475785
0.0188352
-0.035316
-0.0518949
-0.0732807
-0.0606258
-0.0167751
0.0204048
0.0601353
0.0666099
0.069651
0.0729864
0.0903501
0.081423
0.0290376
0.0521892
0.0761256
0.0671004
0.0045126
-0.0545436
-0.0831888
-0.101926
-0.124783
-0.126647
-0.0864261
-0.0629802
-0.0654327
-0.0788724
-0.0505215
0.0006867
0.0263889
0.0347274
-0.0074556
-0.053955
-0.0180504
0.0115758
-0.0171675
-0.0271737
-0.0167751
-0.0125568
0.0001962
-0.0138321
-0.0345312
0.0121644
0.0709263
0.0787743
0.0926064
0.114483
0.147935
0.15853
0.0768123
-0.0373761
-0.0536607
-0.055917
-0.0238383
-0.0044145
-0.0244269
-0.0664137
-0.0980019
-0.110951
-0.0861318
-0.0464013
-0.0299205
-0.053955
-0.0535626
0.0015696
0.033354
-0.003924
-0.0383571
-0.0302148
0.0060822
0.0595467
0.0476766
0.0220725
0.0352179
0.0673947
0.047088
-0.0133416
-0.0638631
-0.0501291
-0.0184428
0.0054936
0.0258003
-0.0015696
-0.0138321
0.0361989
0.0483633
0.013734
-0.0385533
-0.0406134
0.0010791
0.0459108
0.0119682
-0.0550341
-0.0662175
-0.0440469
0.0230535
-0.0051993
-0.0663156
-0.0635688
-0.0072594
0.0752427
0.0607239
-0.032373
-0.0561132
0.0111834
0.0654327
0.0457146
-0.0016677
0.0268794
0.0504234
0.0400248
-0.0013734
-0.0733788
-0.114581
-0.0966285
-0.0583695
-0.0116739
0.0440469
0.0832869
0.104378
0.0981981
0.07848
0.0717111
0.10173
0.126255
0.093195
0.072594
0.0265851
-0.0560151
-0.0994734
-0.158922
-0.165298
-0.0701415
0.0089271
0.00981
0.0056898
-0.0287433
-0.0239364
-0.0521892
-0.0684738
-0.0548379
-0.0512082
-0.0401229
-0.0553284
-0.051993
-0.0309996
0.0048069
0.0149112
0.0187371
-0.0238383
-0.0524835
0.0030411
0.0702396
0.124096
0.148229
0.118309
0.0787743
0.0609201
0.0466956
0.055917
0.105948
0.132239
0.129983
0.0848565
0.0149112
-0.0106929
-0.0339426
-0.0216801
-0.0423792
-0.0375723
-0.023544
-0.0383571
-0.0632745
-0.0877014
-0.118701
-0.120761
-0.0728883
-0.0811287
-0.130179
-0.162846
-0.173539
-0.134789
-0.0789705
-0.0035316
0.0521892
0.06867
0.0576828
0.050031
0.074556
0.0968247
0.100356
0.0820116
0.0582714
0.0666099
0.0437526
0.0041202
0.0211896
0.0346293
0.0205029
0.0120663
-0.0247212
-0.0506196
-0.0241326
0.0437526
0.104182
0.0930969
0.0481671
-0.0123606
-0.0376704
-0.0442431
-0.0350217
-0.0155979
-0.0132435
-0.0498348
-0.0721035
-0.0601353
-0.0226611
-0.005886
0.003924
0.0169713
-0.0244269
-0.0207972
0.0222687
0.0460089
0.0703377
0.10428
0.0483633
-0.0208953
-0.0075537
0.0069651
0.0148131
-0.065727
-0.105163
-0.0727902
0.0161865
0.052974
0.0473823
0.0022563
-0.075537
-0.0801477
-0.0389457
-0.0233478
-0.0413001
-0.0373761
-0.0270756
0.0122625
0.0628821
0.0536607
0.0428697
0.0233478
-0.0173637
-0.0227592
0.0243288
0.062784
0.043164
-0.0072594
-0.0481671
-0.0400248
-0.0494424
-0.0481671
-0.0154017
-0.0223668
-0.0677871
-0.10379
-0.0823059
-0.0164808
0.0229554
0.0516006
0.0633726
0.0582714
0.0463032
0.0393381
0.0291357
0.0131454
-0.0364932
-0.110853
-0.14558
-0.138125
-0.0817173
-0.0203067
0.0322749
0.0050031
-0.0454203
-0.0404172
0.0308034
0.122919
0.172754
0.117033
0.0182466
-0.0288414
-0.0418887
0.0311958
0.0723978
0.0422811
-0.0385533
-0.112324
-0.135476
-0.11723
-0.0532683
-0.0038259
-0.0214839
-0.051993
-0.0781857
-0.0904482
-0.0739674
-0.074556
-0.048069
0.0046107
0.0123606
0.0173637
0.0773028
0.124489
0.143815
0.0973152
0.0200124
-0.0217782
0.0110853
0.0299205
0.0562113
0.0806382
0.0489519
0.0243288
0.0036297
-0.0178542
-0.013734
0.0076518
0.0350217
0.0366894
0.0279585
0.0302148
0.0132435
-0.0053955
-0.0707301
-0.102416
-0.115562
-0.0841698
-0.0417906
-0.0477747
-0.0503253
-0.0432621
-0.0399267
-0.0439488
-0.0244269
-0.0056898
0.0021582
0.0130473
-0.0125568
-0.0070632
0.0564075
0.102318
0.14715
0.170694
0.145875
0.0938817
0.0395343
0.0358065
0.0551322
0.0356103
-0.0142245
-0.0654327
-0.0945684
-0.0489519
0.0377685
0.0721035
0.0737712
-0.006867
-0.0861318
-0.0701415
-0.0223668
0.0195219
-0.0108891
-0.0306072
-0.0596448
-0.0010791
0.0438507
0.015696
-0.0689643
-0.0703377
-0.0276642
0.018639
0.0576828
0.0399267
0.021582
0.0267813
-0.0066708
-0.0154998
-0.0181485
-0.0282528
0.0077499
0.0025506
-0.0233478
-0.0067689
0.0341388
0.0257022
0.0371799
0.0248193
-0.0138321
-0.0314901
-0.0381609
0.0070632
0.0273699
0.0369837
0.0315882
0.0517968
0.0508158
0.0524835
0.0869166
0.105163
0.0565056
-0.0006867
-0.0306072
-0.0381609
-0.0174618
-0.031392
-0.0435564
-0.0101043
0.0021582
0.0300186
0.0531702
0.0220725
0.0236421
0.0249174
0.0082404
-0.0288414
-0.045126
-0.0433602
-0.0116739
-0.0213858
-0.0331578
-0.0295281
-0.0488538
-0.0594486
-0.0877995
-0.0772047
-0.0551322
-0.0213858
0.0247212
0.0566037
0.0612144
0.0435564
0.0456165
0.0126549
-0.0057879
0.0210915
0.0560151
0.0449298
0.0385533
0.0337464
0.0287433
0.0145188
0.008829
0.0071613
-0.000981
-0.0010791
-0.0055917
0.0281547
0.0512082
0.0389457
0.0090252
-0.0161865
-0.0141264
-0.0329616
-0.0446355
-0.0586638
-0.0533664
-0.0367875
-0.0111834
-0.0126549
-0.036297
-0.0428697
-0.0282528
-0.00981
-0.0223668
-0.0583695
-0.0909387
-0.11409
-0.132435
-0.11978
-0.0743598
-0.0035316
0.0751446
0.0792648
0.0483633
-0.0194238
-0.035316
0.017658
0.108008
0.186782
0.211405
0.192374
0.146267
0.11821
0.089271
0.0521892
-0.0020601
-0.0301167
-0.0240345
-0.0064746
0.0279585
0.0501291
0.0595467
0.0270756
0.0224649
0.0177561
-0.0189333
-0.0695529
-0.0929007
-0.0684738
-0.0305091
-0.008829
-0.0321768
-0.0633726
-0.0711225
-0.0877014
-0.0967266
-0.0734769
-0.0318825
0.0293319
0.0856413
0.0910368
0.0547398
0.0241326
0.0307053
0.051993
0.0476766
-0.0100062
-0.0148131
-0.005886
-0.0051012
-0.0083385
-0.0337464
-0.0675909
-0.0541512
0.0031392
0.056898
0.0994734
0.124096
0.117916
0.06867
0.0397305
0.0328635
0.0385533
0.0216801
0.0048069
0.0170694
0.0232497
0.0397305
0.0325692
0.028449
0.012753
-0.0465975
-0.101533
-0.144305
-0.126941
-0.0592524
0.004905
0.0067689
-0.0299205
-0.0654327
-0.0907425
-0.0592524
-0.0126549
0.0398286
0.0207972
-0.0331578
-0.0642555
-0.0433602
0.0001962
0.0091233
-0.0063765
9.81e-05
0.0033354
0.0125568
0.0714168
0.0933912
0.0869166
0.0701415
0.0219744
0.028449
0.0337464
0.0222687
0.0061803
0.0090252
0.0299205
0.0385533
0.0223668
0.0001962