-0.00255
-0.0375723
-0.0047088
-0.0032373
0.003924
0.0281547
-0.0031392
-0.0158922
0.00912
0.0014715
0.0170694
0.0070632
-0.0185409
0.0246231
0.0234459
-0.0257022
-0.0337464
-0.0054936
0.010791
0.0104967
-0.0142245
0.0141264
0.0122
-0.0158922
-0.0184428
-0.0202086
-0.0025506
-0.0046107
-0.0008829
-0.0096138
-0.0051993
-0.0021582
-0.0012753
0.0199143
0.0159903
-0.0087309
0.0013734
-0.0129492
-0.0131454
0.00755
0.00137
-0.0309015
0.0043164
-0.0043164
0.00589
-0.0119682
0.00353
0.0334521
0.0337464
0.004905
-0.007848
-0.0278
0.0167751
0.0370818
0.0006867
-0.0072594
0.005886
-0.0055917
-0.0080442
0.0128
0.005886
-0.0376704
-0.0106929
0.0103005
0.0060822
-0.0132
-0.0315
-0.0140283
0.0314
0.0304
-0.0263889
-0.0238383
0.0357084
0.0252
-0.0061803
0.004905
0.00981
-0.0114777
-0.0199
0.000785
-0.0076518
0.00196
0.00255
0.0027468
0.0152
0.016677
0.0185
0.0128511
-0.0052974
-0.0292338
-0.0159903
0.01962
0.00353
0.0115758
-0.0203
-0.0359046
-0.0183447
0.0411
0.036
-0.0148
0.0004905
0.0406134
0.0106929
-0.0182466
-0.0063765
0.00785
-0.00873
-0.0212877
-0.0209934
-0.0269
0.004905
0.0488
0.0363
0.0350217
0.011772
-0.0104967
-0.0080442
-0.0199
0.013
-0.0083385
-0.0566037
0.0145
0.00579
-0.0358
0.0139
0.0127
0.0184
0.0386
-0.0103
0.0143
0.0425
-0.0252
-0.0267
0.074
0.0163
-0.0239
-0.0242
-0.0428
-0.005
0.0407
0.0188
0.0541
0.038
-0.0375
-0.0209
0.00746
-0.00235
-0.0163
-0.00137
-0.0145
-0.0213
-0.0503
-0.0273
-0.0101
0.0117
0.0393
0.0502
0.0258
-0.0246
-0.0111
0.0256
0.036
0.0318
-0.00677
0.0223
0.029
0.00167
-0.0228
0.0209
-0.0151
-0.0382
-0.0159
-0.00952
-0.0249
0.0132
0.0219744
-0.00618
-0.0522
-0.0027468
0.0329616
0.004905
-0.0220725
-0.0238383
0.0174618
0.0259965
-0.0435
-0.0254079
-0.0101
-0.0697491
-0.0363951
-0.0053955
-0.0008829
-0.00304
0.00383
-0.0023544
0.0636669
0.0353
-0.0158
0.0361989
0.0597
-0.0097119
-0.0533664
-0.0837
-0.0437
-0.0015696
-0.0629
-0.0753408
-0.0343
0.00441
-0.0482652
-0.0517968
0.0278604
0.0216801
0.0331
0.0324711
0.0424773
0.0051012
-0.0345
-0.0519
0.0137
0.0432621
0.0166
0.0275
0.0051
-0.0188
-0.005886
0.0344331
0.074556
0.0458127
0.00118
-0.0079461
-0.0727
-0.0682776
0.0443412
0.0622935
-0.0878976
-0.0923121
-0.0152
-0.00255
0.0287433
0.0105
0.0684738
0.0962
0.0222
-0.0427
-0.0201105
0.0319
0.0338445
-0.00216
-0.0446355
-0.0469
-0.00343
0.0434
0.0769
0.0545
-0.049
-0.0879
-0.0197
0.0275661
-0.0076518
-0.0540531
-0.054936
0.0298224
-0.0117
0.0426735
0.0543
0.0483633
-0.0264
-0.0525
-0.0677871
-0.0762
-0.0434583
-0.0341
-0.0446
0.0183
0.0297
0.069
0.0711225
0.012
-0.0420849
0.0473
0.0906
0.0317844
-0.0361
-0.0259
0.0062784
0.0273
-0.00304
-0.0855432
-0.106
-0.105
-0.154704
-0.156764
-0.159
-0.136555
0.0652365
0.131062
-0.0757
-0.247114
-0.180798
-0.0223
0.183
0.305778
0.13371
-0.0994734
-0.127
0.0315
0.306759
0.422124
0.216
0.0156
-0.0924102
-0.135084
-0.0115
-0.00765
-0.206795
-0.30254
-0.183447
0.0439488
0.351
0.44
0.277917
-0.111736
-0.249
-0.0696
0.154
0.329
0.285
-0.145
-0.595271
-0.671
-0.320198
0.184919
0.31
0.191001
0.0693567
-0.152
0.0141264
0.328635
0.34904
0.0738
-0.244563
-0.357771
-0.209738
0.0995715
0.279
0.391
0.217
-0.141
-0.139
0.241
0.214
-0.191
-0.297832
0.0336483
0.0317844
-0.256
-0.246
-0.134299
0.0217782
-0.127
-0.188352
0.175403
0.313
0.444197
0.562898
0.363
0.0287
-0.3
-0.227102
0.246427
0.409273
0.286
-0.126157
-0.511493
-0.877406
-1.12
-0.969
-0.261
0.350217
0.146463
-0.395441
-0.415846
0.175
0.862299
1.11383
0.699
-0.136
-0.474
-0.484908
-0.195906
0.462
0.726
0.413001
-0.0567018
-0.751
-0.953434
-0.469
0.0861318
-0.318
-0.63
-0.00903
0.516104
0.302
0.0935
0.169124
0.435
0.627644
0.691
0.318
-0.0035316
-0.142
-0.264
-0.223374
-0.383
-0.567214
-0.202969
0.388868
0.642359
0.603217
0.408783
0.134789
-0.264
-0.675222
-0.732415
-0.575847
-0.41
0.0319806
0.0596448
0.0432
0.241
0.139
0.0153036
0.314901
0.485399
0.595075
0.796964
0.449
-0.31755
-0.568489
-0.535822
-0.35473
-0.0076518
0.162
0.126
0.0958437
0.0796572
0.224
0.145
0.131
0.108
-0.0821
-0.235
-0.213
-0.18
-0.186
-0.364834
-0.53
-0.429384
-0.341
-0.361695
-0.125
0.256139
0.572
0.747
0.539746
0.0636669
-0.0221706
-0.107
-0.174
-0.11
-0.108
0.282626
0.731826
0.555
0.239364
0.0685719
-0.333
-0.355
-0.0343
0.0428697
0.0507
-0.123
-0.201988
-0.232987
-0.337
-0.444393
-0.27517
0.117916
0.562996
0.961772
0.809
0.191785
-0.0623916
-0.379843
-0.746933
-0.95726
-1.11687
-0.908602
-0.117818
0.801085
0.849546
0.15078
-0.0363951
-0.141264
-0.300186
-0.25349
-0.141166
0.258003
0.744285
0.837578
0.789116
0.378175
-0.168143
-0.464405
-0.52611
-0.106046
0.656681
0.579084
-0.30774
-0.782053
-0.688073
-0.364638
-0.0041202
0.36248
0.544651
0.634707
0.54887
0.393087
0.0427716
-0.515908
-0.773715
-0.480396
-0.0973152
0.45283
0.515221
-0.248487
-0.640789
-0.602628
-0.611457
-0.500702
-0.295575
-0.0821097
0.458814
0.288316
0.267519
0.619796
0.665707
0.562309
0.653248
0.152938
-0.116052
0.0438507
-0.274974
-0.54779
-0.485399
0.0517968
0.526012
0.0003924
-0.504528
-0.139106
0.482946
0.573787
-0.106929
-0.55554
-0.493345
-0.336189
0.0303129
0.549066
0.780385
0.452045
-0.501193
-0.753408
-0.228475
0.160001
0.527778
0.566
0.338445
0.328046
0.347176
0.260652
0.227003
-0.146267
-0.586932
-0.528072
-0.13528
0.194042
0.227494
0.0648441
-0.111343
-0.413197
-0.365422
-0.170596
0.112128
0.197966
0.206501
0.286158
0.13371
-0.402995
-0.378862
0.0859356
0.294006
-0.208757
-0.551616
-0.531996
-0.526405
-0.391713
0.129983
0.579084
0.167064
-0.377194
-0.313135
-0.156764
-0.0464013
0.0443412
0.0896634
0.204539
0.228671
-0.129688
-0.232497
0.183839
0.714266
0.757921
0.437918
0.25869
0.0521892
-0.242797
-0.0888786
0.202675
-0.259671
-0.519047
-0.168438
0.0007848
-0.112226
-0.346587
-0.367777
0.0914
0.348549
0.0580752
-0.142147
-0.205618
-0.116641
-0.0440469
0.136653
-0.0034335
-0.23956
-0.181583
-0.0394362
0.324417
0.735358
0.806088
0.344429
0.018639
-0.131748
-0.15745
-0.339524
-0.401229
-0.362283
-0.458421
-0.050031
0.679931
0.82041
0.708576
0.803243
0.449298
-0.221019
-0.178346
-0.54112
-1.33465
-1.12717
-0.203754
-0.0128511
-0.033354
0.229358
0.502861
0.631175
0.400935
-0.282234
-0.611065
-0.21788
0.0467937
0.0093195
-0.056898
-0.410548
-0.701415
-0.51993
-0.0089271
0.399659
0.598606
0.666001
0.588208
0.274974
-0.225238
-0.569667
-0.43115
0.22406
0.990712
1.13021
0.699551
-0.0239364
-0.610476
-0.584382
-0.261338
-0.268794
-0.337562
-0.240836
-0.214643
-0.205323
0.0144207
0.0966285
0.0471861
-0.22975
-0.632156
-0.806382
-0.579967
-0.121153
0.391223
0.616951
0.514927
0.344429
0.159314
0.269579
0.515712
0.631568
0.436839
0.0629802
-0.15078
-0.136065
-0.0096138
0.0724959
-0.212092
-0.678165
-0.79461
-0.239658
0.369641
0.311075
0.184624
0.0267813
-0.0538569
0.0534645
0.0415944
0.0679833
0.496876
0.58497
0.316471
-0.207874
-0.676596
-0.630391
-0.31804
-0.247506
-0.109578
0.254079
0.318923
0.0852489
-0.177463
-0.138517
0.0497367
0.202478
0.249468
0.0123606
-0.261633
-0.407311
-0.339328
-0.132631
-0.0185409
0.0345312
0.0462051
-0.117426
0.0759294
0.275367
0.323828
0.365913
0.0045126
-0.476766
-0.485301
-0.351983
-0.328733
-0.184134
-0.0327654
0.0859356
-0.0057879
-0.0736731
0.213564
0.423105
0.510807
0.477355
0.236225
0.0188352
-0.107616
-0.128315
-0.203263
-0.326575
-0.561623
-0.806186
-0.716424
-0.166181
0.120565
0.0180504
-0.231614
-0.0008829
0.372289
0.433798
0.363755
0.14921
-0.272129
-0.510414
-0.597135
-0.216507
0.389457
0.558385
0.336581
-0.209247
-0.621954
-0.462247
-0.0278604
0.157058
-0.0370818
-0.293515
-0.387397
-0.274778
-0.0876033
0.0181485
0.110166
0.183741
0.012753
-0.260063
-0.142147
0.0305091
-0.0203067
-0.0736731
-0.148916
-0.0509139
0.152349
0.0934893
0.142147
-0.0366894
-0.341584
-0.158432
0.1652
0.284686
0.399561
0.38622
0.205912
0.109087
-0.0091233
0.0214839
0.134299
0.0815211
-0.0834831
-0.0303129
0.0934893
0.20032
0.281155
0.247801
-0.0998658
-0.32991
-0.307053
-0.208659
-0.12135
0.0017658
0.0143
0.018639
0.0352179
-0.0959418
-0.0076518
0.330205
0.230339
-0.0773028
-0.410156
-0.559562
-0.581537
-0.36297
0.0540531
0.278015
0.0836793
-0.0708282
-0.0297243
0.113011
0.284392
0.35316
0.317648
0.0003924
-0.243092
-0.385827
-0.293221
-0.212485
-0.206697
-0.0981981
0.063765
0.132337
-0.35267
-0.643438
-0.323043
0.123214
0.0106929
-0.131846
0.0165789
0.256237
0.321081
0.311271
0.469605
0.0778914
-0.367777
-0.555344
-0.604002
-0.320002
-0.184526
-0.461266
-0.625093
-0.79255
-0.591837
-0.136457
0.208
0.438115
0.937444
1.10706
0.806186
0.575847
0.189235
0.238383
0.592524
0.418004
-0.042183
-0.191982
-0.0957456
-0.248095
-0.711814
-1.20035
-1.2496
-0.955102
0.250744
1.36634
1.29453
0.919099
1.46463
1.7863
1.3165
-0.175697
-1.32111
-1.64661
-1.43648
-1.69556
-1.77277
-1.79258
-1.72185
-1.00484
-0.0152055
0.542493
0.691213
0.200811
-0.230535
-0.526895
-0.85553
-0.43576
1.01406
1.92992
2.90347
3.81737
3.73771
2.13161
1.18436
0.81629
0.148425
-1.45237
-2.77535
-3.02835
-2.39374
-1.11903
-0.743206
-0.777344
-1.012
-1.48425
-2.28642
-2.26739
0.851508
2.41238
4.23635
4.29982
5.04862
2.50763
0.649324
-0.923808
-1.55253
-0.757234
-0.670415
-1.7244
-2.5817
-0.285765
-0.544063
-0.111147
0.976782
2.17615
2.80713
2.91995
2.80949
1.95611
-1.13806
-2.2045
-1.75128
-0.92165
-0.512572
-0.487557
-0.274189
0.202478
0.272816
-0.412314
-0.850331
-0.655798
0.0965304
0.516791
1.06458
2.24884
3.10084
2.69755
1.47032
-0.342565
-1.47847
-1.72862
-2.1323
-2.08933
-1.48533
-0.658055
-0.367973
-0.628429
-0.266636
0.552695
0.842875
1.56626
1.74579
0.324417
-0.523167
-0.707988
-0.953532
-0.54779
-1.0999
-1.95484
-2.07354
-1.47503
0.952747
1.99329
1.20231
-0.226121
-1.16925
-1.51692
-0.98669
0.341486
0.4492
-0.693371
-0.940485
-1.12727
-1.04427
0.0469899
0.834635
0.770772
0.858081
1.89098
2.25012
2.40139
1.41293
-0.583793
-1.52035
-1.35849
0.0432621
1.80838
2.1378
1.5387
0.570844
0.820705
1.44207
0.231712
-1.61747
-2.73483
-2.16203
-0.644517
-0.484614
-1.18956
-1.06164
1.15748
2.77643
1.81014
0.999835
2.09728
2.74278
0.658741
-1.10137
-0.854255
-0.106242
-0.443216
-1.62905
-1.17514
-0.395834
-0.881821
-0.523363
0.709655
2.09375
1.94846
1.16837
0.207285
0.330008
1.0326
0.802262
-0.0823059
-0.607141
-0.782347
-0.936953
-1.3887
-1.62924
-1.00131
-0.182466
-0.145286
-0.490304
-0.256139
0.511984
1.78846
2.47967
2.31683
1.30973
0.491677
0.0369837
0.0011772
0.428108
1.38095
1.12687
0.73938
0.625387
0.435662
0.539648
0.879074
1.15552
1.21801
1.01396
0.846799
0.583597
0.27625
-0.0385533
-0.139302
-0.155587
-0.506981
-0.794218
-1.33995
-1.85331
-1.68359
-1.30189
0.140087
1.04987
1.49897
2.08796
2.13976
1.76698
1.27402
0.340505
-0.790097
-1.56028
-2.2565
-2.63977
-1.61541
-0.166378
-0.259965
-0.649422
0.352964
0.430659
-0.33766
-1.98466
-3.4077
-2.80076
-3.29871
-3.87309
-3.65727
-3.36836
-2.76004
-1.53674
-0.72388
-1.28079
-2.91328
-1.97544
-0.249468
0.951864
1.28825
1.49661
2.38393
2.95104
3.00804
3.46342
4.27304
5.00506
4.69899
3.62597
2.87904
2.43671
2.46535
1.97465
1.11088
1.06438
0.598116
-0.747718
-0.981491
-0.63765
-0.41977
-0.0650403
-0.177953
-0.519145
-0.487557
-1.49838
-2.46133
-0.566429
0.874071
0.255452
-1.02652
-1.23174
-1.47964
-2.54982
-3.17707
-2.99411
-3.04169
-2.73179
-1.16592
-0.0818154
0.265851
-0.013734
-0.365913
0.435368
1.35044
2.29113
2.01703
0.965893
0.335404
-0.687387
-1.4871
-1.12148
0.929105
1.52585
1.29835
1.95778
-1.14424
-2.9996
-2.67529
-1.16494
-0.775775
-0.583793
-0.380138
-2.77074
-1.99555
-1.80524
0.165985
-0.147837
-2.14221
-2.49733
-1.82495
-3.15372
-2.82185
-0.637159
0.168241
-1.29826
-2.26876
-0.568784
0.0642555
-0.125078
1.55322
0.612634
-1.73392
-0.841992
0.507962
-0.0231516
0.120271
1.37262
1.0328
0.748797
1.33308
1.89833
1.3681
0.477747
0.0244269
0.258101
0.531898
0.28606
0.912526
1.58549
1.95248
2.68559
3.33295
3.08211
2.34116
0.912232
-1.49622
-1.91835
-1.19545
-1.59766
-2.10248
-1.97927
-1.99094
-1.73068
-1.40499
-0.717503
-0.0158922
0.48481
1.49289
2.94947
3.84729
3.98472
3.59576
0.901245
0.0277623
0.419868
0.742715
0.475393
0.0966285
-0.304993
-0.773224
-1.11903
-0.96913
-1.10539
-1.59854
-1.93502
-2.83254
-3.76635
-4.42166
-4.62061
-4.02465
-2.90916
-1.47778
-0.496876
0.342271
1.71714
1.60845
1.11187
0.29636
-0.0292338
0.0124587
0.481965
0.876131
0.338347
-0.231124
-0.0978057
-0.061803
-0.497465
-1.29894
-1.77836
-1.07459
-0.240836
-0.30205
-0.27311
-0.610574
-0.455969
0.351394
0.662175
0.580065
0.21219
-0.899381
-1.06291
-0.473627
-0.233674
0.282724
0.59272
0.542983
0.449298
0.330989
-0.100258
-0.872599
-0.970601
-0.880153
-1.49347
-2.28995
-1.82034
-0.0178542
0.789116
0.845524
0.169419
-0.436741
-0.585755
-0.984924
-1.99123
-2.43729
-1.77865
-0.878584
-0.48069
0.0826983
0.471174
1.20084
1.80416
1.83859
1.27716
0.309407
-0.949216
-1.64524
-1.99663
-2.61633
-2.69412
-1.57598
-0.0914292
0.593014
0.366403
0.818841
1.60305
1.71037
1.37222
1.16484
1.40881
1.8482
2.18557
1.58677
-0.15853
-2.10778
-2.69657
-2.85049
-1.81367
-0.0253098
1.90824
3.03531
2.73915
1.73176
0.653248
0.151957
1.57921
3.33412
3.6712
3.00078
1.84663
1.6214
2.51067
3.00971
3.31647
3.38151
2.4316
1.02936
-0.0037278
-0.526012
-0.653935
-0.778424
-0.518066
-0.172067
-0.547594
-1.13099
-0.931558
-0.204539
1.19054
1.95307
0.874463
0.514731
1.00072
1.7294
1.5746
1.66299
1.76982
1.25342
-0.332755
-1.3837
-1.59305
-1.49789
-1.18152
-0.244759
0.414276
0.782053
0.922925
0.739478
0.310192
-0.370327
-0.397011
-0.308328
-0.396815
-0.874463
-1.65671
-1.0999
0.694057
1.38861
1.27589
0.402799
-0.2272
0.298322
0.938523
1.09313
0.942152
1.2032
1.65436
1.77483
1.50917
1.41951
1.15405
0.332559
-0.457538
-1.00719
-0.721526
0.40427
1.20241
1.51339
1.15395
0.314509
-0.240149
-1.00013
-1.64622
-1.46581
0.062784
0.660998
0.382198
0.274778
0.0945684
-0.114679
-0.598312
-1.66966
-2.25797
-2.4629
-2.17184
-1.28815
-0.654818
-0.661096
-1.13178
-1.39528
-1.09911
-0.858669
-0.430561
0.157745
0.494326
0.0437526
-0.553186
-0.61391
-0.57467
0.0404172
0.498348
0.452339
-0.116935
-0.912919
-1.33956
-0.950393
-0.262319
0.336679
0.373467
-0.103299
-0.442823
-0.251725
-0.0508158
0.0537588
0.270069
0.672574
0.687583
0.557306
0.446159
0.789313
1.30777
1.23547
1.09862
0.987475
0.7538
0.666589
0.644419
0.739183
0.825708
0.860435
0.424969
-0.101632
-0.424773
-0.565154
-0.221412
0.244465
0.239364
-0.126549
-0.476374
-0.562505
-0.463817
-0.422124
-0.489225
-0.699159
-0.877995
-0.772145
-0.0291357
0.431934
0.740361
0.771851
0.563683
0.32373
0.207383
0.0925083
-0.331087
-0.532192
-0.512082
-1.00572
-1.45973
-1.27589
-1.33024
-1.39096
-0.895457
-0.473038
-0.599489
-0.921159
-1.15758
-0.968934
-0.527288
-0.42232
-0.70269
-0.930675
-0.71662
-0.494326
-0.69651
-0.793923
-0.672083
-0.702886
-0.151074
0.45283
0.494718
0.252706
0.0222687
-0.0109872
0.202086
0.312252
0.456655
0.724763
0.689643
0.390046
-0.0360027
-0.376017
-0.402406
-0.264379
-0.354533
-0.351296
-0.0051993
0.28449
0.446846
0.583989
0.861024
0.92783
0.457244
-0.323436
-0.714364
-0.92057
-0.897811
-0.368464
-0.159413
-0.240934
-0.459991
-0.712206
-0.676596
-0.0737712
0.702886
0.984532
0.366011
-0.35934
-0.474019
-0.46264
-0.421143
-0.507079
-0.475098
0.182074
0.571923
0.789411
1.27344
1.55214
1.63582
1.61051
1.19103
0.533566
0.0916254
0.209149
0.83228
1.44874
1.73509
1.48612
0.531898
-0.128315
-0.0316863
0.201694
-0.0574866
-0.305483
-0.151957
0.0318825
-0.0292338
-0.0321768
0.167261
0.188352
-0.04905
-0.270462
-0.235048
-0.464307
-0.33766
0.858669
1.61688
1.80337
1.49249
0.596056
-0.220823
-0.29587
-0.0168732
0.032373
0.154409
0.283901
0.218174
0.263889
0.506
0.748209
0.806971
0.444197
0.0970209
-0.0807363
-0.221314
-0.492658
-0.398875
-0.0120663
0.308524
0.0734769
-0.0705339
0.270364
0.555148
0.345901
0.0335502
0.0290376
0.0417906
0.0545436
0.118014
0.344527
0.659036
0.769202
0.62578
0.514633
0.493345
0.352277
0.288414
0.326673
0.159216
-0.14352
-0.298028
-0.35934
-0.271639
-0.0836793
0.0111834
0.0087309
-0.10791
-0.415552
-0.471959
-0.464896
-0.811876
-0.87103
-0.733788
-0.479022
-0.197671
-0.214447
-0.458618
-0.563585
-0.601647
-0.645596
-0.273503
-0.0594486
-0.371603
-0.825315
-1.0016
-0.735652
-0.234165
-0.0503253
-0.0718092
-0.446061
-0.780778
-0.637552
-0.504921
-0.458127
-0.224845
-0.0901539
-0.200615
-0.258592
-0.196592
0.0240345
0.0102024
-0.170988
-0.219155
0.0635688
0.227102
-0.067689
-0.225532
-0.155685
-0.137242
-0.233282
-0.299401
-0.0878976
0.210915
0.174029
-0.0827964
-0.215035
-0.337562
-0.576534
-0.638435
-0.606454
-0.568097
-0.528563
-0.633137
-0.643536
-0.347961
0.103299
0.409371
0.486282
0.123998
-0.127628
-0.0713187
0.0194238
0.225924
0.341192
0.186684
0.040221
-0.0065727
-0.0075537
-0.0071613
0.0655308
0.29381
0.350119
0.311468
0.485203
0.511199
0.392989
0.587619
0.762139
0.73006
0.440567
0.403976
0.593603
0.740949
0.766063
0.742813
0.516791
0.311075
0.410745
0.454007
0.401621
0.218174
-0.102318
-0.480396
-0.553578
-0.217782
0.212485
0.375429
0.290278
0.0997677
-0.0375723
-0.18021
-0.340309
-0.284882
-0.0322749
0.230731
0.420555
0.49825
0.467937
0.247408
0.0918216
0.209051
0.345901
0.43733
0.439292
0.274582
0.144698
0.138321
0.108989
-0.18639
-0.266243
0.0257022
0.0610182
-0.105948
-0.222589
-0.305483
-0.360125
-0.351002
-0.421438
-0.551126
-0.537196
-0.30568
-0.0027468
0.321376
0.446551
0.418691
0.25918
0.112913
0.110559
0.206304
0.223276
0.0999639
-0.172264
-0.482848
-0.511984
-0.293613
-0.129884
-0.159707
-0.267421
-0.314607
-0.269284
-0.284098
-0.360714
-0.281449
-0.190412
-0.245152
-0.0664137
0.116935
0.007848
-0.328929
-0.697001
-0.882115
-0.874071
-0.767731
-0.725351
-0.741636
-0.820312
-0.855138
-0.858473
-0.850429
-0.790392
-0.676203
-0.588208
-0.574081
-0.626663
-0.551911
-0.199633
0.0499329
0.120271
0.143226
0.16883
0.186586
0.195808
0.171184
0.114581
-0.0036297
-0.259278
-0.479415
-0.373369
-0.186684
-0.148229
-0.306857
-0.369543
-0.205323
-0.189725
-0.293221
-0.295379
-0.268107
-0.319904
-0.453418
-0.561132
-0.63196
-0.729177
-0.674732
-0.426245
-0.198358
-0.0591543
0.0496386
0.142147
0.23132
0.254275
0.129492
0.0635688
0.104378
0.0307053
-0.0070632
0.0473823
0.0248193
-0.179131
-0.345803
-0.445864
-0.416434
-0.174226
-0.0026487
-0.0596448
-0.173833
-0.151761
-0.135084
-0.0509139
0.1807
0.378568
0.418298
0.40996
0.294987
0.0908406
0.0056898
0.0416925
0.0134397
0.0051993
0.0425754
0.105948
0.129492
0.0437526
-0.0481671
-0.0671985
-0.0883881
-0.0910368
-0.0140283
0.0302148
-0.0586638
-0.132533
-0.110166
-0.008829
0.0518949
0.043164
0.0413982
0.0825021
-0.0213858
-0.16471
-0.220038
-0.236617
-0.251528
-0.177659
0.0080442
0.147052
0.210817
0.205814
0.252019
0.274386
0.28861
0.327948
0.349138
0.386122
0.449887
0.514633
0.574866
0.576239
0.506883
0.406624
0.362578
0.37278
0.39397
0.384454
0.329714
0.371799
0.473627
0.505509
0.456459
0.42389
0.506981
0.614695
0.66345
0.704947
0.732905
0.637748
0.450377
0.310585
0.183055
0.107321
0.016677
-0.0963342
-0.118014
-0.10428
0.0316863
0.247801
0.375723
0.365619
0.330597
0.288905
0.246623
0.238089
0.195317
0.154017
0.123312
0.0664137
0.020601
0.0399267
0.0141264
-0.0394362
-0.101141
-0.14352
-0.171577
-0.173833
-0.135182
-0.0838755
-0.0796572
-0.0751446
-0.0781857
-0.130669
-0.196985
-0.222196
-0.202773
-0.13685
-0.0713187
0.0283509
0.160786
0.152153
0.0901539
0.101337
0.0685719
0.0339426
-0.0163827
-0.100553
-0.123508
-0.0991791
-0.00981
0.0330597
-0.051993
-0.103103
-0.0253098
0.0849546
0.135378
0.136261
0.0084366
-0.170792
-0.283313
-0.358163
-0.369445
-0.309505
-0.259965
-0.270364
-0.270069
-0.215722
-0.169419
-0.120859
-0.0689643
-0.0928026
-0.172754
-0.195121
-0.184624
-0.135476
-0.0216801
0.0129492
-0.0123606
0.0025506
0.0389457
0.0810306
0.127922
0.201105
0.298616
0.405153
0.507962
0.544651
0.483044
0.3614
0.292142
0.260554
0.237794
0.226022
0.213858
0.244956
0.325103
0.356397
0.312154
0.24525
0.238481
0.312449
0.450573
0.503547
0.452045
0.336679
0.246427
0.23956
0.248291
0.259867
0.341682
0.411529
0.401131
0.363068
0.30823
0.226022
0.10997
0.0202086
0.0052974
0.0766161
0.165495
0.153919
0.106733
0.129001
0.0724959
0.0103986
0.0708282
0.163238
0.187469
0.155783
0.127726
0.147837
0.132631
0.106537
0.11615
0.171086
0.181681
0.0821097
-0.0072594
-0.0638631
-0.0437526
0.0173637
0.075537
0.0233478
-0.010791
0.0334521
0.0579771
0.0361989
0.00981
-0.0172656
-0.0567018
-0.0775971
-0.0561132
-0.0371799
-0.0681795
-0.173833
-0.289886
-0.395049
-0.418397
-0.372486
-0.369052
-0.410254
-0.414669
-0.37484
-0.304895
-0.211798
-0.178542
-0.172656
-0.203754
-0.256041
-0.297635
-0.347372
-0.393381
-0.468722
-0.561132
-0.595075
-0.554363
-0.520126
-0.522677
-0.497171
-0.457244
-0.408488
-0.351002
-0.357378
-0.412314
-0.431542
-0.414963
-0.400052
-0.399267
-0.364343
-0.276348
-0.171969
-0.0940779
-0.10016
-0.126843
-0.174422
-0.221314
-0.22563
-0.212485
-0.235636
-0.284098
-0.369347
-0.421143
-0.409666
-0.383277
-0.379941
-0.378372
-0.329812
-0.31343
-0.351002
-0.362578
-0.296752
-0.193551
-0.129983
-0.0955494
-0.0678852
-0.0528759
-0.0162846
0.0631764
0.167751
0.229554
0.143128
-0.02943
-0.0837774
-0.0617049
-0.0262908
0.0532683
0.110363
0.122919
0.13165
0.106831
0.0234459
-0.0723978
-0.0900558
-0.0363951
0.0526797
0.117524
0.10016
0.0472842
0.0410058
0.0823059
0.147542
0.228181
0.264085
0.188352
0.053955
-0.067689
-0.16677
-0.189824
-0.128413
-0.0492462
0.0494424
0.188254
0.264772
0.283215
0.294104
0.26536
0.271443
0.313724
0.332657
0.264772
0.162454
0.107812
0.157254
0.253883
0.330205
0.340799
0.312939
0.318138
0.350413
0.39397
0.42958
0.413197
0.325103
0.236029
0.156862
0.0975114
0.0540531
0.0200124
0.0080442
0.0366894
0.0920178
0.135869
0.111638
0.0138321
-0.100062
-0.110166
0.0012753
0.103496
0.123116
0.119878
0.121448
0.0624897
-0.0004905
0.0493443
0.187469
0.290474
0.311566
0.252804
0.153821
0.0798534
0.0907425
0.143128
0.202871
0.239953
0.281253
0.351885
0.392204
0.369347
0.280174
0.175599
0.138615
0.183349
0.234557
0.245642
0.182074
0.125078
0.129786
0.0810306
0.0044145
-0.0219744
-0.0377685
-0.0396324
-0.034335
-0.0472842
-0.054936
-0.0211896
-0.0092214
-0.0432621
-0.0974133
-0.154507
-0.182858
-0.114188
0.0336483
0.130865
0.154409
0.15078
0.123704
0.028449
-0.0460089
-0.0380628
0.000981
0.0001962
-0.0173637
0.0025506
-0.0108891
-0.0964323
-0.19051
-0.245544
-0.266538
-0.325692
-0.388476
-0.386416
-0.366992
-0.362676
-0.316274
-0.238187
-0.217291
-0.254864
-0.293417
-0.274091
-0.213662
-0.163631
-0.14509
-0.161865
-0.19002
-0.170694
-0.12596
-0.140675
-0.153723
-0.127432
-0.137634
-0.199437
-0.219352
-0.144599
-0.0787743
-0.0298224
0.0153036
0.0248193
-0.0258003
-0.0666099
-0.0926064
-0.153232
-0.245741
-0.301461
-0.328537
-0.32736
-0.348353
-0.396913
-0.408488
-0.38877
-0.368758
-0.296556
-0.169026
-0.0143226
0.0839736
0.0918216
0.0752427
0.0655308
0.0476766
0.0408096
0.0203067
-0.0174618
-0.0661194
-0.0875052
-0.0690624
-0.0328635
0.0146169
0.0884862
0.185213
0.271345
0.333834
0.38053
0.413295
0.395637
0.308819
0.245152
0.263398
0.285863
0.279879
0.239266
0.144109
0.0643536
0.0261927
0.0314901
0.0837774
0.156077
0.208953
0.210032
0.180504
0.16265
0.153723
0.120467
0.0504234
-0.0050031
0.008829
0.0261927
0.0172656
0.0178542
0.0099081
-0.0224649
-0.0425754
-0.0268794
-0.0467937
-0.0834831
-0.0334521
0.0593505
0.120957
0.0878976
0.0246231
0.045126
0.0602334
0.0119682
-0.0202086
-0.036297
-0.0815211
-0.132631
-0.128903
-0.0751446
-0.0604296
-0.0827964
-0.0449298
0.046107
0.0580752
0.0128511
-0.0206991
-0.0464013
-0.0293319
0.0513063
0.145777
0.192865
0.202773
0.193846
0.160982
0.129884
0.116739
0.100945
0.0733788
0.0678852
0.107027
0.127922
0.148425
0.187273
0.190804
0.145286
0.0948627
0.0095157
-0.0688662
-0.0832869
-0.0894672
-0.0946665
-0.108204
-0.138419
-0.149014
-0.130473
-0.0656289
-0.0095157
0.0278604
0.0780876
0.134691
0.174618
0.167457
0.142049
0.143128
0.152742
0.176482
0.173441
0.123214
0.0905463
0.114286
0.126549
0.0920178
0.0212877
-0.0115758
0.0089271
0.0523854
0.115071
0.171577
0.185801
0.14715
0.0887805
0.0214839
-0.0345312
-0.0903501
-0.107223
-0.0719073
-0.0540531
-0.0532683
0.0172656
0.0926064
0.133122
0.155292
0.126843
0.0671004
0.0397305
-0.0144207
-0.12135
-0.205618
-0.24368
-0.252902
-0.262418
-0.289297
-0.352866
-0.370426
-0.306072
-0.216801
-0.174029
-0.162748
-0.180504
-0.185507
-0.142637
-0.0823059
-0.0545436
-0.0888786
-0.115562
-0.109872
-0.0679833
-0.038259
-0.0527778
-0.050031
-0.0057879
0.0184428
0.0211896
0.003924
-0.0556227
-0.089271
-0.0597429
0.0089271
0.0306072
-0.0184428
-0.0085347
0.0893691
0.136163
0.0848565
0.0010791
-0.0968247
-0.146954
-0.114385
0.0016677
0.0774009
-0.0136359
-0.169811
-0.204539
-0.156862
-0.135476
-0.119486
-0.10997
-0.150289
-0.204146
-0.216997
-0.180406
-0.0982962
-0.0276642
0.0096138
0.0352179
0.0328635
0.0175599
-0.0004905
0.0002943
-0.0168732
-0.0742617
-0.132043
-0.154606
-0.184134
-0.193846
-0.163435
-0.123704
-0.101141
-0.135967
-0.159903
-0.161473
-0.142735
-0.103692
-0.077499
-0.0380628
0.0253098
0.0533664
0.0300186
0.0074556
-0.0232497
-0.0197181
0.0308034
0.0757332
0.0561132
0.0038259
-0.0238383
-0.0408096
-0.0823059
-0.0807363
-0.0159903
0.0467937
0.108302
0.172362
0.204735
0.221117
0.222883
0.150878
0.0650403
0.0721035
0.0766161
0.0243288
-0.0419868
-0.0871128
-0.126647
-0.143618
-0.17295
-0.223374
-0.267323
-0.276544
-0.264968
-0.284294
-0.310192
-0.320983
-0.297243
-0.252019
-0.221216
-0.198947
-0.151663
-0.120859
-0.102122
-0.0635688
-0.0422811
-0.0187371
0.0479709
0.10634
0.132533
0.122036
0.101141
0.112423
0.141264
0.147346
0.147935
0.161571
0.14146
0.0760275
0.0123606
-0.0263889
-0.0237402
0.01962
0.0332559
-0.0103005
-0.074556
-0.111736
-0.105948
-0.0586638
-0.0111834
0.0662175
0.141558
0.188058
0.228573
0.238873
0.204048
0.169419
0.189431
0.255551
0.304699
0.322455
0.340799
0.326477
0.283117
0.219057
0.14715
0.113502
0.134986
0.155489
0.14715
0.0987867
0.0336483
-0.0251136
-0.0532683
-0.0413001
0.0153036
0.0722997
0.0994734
0.115366
0.149014
0.189627
0.209247
0.206599
0.17295
0.154115
0.18227
0.23132
0.265459
0.263497
0.216507
0.17295
0.133416
0.0727902
0.0471861
0.0678852
0.0673947
0.0556227
0.0644517
0.0715149
0.0764199
0.0831888
0.0948627
0.120565
0.139792
0.141951
0.127824
0.109283
0.0821097
0.0374742
0.0071613
0.0079461
-0.008829
-0.0631764
-0.097119
-0.102613
-0.0925083
-0.0635688
-0.0259965
-0.0241326
-0.046107
-0.0531702
-0.0465975
-0.0184428
0.0208953
0.0218763
-0.0132435
-0.0230535
-0.0062784
-0.0102024
-0.0297243
-0.0395343
-0.0403191
-0.0075537
0.055917
0.0799515
0.0836793
0.096138
0.0876033
0.0504234
-0.0175599
-0.0949608
-0.123508
-0.0949608
-0.043164
0.0135378
0.0457146
0.046107
0.0322749
0.0035316
-0.0182466
-0.0012753
0.0046107
-0.0158922
-0.0201105
-0.0142245
-0.018639
-0.0142245
-0.0094176
0.0030411
0.0212877
0.0249174
0.0279585
0.0345312
0.0417906
0.0198162
-0.0269775
-0.0547398
-0.0654327
-0.0683757
-0.0779895
-0.0943722
-0.116445
-0.131944
-0.136261
-0.154704
-0.167947
-0.166279
-0.146267
-0.123017
-0.11409
-0.104771
-0.108204
-0.109382
-0.104476
-0.105948
-0.105752
-0.0937836
-0.0720054
-0.0619011
-0.0791667
-0.0879957
-0.0680814
-0.0371799
-0.0115758
-0.006867
-0.0328635
-0.0733788
-0.0963342
-0.100356
-0.113992
-0.167457
-0.229162
-0.268402
-0.228573
-0.133122
-0.0834831
-0.086328
-0.114581
-0.100651
-0.0331578
0.0065727
-0.016677
-0.0711225
-0.129198
-0.137732
-0.0959418
-0.0626859
-0.0446355
0.0043164
0.0792648
0.1136
0.104182
0.083385
0.0707301
0.0869166
0.109676
0.0980019
0.0885843
0.105359
0.145188
0.191785
0.220921
0.218763
0.202184
0.1962
0.146856
0.0638631
0.0043164
-0.0317844
-0.0658251
-0.0884862
-0.104182
-0.132337
-0.141656
-0.0955494
-0.0129492
0.0051012
-0.0101043
0
-0.0324711
-0.0855432
-0.116739
-0.145678
-0.179523
-0.202773
-0.189039
-0.131062
-0.108008
-0.123704
-0.153134
-0.166672
-0.0927045
-0.0094176
0.0192276
0.0390438
0.0370818
0.0182466
0.0545436
0.0919197
0.104869
0.120859
0.094176
0.0425754
0.0297243
0.0623916
0.0976095
0.103299
0.0859356
0.083385
0.0592524
0.0198162
0.0219744
0.0449298
0.0442431
0.0308034
0.0206991
0.0197181
0.0413982
0.0423792
0.003924
-0.0124587
0.0111834
0.0487557
0.0630783
0.0512082
0.0213858
-0.0102024
-0.0051012
0.045126
0.0666099
0.0241326
-0.0158922
0.0041202
0.0414963
0.0580752
0.0558189
0.0462051
0.0481671
0.0460089
0.0148131
-0.0252117
-0.0582714
-0.0564075
0.0080442
0.0901539
0.131454
0.143226
0.163336
0.189922
0.170498
0.0876033
0.0042183
-0.0153036
0.0339426
0.113502
0.148033
0.114385
0.072594
0.04905
0.0626859
0.0903501
0.0988848
0.0795591
0.0520911
0.0182466
-0.0191295
-0.0722016
-0.143618
-0.182466
-0.145286
-0.0862299
-0.0615087
-0.101337
-0.152546
-0.161473
-0.13685
-0.127628
-0.156371
-0.191785
-0.192767
-0.140479
-0.062784
-0.0361989
-0.051993
-0.0857394
-0.123116
-0.175697
-0.192276
-0.126353
-0.0214839
0.0301167
0.0531702
0.0762237
0.0767142
0.065727
0.0511101
0.0335502
0.0102024
0.0125568
0.0633726
0.104476
0.120565
0.120467
0.110657
0.114385
0.101828
0.0679833
0.0095157
-0.0730845
-0.144599
-0.158432
-0.114777
-0.069651
-0.0583695
-0.0708282
-0.0693567
-0.0400248
-0.0084366
-0.0123606
-0.0497367
-0.0707301
-0.0266832
0.0132435
0.0185409
-0.0356103
-0.0879957
-0.102711
-0.0983943
-0.112324
-0.144698
-0.13891
-0.0783819
-0.0407115
-0.0630783
-0.0495405
-0.003924
0.0567018
0.0930969
0.0956475
0.121448
0.147346
0.119682
0.0901539
0.0976095
0.138713
0.175697
0.191785
0.161571
0.0993753
0.0373761
0.02943
0.0580752
0.0934893
0.114483
0.125862
0.128903
0.127334
0.120957
0.112619
0.133122
0.193649
0.265164
0.319904
0.340505
0.318236
0.274091
0.232399
0.212877
0.225532
0.242209
0.255354
0.254864
0.245446
0.217586
0.164612
0.116739
0.0859356
0.0585657
0.0283509
0.0162846
-0.0046107
-0.0293319
-0.0430659
-0.0270756
-0.0055917
0.0171675
0.0126549
-0.0364932
-0.0928026
-0.106144
-0.0876033
-0.0732807
-0.0943722
-0.132827
-0.168143
-0.205716
-0.232399
-0.242896
-0.237598
-0.243484
-0.276838
-0.289101
-0.281056
-0.314312
-0.345901
-0.345901
-0.33923
-0.288512
-0.242994
-0.250155
-0.247
-0.240247
-0.235734
-0.216899
-0.202184
-0.207187
-0.222393
-0.258003
-0.269677
-0.251626
-0.238187
-0.248095
-0.2633
-0.251136
-0.21994
-0.191785
-0.157156
-0.140675
-0.161669
-0.163631
-0.142735
-0.141656
-0.127726
-0.111834
-0.103594
-0.0915273
-0.0847584
-0.0948627
-0.108008
-0.0992772
-0.0953532
-0.102514
-0.112324
-0.125862
-0.116739
-0.091233
-0.0945684
-0.121448
-0.154017
-0.147346
-0.0782838
-0.0037278
0.051012
0.0889767
0.119682
0.142735
0.179817
0.206206
0.21533
0.201497
0.160099
0.146856
0.163238
0.170596
0.171969
0.207678
0.254275
0.277034
0.273307
0.263202
0.251823
0.221804
0.183055
0.155489
0.125568
0.0952551
0.0869166
0.0903501
0.0962361
0.10948
0.128217
0.146954
0.164416
0.207776
0.257316
0.300873
0.341486
0.373565
0.38416
0.373859
0.347863
0.33972
0.335208
0.291847
0.23338
0.213564
0.22769
0.248782
0.255649
0.220529
0.183938
0.161767
0.139891
0.149897
0.174422
0.175403
0.13322
0.083385
0.0477747
0.0233478
0.0047088
0.0100062
0.0385533
0.0675909
0.0832869
0.0761256
0.0674928
0.101239
0.168634
0.177855
0.183153
0.192865
0.180406
0.172264
0.154017
0.135182
0.100062
0.0544455
0.0389457
0.020601
-0.0175599
-0.0538569
-0.0958437
-0.129983
-0.16108
-0.187273
-0.195219
-0.185998
-0.154507
-0.118014
-0.121742
-0.155587
-0.160786
-0.142932
-0.105065
-0.0496386
-0.0040221
0.0173637
0.0153036
-0.0002943
0.0008829
-0.0069651
-0.0423792
-0.0782838
-0.105261
-0.140773
-0.186488
-0.212583
-0.241816
-0.270462
-0.28037
-0.272129
-0.236225
-0.185605
-0.158432
-0.152447
-0.144796
-0.143422
-0.142637
-0.135672
-0.120957
-0.118505
-0.120369
-0.124489
-0.115267
-0.10742
-0.118799
-0.15696
-0.171479
-0.168928
-0.173048
-0.191589
-0.216899
-0.226611
-0.224845
-0.229456
-0.232889
-0.252902
-0.259278
-0.232693
-0.218959
-0.197279
-0.171479
-0.179229
-0.18482
-0.168536
-0.134691
-0.104378
-0.0862299
-0.0530721
-0.0182466
-0.014715
-0.0106929
-0.0056898
-0.0066708
-0.0021582
0.0094176
0.0424773
0.0664137
0.0803439
0.0937836
0.0974133
0.0789705
0.0546417
0.0261927
0.0092214
-0.003924
-0.0309015
-0.0391419
-0.027468
-0.0275661
-0.0375723
-0.0248193
-0.0021582
0.0132435
0.0124587
0.0210915
0.0474804
0.0648441
0.0741636
0.0861318
0.0900558
0.0801477
0.0524835
0.0263889
0.0332559
0.035316
0.0089271
-0.0146169
-0.0281547
-0.0546417
-0.0602334
-0.0476766
-0.0383571
-0.02943
-0.014715
-0.0038259
0.0034335
-0.0005886
0.0076518
0.0413982
0.0585657
0.0644517
0.0862299
0.129001
0.175501
0.198162
0.192767
0.187665
0.186488
0.170596
0.150093
0.139989
0.128805
0.116543
0.0899577
0.0571923
0.0516006
0.0345312
0.0103986
-0.0072594
-0.0028449
0.0132435
0.0374742
0.0587619
0.0890748
0.146071
0.181779
0.18639
0.176972
0.155979
0.1291
0.123606
0.107812
0.0783819
0.0593505
0.0558189
0.0847584
0.0815211
0.069651
0.0905463
0.101043
0.0634707
0.0197181
-0.0035316
-0.0175599
-0.0223668
-0.0142245
0.001962
0.0404172
0.0513063
0.0442431
0.038259
0.0479709
0.0722016
0.0741636
0.0516987
0.0281547
0.0054936
0.0232497
0.042183
0.0369837
0.0271737
0.0263889
0.0384552
0.047088
0.036297
0.0407115
0.0595467
0.0553284
0.0316863
0.0103005
-0.0126549
-0.0231516
-0.0302148
-0.0263889
-0.0296262
-0.0640593
-0.0976095
-0.114973
-0.129001
-0.130277
-0.116249
-0.10997
-0.122919
-0.162356
-0.212288
-0.236519
-0.19463
-0.133514
-0.117622
-0.129296
-0.130081
-0.107714
-0.0609201
-0.0160884
0.0042183
0.0118701
0.0010791
0.0001962
0.0330597
0.0538569
0.0355122
0.0083385
-0.0262908
-0.0645498
-0.105261
-0.115758
-0.07848
-0.0516987
-0.0544455
-0.0495405
-0.0436545
-0.0435564
-0.0266832
-0.0033354
0.0193257
0.0206991
0.0220725
0.0374742
0.0481671
0.0248193
-0.0103005
-0.0442431
-0.0593505
-0.0493443
-0.0338445
-0.0130473
0.015696
0.01962
0.0041202
-0.0131454
-0.0125568
-0.0090252
-0.015696
-0.0151074
0.0026487
0.0316863
0.0533664
0.0747522
0.0883881
0.0854451
0.0808344
0.0899577
0.105163
0.101239
0.0848565
0.0787743
0.0693567
0.0643536
0.0754389
0.093195
0.114679
0.134593
0.152055
0.169419
0.189137
0.204735
0.220627
0.237598
0.25094
0.263006
0.265164
0.250547
0.234851
0.224453
0.210523
0.184232
0.143128
0.102318
0.0722997
0.0456165
0.0128511
-0.0025506
-0.0051012
-0.0202086
-0.027468
-0.0149112
-0.0017658
0.0017658
0.0034335
-0.0063765
-0.0244269
-0.0446355
-0.0720054
-0.105752
-0.130964
-0.137438
-0.136
-0.130964
-0.113894
-0.0884862
-0.0730845
-0.0595467
-0.044145
-0.0437526
-0.0537588
-0.0582714
-0.0595467
-0.0515025
-0.0515025
-0.0425754
-0.0316863
-0.0347274
-0.043164
-0.0512082
-0.054936
-0.0641574
-0.0733788
-0.0986886
-0.13322
-0.163729
-0.189333
-0.210817
-0.237794
-0.25869
-0.255452
-0.237598
-0.211896
-0.188352
-0.18433
-0.178444
-0.161767
-0.135672
-0.115954
-0.10742
-0.116837
-0.129198
-0.128021
-0.112717
-0.0962361
-0.0908406
-0.085347
-0.0731826
-0.0734769
-0.0840717
-0.0894672
-0.0895653
-0.0831888
-0.0900558
-0.107027
-0.11203
-0.10428
-0.100553
-0.10016
-0.110853
-0.129786
-0.143913
-0.152546
-0.156371
-0.152153
-0.141853
-0.123704
-0.104476
-0.0858375
-0.0616068
-0.052974
-0.0634707
-0.070632
-0.0748503
-0.0773028
-0.0718092
-0.0636669
-0.0619011
-0.0723978
-0.0927045
-0.107223
-0.118799
-0.139596
-0.162944
-0.172754
-0.175599
-0.175501
-0.176286
-0.183839
-0.180308
-0.170988
-0.161767
-0.143913
-0.112521
-0.0942741
-0.0880938
-0.0813249
-0.060822
-0.0321768
0.0021582
0.032373
0.0436545
0.0439488
0.0507177
0.050031
0.047088
0.0515025
0.061803
0.0757332
0.0946665
0.108793
0.107714
0.100749
0.104182
0.115562
0.127628
0.135378
0.138321
0.134103
0.128511
0.130081
0.141068
0.152251
0.162846
0.17658
0.183741
0.195808
0.209738
0.224257
0.242896
0.254079
0.25143
0.241424
0.229652
0.221412
0.21631
0.192178
0.159805
0.152938
0.17089
0.179523
0.180602
0.186096
0.199535
0.212387
0.227788
0.249665
0.262712
0.261535
0.254373
0.251332
0.251725
0.239953
0.21533
0.197279
0.18021
0.162454
0.145678
0.127726
0.11978
0.116837
0.110363
0.10016
0.104084
0.125764
0.140087
0.136261
0.132337
0.141264
0.156764
0.16883
0.190118
0.207187
0.206697
0.203754
0.210915
0.224355
0.23907
0.26124
0.276838
0.274484
0.263595
0.250155
0.229162
0.208462
0.194532
0.180308
0.15745
0.147346
0.146856
0.14146
0.119878
0.0957456
0.0797553
0.0690624
0.0684738
0.0698472
0.0640593
0.048069
0.0256041
0.017658
0.0172656
0.0149112
0.0108891
0.0082404
0.0044145
-0.0064746
-0.0105948
-0.0109872
-0.0208953
-0.0351198
-0.0452241
-0.0605277
-0.0811287
-0.0992772
-0.122821
-0.153821
-0.185899
-0.205127
-0.21533
-0.222785
-0.224551
-0.21788
-0.198947
-0.174618
-0.153527
-0.141755
-0.129492
-0.105261
-0.0741636
-0.0464013
-0.0416925
-0.0604296
-0.0821097
-0.0969228
-0.101828
-0.0991791
-0.102613
-0.101632
-0.0984924
-0.104084
-0.11566
-0.1291
-0.148131
-0.157549
-0.149014
-0.136163
-0.116739
-0.0905463
-0.0805401
-0.0807363
-0.0819135
-0.0722016
-0.0602334
-0.0547398
-0.0626859
-0.0692586
-0.0796572
-0.100258
-0.10997
-0.123214
-0.138615
-0.141853
-0.145678
-0.150976
-0.148229
-0.154606
-0.167849
-0.180308
-0.187665
-0.186782
-0.16883
-0.150387
-0.144599
-0.136261
-0.132337
-0.114483
-0.0825021
-0.0594486
-0.0548379
-0.0681795
-0.0895653
-0.112128
-0.124979
-0.14303
-0.150485
-0.147739
-0.148425
-0.147837
-0.150682
-0.165102
-0.166966
-0.151466
-0.145384
-0.146954
-0.142343
-0.138321
-0.134495
-0.132043
-0.135378
-0.137046
-0.125176
-0.101533
-0.0786762
-0.0585657
-0.036297
-0.007848
0.0055917
0.0074556
0.0061803
0.0065727
-0.0012753
-0.0119682
-0.0103986
-0.0055917
-0.0129492
-0.0181485
-0.0220725
-0.0258003
-0.0213858
-0.0097119
0.0065727
0.0310977
0.0536607
0.0552303
0.0446355
0.0464013
0.0472842
0.0544455
0.0558189
0.0474804
0.0378666
0.0091233
-0.0291357
-0.0462051
-0.0507177
-0.0488538
-0.0484614
-0.061803
-0.071613
-0.0665118
-0.064746
-0.0713187
-0.0712206
-0.0614106
-0.0477747
-0.0443412
-0.046107
-0.04905
-0.0377685
-0.0178542
-0.0113796
-0.0148131
-0.0197181
-0.0181485
-0.0258003
-0.0342369
-0.0329616
-0.0291357
-0.0302148
-0.0276642
-0.0119682
-0.0092214
-0.0060822
0.0125568
0.0221706
0.0254079
0.0224649
0.00981
-0.0035316
-0.0079461
-0.0034335
-0.0004905
-0.0026487
0.0035316
0.0252117
0.0336483
0.0307053
0.0240345
0.0447336
0.0741636
0.0796572
0.0822078
0.0880938
0.0878976
0.0786762
0.0621954
0.0538569
0.0528759
0.0468918
0.0262908
0.002943
0.0012753
0.0114777
0.0044145
-0.0102024
-0.013734
-0.0149112
-0.0221706
-0.0424773
-0.0645498
-0.0793629
-0.092214
-0.104182
-0.108302
-0.0944703
-0.0859356
-0.0764199
-0.0642555
-0.0597429
-0.0632745
-0.0687681
-0.0732807
-0.0709263
-0.0561132
-0.0377685
-0.0246231
-0.0146169
-0.0125568
-0.0101043
0.0048069
0.0212877
0.0416925
0.0604296
0.0718092
0.0777933
0.0751446
0.0749484
0.0825021
0.102416
0.129394
0.145482
0.14558
0.148916
0.157254
0.165102
0.183741
0.205912
0.215428
0.222687
0.235048
0.246525
0.257414
0.260456
0.258788
0.253294
0.248782
0.247997
0.245937
0.23956
0.232595
0.226513
0.222196
0.212583
0.196592
0.188254
0.185801
0.183839
0.190903
0.195513
0.193747
0.193649
0.190314
0.193649
0.194238
0.185409
0.179817
0.181681
0.191785
0.19826
0.195317
0.195317
0.201007
0.208462
0.215526
0.216605
0.210719
0.197966
0.174324
0.144109
0.115464
0.0944703
0.0788724
0.0640593
0.0458127
0.0250155
0.0057879
-0.0154998
-0.0345312
-0.051012
-0.0710244
-0.0895653
-0.0939798
-0.0891729
-0.0881919
-0.0982962
-0.110559
-0.114973
-0.110755
-0.112324
-0.117818
-0.119682
-0.122233
-0.133416
-0.143913
-0.151859
-0.156568
-0.149995
-0.139596
-0.134495
-0.129786
-0.127824
-0.123998
-0.113207
-0.0999639
-0.0885843
-0.0703377
-0.0569961
-0.0526797
-0.0428697
-0.0465975
-0.0511101
-0.0581733
-0.077499
-0.084366
-0.0977076
-0.114973
-0.118014
-0.123508
-0.120467
-0.106831
-0.124685
-0.144501
-0.142147
-0.140872
-0.1239
-0.12135
-0.128119
-0.12135
-0.114188
-0.11615
-0.109185
-0.125568
-0.115758
-0.123998
-0.145678
-0.148621
-0.160099
-0.175991
-0.172165
-0.167751
-0.158726
-0.140283
-0.126255
-0.115464
-0.10997
-0.109382
-0.119486
-0.126353
-0.118309
-0.111442
-0.0969228
-0.0984924
-0.105163
-0.106046
-0.0969228
-0.0978057
-0.111049
-0.116543
-0.120859
-0.10948
-0.108597
-0.111245
-0.10016
-0.0861318
-0.0731826
-0.0571923
-0.0509139
-0.0432621
-0.0415944
-0.0381609
-0.0207972
0.0007848
0.011772
0.0139302
0.0150093
0.0135378
0.0086328
0.008829
0.0072594
0.0037278
-0.008829
-0.0258003
-0.0183447
-0.0108891
-0.0146169
-0.0106929
-0.0096138
-0.0006867
0.0272718
0.0379647
0.0360027
0.0399267
0.0400248
0.0403191
0.0573885
0.0671004
0.0545436
0.0492462
0.056898
0.0587619
0.0423792
0.0244269
0.0180504
0.0194238
0.0262908
0.0368856
0.0331578
0.0204048
0.0299205
0.0400248
0.0347274
0.038259
0.0428697
0.0390438
0.0477747
0.0603315
0.0615087
0.0617049
0.0727902
0.0719073
0.0574866
0.0497367
0.0603315
0.0514044
0.02943
0.0308034
0.023544
0.0047088
0.0351198
0.0445374
0.0218763
0.0373761
0.0611163
0.0594486
0.075537
0.0846603
0.0789705
0.0733788
0.0826002
0.0966285
0.083385
0.0801477
0.0729864
0.051993
0.0471861
0.0541512
0.0386514
0.0154998
0.0056898
-0.0041202
-0.0216801
-0.0095157
0.015696
0.025506
0.0180504
0.0153036
0.0233478
0.0356103
0.0881919
0.113207
0.091233
0.0622935
0.0590562
0.0709263
0.0894672
0.0844641
0.0728883
0.0798534
0.0857394
0.0877995
0.0673947
0.0595467
0.075537
0.0808344
0.0851508
0.0938817
0.0874071
0.0919197
0.0898596
0.0776952
0.0698472
0.0574866
0.0437526
0.045126
0.03924
0.0182466
0.003924
-0.0040221
-0.0026487
0.0041202
0.0025506
0.0015696
0.0097119
0.0148131
0.0165789
0.0150093
0.0121644
0.0099081
0.0041202
0.0104967
0.0330597
0.0459108
0.0502272
0.0462051
0.0438507
0.0413982
0.044145
0.0419868
0.037278
0.041202
0.0616068
0.0674928
0.0655308
0.0653346
0.0654327
0.0594486
0.048069
0.0305091
0.0319806
0.0435564
0.0584676
0.0648441
0.0582714
0.0497367
0.04905
0.04905
0.0567018
0.0675909
0.054936
0.0397305
0.0599391
0.0808344
0.0747522
0.0683757
0.0703377
0.0632745
0.0466956
0.033354
0.030411
0.0377685
0.0423792
0.0354141
0.0244269
0.0135378
-0.0083385
-0.0173637
-0.0170694
-0.0297243
-0.0276642
-0.0279585
-0.0338445
-0.0375723
-0.045126
-0.0442431
-0.0259965
-0.0139302
-0.023544
-0.0365913
-0.0445374
-0.0387495
-0.051012
-0.0680814
-0.0688662
-0.0895653
-0.118897
-0.119388
-0.10585
-0.121448
-0.152644
-0.167261
-0.155881
-0.140577
-0.137732
-0.131748
-0.130571
-0.145188
-0.16883
-0.182172
-0.191393
-0.175109
-0.136163
-0.0997677
-0.111736
-0.142834
-0.145678
-0.132141
-0.120271
-0.14303
-0.167849
-0.143128
-0.0798534
-0.0512082
-0.0732807
-0.0713187
-0.0949608
-0.120957
-0.104182
-0.0770085
-0.0700434
-0.0516987
-0.0422811
-0.0369837
-0.0410058
-0.0611163
-0.0595467
-0.0307053
-0.0324711
-0.0193257
-0.0155979
-0.0164808
-0.0226611
-0.0327654
-0.0458127
-0.0737712
-0.0829926
-0.0761256
-0.0658251
-0.0674928
-0.069651
-0.0856413
-0.0739674
-0.0406134
-0.0344331
-0.0411039
-0.0051993
0.0133416
0.0101043
0.0128511
0.0140283
0.0268794
0.038259
0.0309015
0.0267813
0.0347274
0.0330597
0.0071613
-0.0080442
-0.0032373
-0.016677
-0.0276642
-0.0181485
-0.0136359
-0.0014715
0.0190314
0.0322749
0.033354
0.0404172
0.052974
0.0607239
0.0654327
0.070632
0.0630783
0.0546417
0.0365913
0.0271737
0.0320787
0.0397305
0.0404172
0.0368856
0.0337464
-0.0031392
-0.0140283
-0.0167751
-0.0133416
-0.0201105
-0.0181485
0.001962
0.027468
0.0386514
0.0456165
0.041202
0.0484614
0.0544455
0.0653346
0.0797553
0.0861318
0.0801477
0.0825021
0.0690624
0.0674928
0.061803
0.0370818
0.0293319
0.0263889
0.0329616
0.0352179
0.0111834
-0.0033354
-0.0044145
-0.014715
-0.0090252
-0.0026487
-0.0237402
-0.0207972
-0.0002943
0.0103986
0.0104967
0.0102024
0.0254079
0.0403191
0.0409077
0.03924
0.0415944
0.0332559
0.01962
0.0110853
0.0207972
0.0224649
0.0222687
0.0311958
0.0300186
0.0338445
0.0599391
0.0724959
0.0739674
0.085347
0.0878976
0.0898596
0.0894672
0.0801477
0.0726921
0.0626859
0.0426735
0.0424773
0.0472842
0.0629802
0.0722016
0.0497367
0.023544
0.0286452
0.0325692
0.0267813
0.0396324
0.0502272
0.0411039
0.0258984
0.0241326
0.0365913
0.0457146
0.0395343
0.0256041
0.0234459
0.014715
0.0212877
0.0528759
0.045126
0.0303129
0.0191295
0.0324711
0.051993
0.0331578
0.0192276
0.0288414
0.0237402
0.0276642
0.0314901
0.0114777
-0.0026487
-0.0015696
0.0110853
0.0151074
-0.0002943
-0.0232497
-0.0348255
-0.0398286
-0.0445374
-0.0502272
-0.0552303
-0.073575
-0.0880938
-0.0901539
-0.0827964
-0.0797553
-0.0790686
-0.0688662
-0.0545436
-0.0563094
-0.0557208
-0.052974
-0.0459108
-0.0487557
-0.0622935
-0.0660213
-0.0536607
-0.0613125
-0.0703377
-0.0575847
-0.0567018
-0.0633726
-0.0600372
-0.0571923
-0.0592524
-0.059841
-0.0562113
-0.0594486
-0.0391419
-0.0308034
-0.0254079
-0.0282528
-0.0378666
-0.0462051
-0.0544455
-0.0545436
-0.0442431
-0.0411039
-0.0496386
-0.0613125
-0.0669042
-0.075537
-0.0838755
-0.0842679
-0.0778914
-0.0789705
-0.0852489
-0.0893691
-0.0773028
-0.0629802
-0.053955
-0.0565056
-0.0577809
-0.0572904
-0.051012
-0.0425754
-0.0379647
-0.0384552
-0.0442431
-0.0460089
-0.0410058
-0.0408096
-0.0433602
-0.0531702
-0.0602334
-0.0619992
-0.0562113
-0.0416925
-0.035316
-0.0322749
-0.0301167
-0.0216801
-0.011772
0.0081423
0.0279585
0.0391419
0.0571923
0.0606258
0.050031
0.0478728
0.0492462
0.0509139
0.0603315
0.0704358
0.0803439
0.0808344
0.0771066
0.0858375
0.0889767
0.0917235
0.0916254
0.079461
0.0789705
0.0754389
0.0737712
0.0698472
0.0534645
0.0325692
0.0368856
0.0430659
0.0379647
0.0445374
0.0444393
0.0474804
0.0600372
0.0790686
0.0893691
0.0859356
0.0773028
0.0834831
0.0803439
0.0670023
0.0489519
0.0395343
0.0360027
0.0354141
0.0399267
0.0357084
0.0206991
0.0194238
0.0168732
0.0050031
0.001962
0.0051993
0.0033354
0.0069651
0.0200124
0.0300186
0.0370818
0.0478728
0.063765
0.0708282
0.0640593
0.0554265
0.0471861
0.0407115
0.0357084
0.0285471
0.0355122
0.0385533
0.0358065
0.0393381
0.045126
0.0454203
0.0558189
0.0672966
0.0733788
0.0786762
0.0834831
0.081423
0.0754389
0.0723978
0.075537
0.0759294
0.0775971
0.0790686
0.077499
0.071613
0.0693567
0.061803
0.0592524
0.0532683
0.0374742
0.0236421
0.0174618
0.0080442
-0.0060822
-0.0239364
-0.0325692
-0.0344331
-0.0370818
-0.0552303
-0.0698472
-0.0758313
-0.0778914
-0.0742617
-0.0704358
-0.0742617
-0.0695529
-0.0668061
-0.0674928
-0.0652365
-0.055917
-0.0417906
-0.0315882
-0.0276642
-0.0295281
-0.0273699
-0.0238383
-0.0150093
-0.0136359
-0.0161865
-0.0193257
-0.0160884
-0.010791
-0.0097119
-0.0184428
-0.0190314
-0.0055917
0.0083385
0.0142245
0.0076518
-0.0052974
-0.001962
0.0001962
-0.0094176
-0.0153036
-0.0190314
-0.0240345
-0.0355122
-0.0499329
-0.0607239
-0.0672966
-0.0672966
-0.0668061
-0.0677871
-0.0662175
-0.0653346
-0.0664137
-0.066708
-0.0731826
-0.0771066
-0.0795591
-0.0816192
-0.0855432
-0.0893691
-0.0842679
-0.0722997
-0.0621954
-0.0522873
-0.0462051
-0.044145
-0.0416925
-0.0347274
-0.0287433
-0.0241326
-0.0217782
-0.0177561
-0.0161865
-0.0198162
-0.0183447
-0.021582
-0.0254079
-0.0249174
-0.0250155
-0.0248193
-0.015696
-0.0093195
-0.0012753
0.0034335
0.002943
0.0035316
0.0074556
0.0082404
0.0084366
0.0146169
0.016677
0.0157941
0.021582
0.0209934
0.0212
0.0281547
0.0384552
0.0484614
0.0506196
0.0440469
0.0511101
0.0575847
0.0488538
0.042183
0.0459108
0.0413001
0.0312939
0.0293319
0.0226611
0.0141264
0.0108891
0.0069651
0.0013734
0.0063765
0.0092214
0.008829
0.0131454
0.0113796
0.0026487
0.0026487
0.0063765
0.0115758
0.022563
0.0263889
0.0194238
0.0120663
0.0048069
-0.000981
-0.0074556
-0.0141264
-0.0322749
-0.0406134
-0.0440469
-0.0557208
-0.0680814
-0.0774009
-0.0856413
-0.0981981
-0.0993753
-0.0916254
-0.0932931
-0.0953532
-0.0962361
-0.0916254
-0.0895653
-0.08829
-0.0770085
-0.0663156
-0.0590562
-0.0532683
-0.0435564
-0.0222687
-0.0123606
-0.0077499
-0.0055917
0.0045126
0.0157941
0.0238383
0.0325692
0.0445374
0.0538569
0.0596448
0.0678852
0.0776952
0.0827964
0.0985905
0.114777
0.12341
0.138517
0.141853
0.133416
0.13783
0.149308
0.16314
0.18276
0.189824
0.17246
0.185017
0.216114
0.214054
0.186096
0.192767
0.201497
0.179425
0.176776
0.19002
0.194827
0.167653
0.143324
0.134005
0.136457
0.138713
0.120761
0.0954513
0.0827964
0.0770085
0.0762237
0.0649422
0.0442431
0.0307053
0.0283509
0.0180504
0.0031392
-0.012753
-0.0222687
-0.032373
-0.0435564
-0.0407115
-0.0364932
-0.0418887
-0.0472842
-0.0445374
-0.0447336
-0.0515025
-0.0603315
-0.0710244
-0.084366
-0.0963342
-0.0968247
-0.0937836
-0.101926
-0.113796
-0.105163
-0.105261
-0.112717
-0.109087
-0.11203
-0.118407
-0.112521
-0.111834
-0.117131
-0.126157
-0.135378
-0.140283
-0.151172
-0.158628
-0.15539
-0.153723
-0.15647
-0.164219
-0.182858
-0.201203
-0.19983
-0.191197
-0.18845
-0.186684
-0.18639
-0.190608
-0.196396
-0.191491
-0.171086
-0.156862
-0.149799
-0.154017
-0.160982
-0.146856
-0.129786
-0.110461
-0.0947646
-0.0850527
-0.0793629
-0.0645498
-0.0516006
-0.0443412
-0.0399267
-0.0306072
-0.0257022
-0.0144207
-0.0059841
-0.0033354
-0.011772
-0.0128511
0.0056898
0.0152055
0.0086328
0.0037278
0.0103986
0.0236421
0.0302148
0.0299205
0.0283509
0.0342369
0.040221
0.0443412
0.05886
0.0567018
0.0543474
0.065727
0.0683757
0.0628821
0.0612144
0.0684738
0.074556
0.0631764
0.0473823
0.0525816
0.0472842
0.0405153
0.0367875
0.0329616
0.0266832
0.024525
0.0077499
-0.007848
-0.0214839
-0.0307053
-0.0386514
-0.0565056
-0.0701415
-0.0711225
-0.0673947
-0.069651
-0.0623916
-0.0620973
-0.0669042
-0.0671985
-0.0740655
-0.0732807
-0.0720054
-0.0693567
-0.0595467
-0.0569961
-0.0594486
-0.0605277
-0.0469899
-0.0296262
-0.0237402
-0.0242307
-0.024525
-0.023544
-0.0158922
-0.0159903
-0.0192276
-0.0142245
-0.0091233
0.0053955
0.0182466
0.0168732
0.0226611
0.0301167
0.0398286
0.0476766
0.0535626
0.0534645
0.0592524
0.0737712
0.0815211
0.0803439
0.0798534
0.0888786
0.0950589
0.0950589
0.0986886
0.103594
0.104378
0.0992772
0.0840717
0.0775971
0.0728883
0.0689643
0.0680814
0.0761256
0.0852489
0.0959418
0.0994734
0.103888
0.10222
0.105261
0.114679
0.123704
0.129786
0.14146
0.152742
0.169615
0.173441
0.166672
0.161473
0.153527
0.144599
0.140773
0.131258
0.119878
0.110264
0.104967
0.0976095
0.0905463
0.0834831
0.085347
0.0895653
0.0946665
0.0945684
0.0936855
0.0938817
0.0919197
0.0915273
0.0909387
0.0948627
0.0952551
0.0935874
0.0868185
0.0711225
0.0668061
0.0761256
0.0979038
0.102711
0.0601353
0.0282528
0.032373
0.0401229
0.0350217
0.0161865
0.0033354
0.0011772
0.0053955
0.0192276
0.021582
0.0038259
-0.0099081
-0.0182466
-0.0239364
-0.0217782
-0.0130473
-0.0102024
-0.0106929
-0.0197181
-0.0358065
-0.0390438
-0.0342369
-0.0268794
-0.0200124
-0.021582
-0.0282528
-0.0295281
-0.0297243
-0.0293319
-0.0300186
-0.0334521
-0.0285471
-0.0262908
-0.0369837
-0.0464013
-0.0475785
-0.043164
-0.0387495
-0.0339426
-0.0272718
-0.0292338
-0.0356103
-0.0393381
-0.0424773
-0.044145
-0.0503253
-0.0498348
-0.0560151
-0.0662175
-0.0752427
-0.0807363
-0.0903501
-0.0967266
-0.0963342
-0.0945684
-0.095157
-0.0964323
-0.0999639
-0.102416
-0.101239
-0.0908406
-0.0759294
-0.0786762
-0.0835812
-0.0797553
-0.0742617
-0.0680814
-0.059841
-0.0612144
-0.0585657
-0.0505215
-0.0435564
-0.0308034
-0.0237402
-0.0222687
-0.0154998
-0.0073575
0.0001962
0.001962
0.0037278
0.0132435
0.0199143
0.0287433
0.035316
0.0239364
0.0193257
0.0207972
0.0191295
0.0249174
0.0259965
0.0173637
0.0110853
0.0082404
0.0131454
0.01962
0.014715
0.0105948
0.0084366
0.0072594
0.0055917
0.0061803
0.0122625
0.0106929
0.0055917
0.0025506
0.0014715
0.0043164
0.0007848
-0.0139302
-0.0227592
-0.0231516
-0.0214839
-0.0234459
-0.0258984
-0.0279585
-0.0281547
-0.032373
-0.036297
-0.03924
-0.0454203
-0.052974
-0.0528759
-0.0548379
-0.0589581
-0.0682776
-0.0779895
-0.0821097
-0.089271
-0.0992772
-0.108106
-0.115071
-0.121644
-0.123704
-0.119682
-0.113011
-0.101239
-0.0880938
-0.0782838
-0.0722997
-0.0690624
-0.0654327
-0.0554265
-0.0398286
-0.0276642
-0.0239364
-0.0148131
-0.0045126
-0.0036297
-0.0016677
0.0084366
0.0155979
0.017658
0.0191295
0.0192276
0.0163827
0.0151074
0.0154998
0.0212877
0.023544
0.0254079
0.026487
0.0220725
0.0202086
0.0184428
0.0158922
0.0197181
0.0229554
0.0201105
0.0214839
0.0269775
0.0236421
0.025506
0.0224649
0.0217782
0.0267813
0.0308034
0.0336483
0.0429678
0.0501291
0.051993
0.0530721
0.0595467
0.063765
0.0687681
0.0752427
0.0788724
0.076518
0.0707301
0.0710244
0.0721035
0.0632
0.0593505
0.0681795
0.0764199
0.0836793
0.0816192
0.0806382
0.087309
0.0803439
0.0848565
0.0860337
0.087309
0.0943722
0.0872109
0.0826002
0.0898596
0.0845622
0.0861318
0.099081
0.0898596
0.0856413
0.0886824
0.0788724
0.0796572
0.0852489
0.0847584
0.0810306
0.0753408
0.0736731
0.0734769
0.0664137
0.0607239
0.0457146
0.0360027
0.0384552
0.0399267
0.0394362
0.0244269
0.0209934
0.0218763
0.015696
0.0175599
0.0042183
-0.006867
-0.0062784
-0.0157941
-0.0261927
-0.0325692
-0.0404172
-0.0436545
-0.0484614
-0.0555246
-0.0582714
-0.0596448
-0.0630783
-0.0609201
-0.0625878
-0.0684738
-0.0717111
-0.0697491
-0.0643536
-0.0689643
-0.0849546
-0.0868185
-0.0883881
-0.0975114
-0.101141
-0.104771
-0.123214
-0.135476
-0.132043
-0.124489
-0.115071
-0.103888
-0.101632
-0.113796
-0.1291
-0.141951
-0.132239
-0.119878
-0.121644
-0.123214
-0.119682
-0.111245
-0.105556
-0.108499
-0.115071
-0.110853
-0.115169
-0.109872
-0.104476
-0.10997
-0.117131
-0.122134
-0.133612
-0.124587
-0.110951
-0.108499
-0.104182
-0.101828
-0.107321
-0.0952551
-0.0907425
-0.0887805
-0.0793629
-0.0748503
-0.0739674
-0.0722997
-0.0654327
-0.0530721
-0.0596448
-0.0607239
-0.0521892
-0.044145
-0.0270756
-0.0123606
-0.0159903
-0.0194238
-0.0236421
-0.0091233
0.0249174
0.0262908
0.0227592
0.0251136
0.0097119
-0.0007848
0.015696
0.041202
0.0589581
0.0512082
0.0543474
0.0759294
0.0827964
0.0894672
0.0942741
0.0888786
0.0950589
0.100847
0.108204
0.106635
0.0981981
0.103201
0.111343
0.105065
0.0926064
0.0955494
0.105359
0.111147
0.111834
0.113894
0.110853
0.108597
0.111147
0.115954
0.110363
0.106537
0.109185
0.110559
0.119878
0.123606
0.115267
0.113894
0.122331
0.129688
0.135967
0.13528
0.13685
0.121546
0.101533
0.103594
0.120271
0.121546
0.113306
0.0975114
0.084366
0.08829
0.0823059
0.0634707
0.0582714
0.0460089
0.022563
0.0090252
0.0040221
0.0077499
0.0047088
-0.0084366
-0.0125568
-0.0239364
-0.0347274
-0.0279585
-0.0179523
-0.0131454
-0.0129492
-0.0237402
-0.03924
-0.0381609
-0.0346293
-0.0371799
-0.0433602
-0.0642555
-0.0763218
-0.0746541
-0.0674928
-0.0688662
-0.0887805
-0.104575
-0.10585
-0.106144
-0.1084
-0.106635
-0.108008
-0.111245
-0.124489
-0.127334
-0.117524
-0.109774
-0.101632
-0.0983943
-0.0982962
-0.0854451
-0.0743598
-0.0717111
-0.0567999
-0.0434583
-0.0346293
-0.021582
-0.0146169
-0.0213858
-0.0227592
-0.0173637
-0.0105948
-0.0052974
-0.0038259
-0.0040221
-0.007848
-0.0004905
0.0034335
0.0052974
0.0046107
0.0017658
0.0030411
0.0024525
0.002943
0.0090252
0.0104967
0.00981
0.0110853
0.0129492
0.0189333
0.028449
0.0271737
0.0249174
0.0366894
0.0448317
0.0457146
0.051012
0.0610182
0.0750465
0.0827964
0.0844641
0.0816192
0.0783819
0.0797553
0.0820116
0.0820116
0.0773028
0.0669042
0.0662175
0.0678852
0.0607239
0.0495405
0.0413001
0.042183
0.0424773
0.0396324
0.0386514
0.0322749
0.0179523
0.0154017
0.024525
0.021582
0.0012753
-0.0170694
-0.0337464
-0.0495405
-0.0486576
-0.0301167
-0.0309996
-0.0468918
-0.0465975
-0.042183
-0.0444393
-0.0505215
-0.0495405
-0.0479709
-0.0472842
-0.0496386
-0.0407115
-0.0328635