0.0007848
0
0.0001962
0.0007848
-0.0012753
-0.0005886
-0.0001962
-0.0024525
-0.0031392
0.0024525
0.0024525
-0.0038259
0.0025506
0.005886
0.0002943
-0.0038259
0.0081423
-0.0034335
-0.0121644
9.81e-05
-0.000981
-0.0220725
0.0083385
0.0236421
-0.0101043
-0.012753
0.0446355
0.0140283
-0.01962
0.0143226
0.0144207
-0.0576828
0.0128511
-9.81e-05
-0.0443412
-0.0114777
0.0291357
-0.0226611
-0.0233478
0.0423792
0.0106929
-0.0317844
0.0546417
0.0280566
-0.0460089
-0.0645498
-0.0301167
0.0051993
0.0330597
0.0102024
0.0761256
0.115758
0.0514044
-0.0509139
-0.033354
0.0266832
-0.0014715
0.0464994
0.0275661
-0.0516987
-0.0935874
-0.121742
-0.0482652
0.0160884
0.004905
0.0994734
0.267617
0.007848
-0.0703377
-0.157843
-0.26644
-0.23593
0.0868185
0.0447336
-0.0643536
-0.10173
0.178052
-0.0974133
-0.29842
0.0152055
0.108008
0.0302148
0.294496
0.11821
-0.0381609
0.0595467
0.138615
-0.10585
-0.162454
-0.135084
-0.146365
0.184134
-0.245054
0.316176
0.165789
0.112128
-0.214643
-0.35365
-0.0257022
0.157941
-0.283607
0.426146
0.0921159
0.0546417
-0.0685719
0.367875
0.213564
0.00981
0.261044
-0.136948
-0.518066
-0.377783
0.193649
-0.317844
-0.0236421
-0.377685
-0.397109
0.31343
0.485889
0.154802
0.953728
0.680716
0.687583
-0.616853
0.232301
-0.801477
-0.832477
-0.475
0.0603315
-0.274876
0.0520911
0.117131
1.08342
-0.376998
-0.83179
0.824531
1.19682
0.18639
-0.148229
-0.19414
0.267911
0.181877
-1.77227
-1.29374
0.359929
1.07881
0.0522873
0.313724
0.0613125
-0.721526
0.738104
0.0899577
-1.87371
-0.322553
1.3424
-0.38053
-0.99856
0.476962
1.32867
-0.713383
-0.575945
1.77453
1.28148
-1.67535
-1.3271
0.383375
0.623916
-0.0935874
0.280468
-0.275465
-0.314705
-0.27262
0.8984
0.268892
-1.08253
0.328243
1.48415
1.0482
0.404368
-0.670121
-0.38622
-0.458618
-1.41862
-0.62627
0.185115
-0.0718092
0.0551322
-0.3924
-0.670415
0.638337
1.48317
1.35594
0.0445374
-1.30973
-0.519341
-0.871815
-1.32808
1.08773
1.74961
-1.017
0.184919
1.90942
0.248684
-1.57627
-1.39586
0.875346
1.64484
-0.155096
-0.918608
0.479611
-0.578201
-2.0138
-0.282724
0.511003
0.404564
0.442823
1.80955
1.40322
-1.16896
-1.6624
-0.552401
0.175893
0.295575
0.816094
1.46591
0.698472
-1.42745
-0.953728
-0.0224649
-1.18004
-1.10784
0.731826
-0.217291
-0.367286
1.36408
2.46476
0.63608
0.554363
0.265164
-0.730943
-1.54154
-1.9412
-1.05811
0.550341
-0.423007
-1.26117
0.681697
1.59942
-1.48533
0.0046107
1.76374
0.45695
-0.343252
1.80887
2.18763
1.93649
-1.0789
-2.07707
-2.63448
-2.96978
-0.813347
0.175305
-0.441842
-1.03741
1.6886
2.66175
1.68241
-0.266145
0.490598
2.53736
0.578005
-0.731336
0.0359046
-0.273209
-1.0069
-1.99055
-2.71747
-1.16631
-1.43726
0.223276
2.82096
-0.057879
0.63608
2.30908
0.969424
0.335894
0.406134
0.33354
1.06007
1.11451
0.543964
-0.152251
-2.11072
-4.18436
-2.97145
-0.356692
0.590268
-0.662469
1.18809
3.02825
0.129296
0.52042
1.51869
0.736339
0.372486
1.64886
1.16239
0.774401
-1.48582
-2.88031
-0.404466
1.14551
-1.48994
-2.71227
-1.90638
-0.228573
0.599293
0.822274
1.38488
0.678165
-0.690918
0.321277
2.09463
1.20869
0.408194
0.915665
-0.899479
-0.541414
0.996107
1.43255
-0.558581
-2.41365
-0.248291
-0.36709
-2.13485
-0.608514
-1.69497
-3.28194
-1.99212
1.61463
3.3975
2.79742
0.708969
2.29309
3.15107
0.855628
-0.774696
0.0030411
-0.389457
-2.16958
-0.907033
-0.16677
-2.85216
-3.54269
-0.108204
0.656387
0.50031
2.42336
3.11821
2.57473
1.37418
-1.4613
-1.51143
-1.28511
-1.38203
1.72381
1.90785
-2.28083
-2.07962
-0.837283
-2.30084
-0.985218
1.62208
1.32082
1.59981
1.94238
-0.53798
-0.996009
1.32847
1.63464
-0.434583
0.123017
0.603904
0.415748
-1.22635
-2.02822
-0.0345312
-0.0571923
-3.18384
-0.121055
1.8382
-0.522284
0.771753
2.27062
2.10248
0.140773
-1.84987
-0.842777
0.779699
0.242013
-2.49017
-2.05323
-1.34436
1.06105
1.86341
1.15778
-0.978253
-2.38658
1.28815
3.90418
0.418593
-1.53997
-0.0385533
1.27589
0.0963342
-1.99065
-2.82302
-2.07403
-1.3633
0.715149
2.73473
2.92269
-0.531898
-0.267224
1.51231
0.927339
1.25176
-1.09862
-2.54599
-2.28907
-1.62248
-1.59157
1.61973
-0.628331
-1.55469
0.947352
1.43285
1.05693
0.892416
0.424283
0.919001
1.60344
1.92139
1.14443
-0.885941
-2.25777
-2.53343
-2.33821
-0.739968
-0.415944
0.445766
-0.96295
-1.5853
1.47179
3.4644
1.2187
-0.615577
0.37484
0.93401
0.11821
-2.40718
-2.32056
-1.00199
1.44374
1.91619
-0.193159
-2.00811
-2.29701
-1.86586
1.30444
1.64955
-0.439684
1.04369
1.35152
1.02083
0.664431
-0.275857
-1.28383
-0.442725
0.99081
1.21497
-1.08979
-1.63533
-0.52768
-1.00709
-2.82194
-0.963931
1.37428
1.37252
0.751152
2.10415
1.63974
-0.601157
-2.71256
-0.0303129
0.933618
-0.521401
0.0730845
2.47791
1.37507
-1.88205
-2.36146
-1.74736
0.217782
-0.303423
-0.430169
1.9674
2.54717
-0.813739
-1.45384
-0.228965
-0.203656
-0.869068
0.993066
2.58641
1.77316
-0.715541
-2.63605
-0.258984
0.0479709
-1.09411
-0.723291
0.797749
-0.994832
-1.87342
1.15395
2.40384
0.37896
-1.30993
-1.08754
1.54282
1.45453
0.8829
0.0790686
0.922336
1.19378
0.482848
0.0685719
-0.095157
0.378764
1.0223
1.14296
-3.07877
-3.99807
-2.88954
0.0658251
0.38671
-0.175697
0.904874
1.46689
1.43285
1.92531
2.22599
0.993164
0.951668
-0.111638
0.0940779
-0.518851
-1.76207
-2.96272
-0.147248
0.884764
-0.68876
-0.593309
1.71273
1.58049
-0.555442
0.669238
1.51574
-0.702886
-2.02626
-0.210523
0.878878
1.05614
0.0004905
-0.247114
0.216409
0.960203
0.809816
0.68258
1.28109
1.1514
-1.30542
-1.38576
-0.987082
0.118897
-0.199339
-1.46297
-0.0141264
2.03881
1.16082
0.393871
0.477355
1.82927
1.00641
-0.184036
1.91913
0.386024
-1.50485
-0.248684
0.108499
0.322455
-1.80847
-4.15885
-2.57571
1.61237
1.70272
1.52094
0.761746
0.352375
2.04607
2.726
1.25705
-0.190314
-3.42565
-3.52159
-0.192374
0.637748
-1.74108
-0.164514
2.14623
0.846211
-0.768712
0.603021
1.19192
0.284686
-0.811189
0.90203
1.39194
-2.26268
-2.16261
-0.627448
-1.34691
-0.491677
0.769791
2.92603
2.46211
-1.25646
-2.58454
-0.290768
0.21994
0.175697
1.66044
2.47526
0.952943
-2.13524
-1.4713
0.695823
-1.67859
-1.90491
-1.25185
0.0563094
2.76976
2.83852
2.37618
1.79719
-1.03878
-1.58569
-0.279095
1.03947
1.65034
1.36908
-0.355416
-2.65468
-0.727902
0.522382
1.16945
-0.327163
-0.45283
-1.23783
-0.0095157
2.88983
1.6886
0.153723
-1.73745
-1.01141
1.48769
1.70694
0.305091
0.191295
-0.0217782
0.053955
0.793923
-1.0066
-1.735
-1.05242
-1.14865
-0.366796
1.98859
1.58618
-1.05762
0.0975114
4.71675
4.74402
0.147641
-1.33661
0.643536
-0.261044
0.226905
-0.454301
0.434877
0.421438
-1.71341
0.481279
0.224551
1.01641
2.39884
1.3889
1.25656
1.45777
0.730256
-1.81848
-2.04568
0.906542
2.74768
-0.341977
-0.403976
0.375429
1.53468
0.448808
-0.576534
-1.15601
-0.514829
0.610182
0.394264
0.0507177
-0.644223
-2.04185
-3.39348
-3.12959
-3.13724
-3.72231
-3.59399
-4.78728
-6.83541
-7.51475
-3.01991
-3.83365
-6.38111
-6.36659
-2.02743
-0.584578
-2.06206
-1.89853
-0.997186
-0.0054936
-0.706811
-0.661488
2.33419
3.39259
3.32804
2.65547
2.95752
1.83888
2.01056
4.5077
2.24384
0.567214
-0.225139
-0.467152
-0.681501
-2.721
-3.7897
-4.68221
-3.34835
-1.957
0.850429
3.63127
3.23642
1.32317
4.12177
2.34518
-1.33965
-3.59909
1.25313
0.240836
1.01632
0.19669
-2.45848
-1.66692
-0.397599
-1.46306
-0.424479
-1.41872
-3.35993
-3.65246
-0.394852
-0.336287
1.9261
3.46411
2.87923
3.11703
2.3955
-0.88908
0.23132
2.52343
1.42039
1.16003
1.09234
-1.12413
-1.97809
-1.53527
-0.148229
-0.929988
-1.29639
2.3387
2.46103
-1.17965
1.77218
2.31496
-1.75118
-1.67064
-3.18805
-3.42163
1.49701
2.49429
1.9618
-2.41189
0.546123
2.10807
1.49946
2.62251
1.0118
1.81534
3.65579
3.53729
1.45149
1.54969
-0.462541
-1.41725
1.67692
3.35276
2.82371
-0.987278
1.07164
-0.806971
-0.813249
1.58932
0.664431
-0.286648
-0.869558
1.79435
-0.929988
-2.60917
-4.55655
-1.4252
1.00042
0.872992
-2.92573
-0.566724
2.08629
1.15483
1.88156
0.330205
-2.05039
-2.92142
0.593996
0.918706
1.84762
3.24427
2.75955
-0.0779895
-0.763709
-0.124096
0.919001
-0.607239
-0.863672
0.63196
-1.87243
-3.57418
-5.11317
-2.20028
0.55711
1.13561
-1.3063
-0.584382
1.52977
-1.22115
-3.50178
-0.34492
1.09715
0.435858
-2.32232
0.19002
0.432817
0.467937
2.74101
3.91135
2.94584
4.94149
5.8962
0.778129
-1.39165
-0.33148
0.376704
1.40538
-0.671298
-3.87799
-5.07658
-1.81034
-0.494032
-0.486772
-0.767044
-2.07089
-0.467446
0.443118
-2.68392
-4.02181
-0.552009
1.56744
1.6162
1.36908
0.516595
2.37245
2.65988
0.705535
1.39439
2.03401
-1.19751
0.634413
2.79987
1.4613
-1.74167
-3.63941
-0.227984
-0.429482
-0.423007
0.595761
0.72643
2.71129
4.00758
1.01779
0.937149
3.31912
3.41967
-1.45551
-0.56074
-0.254471
0.977861
-0.103201
-0.754095
-2.6125
-4.31974
-5.47329
0.0237402
-0.289493
0.306563
2.82047
1.02328
-0.652561
0.208659
2.30251
1.58451
2.91082
1.76237
0.353454
-0.0538569
-3.15519
-1.30169
-1.21772
-1.52143
-2.82145
-0.706222
2.62643
3.25408
1.50171
1.38615
2.5298
-1.007
-0.0649422
1.92982
1.36545
-2.00605
-1.84683
-0.565448
-1.83261
-1.34142
-0.3511
-1.18436
-1.38792
-0.266636
2.23128
3.59262
3.12282
-2.67244
-2.03283
1.40312
0.487753
1.05487
0.744089
0.521009
1.30895
3.56446
0.832771
-1.73833
-0.626859
-0.112619
1.65495
3.52542
1.78375
-1.84781
-0.295183
1.25578
2.21686
-0.641574
-0.76881
-2.14849
-1.10853
-3.03266
-4.2234
-4.23145
-2.98891
1.22753
3.23642
1.15974
-1.00435
-0.536901
-0.124391
-1.7245
-2.28612
-0.528072
-1.09166
-2.39786
-2.2096
0.194925
3.71564
3.72456
1.0946
-1.16445
-2.51901
0.150093
0.795493
0.376312
0.9707
2.12308
1.20928
-0.694646
-2.41169
-3.35276
-1.73186
1.68192
2.63791
-1.49161
-2.17753
2.25277
1.30522
0.371603
-0.0553284
-2.40541
-0.363853
0.691114
-0.685229
-1.20604
-2.44308
-4.42696
-3.53121
1.66034
-0.041202
-0.542983
-0.13165
0.353454
1.49632
3.38367
0.130865
0.548183
2.06579
2.14123
2.49203
1.8124
1.96043
-0.525326
-4.28883
-2.92004
-0.0668061
-2.13397
-1.98515
-2.02223
-2.00948
0.161473
1.11795
-2.07432
-3.54612
0.785291
1.12374
0.442137
-0.2788
-2.38874
-1.23047
1.61561
1.46797
-1.46414
-0.98924
0.291063
0.171577
-0.679146
1.5642
3.85886
4.10853
2.87462
0.564566
-2.19921
-0.805401
-0.224355
-0.984237
0.377194
1.26932
-1.84438
-3.04149
-2.41532
-0.407409
2.36666
-0.411333
-0.0680814
2.74023
2.8554
-0.0386514
1.01906
-0.137438
-3.00176
-2.35057
-1.19162
-0.77656
0.766259
1.39312
-0.150682
-0.336777
-0.857296
-1.52958
2.15192
3.46999
1.33593
-1.07939
-0.0914292
-0.41202
0.222196
-2.16252
-3.41712
-1.66417
1.46091
1.9724
1.27246
-1.39096
-2.81115
0.122429
2.14751
1.9566
2.22795
1.74746
0.0694548
0.87927
2.03744
-2.54874
-3.71956
1.07743
0.35679
-1.56666
-1.14424
-1.48837
1.11756
2.59445
-0.296654
-0.73418
-0.598312
-2.39668
-4.41048
-2.6592
0.544063
2.67097
1.66083
-1.38311
-1.67761
-1.94032
-0.59635
2.24884
2.02057
0.196985
2.2612
2.52627
4.00739
2.34214
1.01769
1.00435
3.32206
1.49259
-1.83781
-2.36509
-2.36617
-3.06484
-1.22802
-0.896928
0.324515
3.45283
0.733101
-2.04558
0.843856
2.89768
0.483633
-1.03711
-1.56646
0.532879
-1.4921
-2.07815
-1.0221
-2.02498
0.282332
2.28544
-0.359438
-3.04679
-1.77277
-0.557208
0.546319
2.05873
2.17507
0.707399
-0.137438
2.36961
3.93371
2.5403
1.01367
0.575258
-0.115562
-1.38694
-2.78153
-2.64664
-1.88568
0.0867204
1.68967
0.664628
-0.908602
-2.70315
-0.292534
1.82584
1.79425
0.802752
1.69448
1.11854
1.00523
0.646871
-1.65505
-3.46734
-1.52977
2.88022
2.53932
1.35368
2.2927
0.813249
-0.964715
-0.853862
-1.20398
-2.0551
-1.95454
-2.29544
0.752427
1.36693
-2.21353
-2.44956
-0.0154017
2.3957
2.55384
2.0912
1.30316
0.444491
-1.43354
-2.36853
0.480592
2.9329
1.66015
-2.55109
-2.07109
0.014715
-1.22007
0.0445374
3.10614
0.73938
-0.840717
-0.67277
-1.64062
-1.02034
-1.17063
0.805107
1.8124
0.444589
-1.54753
-1.39125
0.87515
2.74886
0.660311
-2.50901
-1.59687
-0.422811
-1.25862
-2.20656
-1.87351
1.14865
3.2319
2.11043
0.956475
2.46721
-0.0076518
-0.750759
-0.251626
0.156273
2.84745
-0.505313
-1.75236
-0.658741
-1.66937
-2.74346
-1.60855
0.860435
2.12975
-0.0826002
-0.528857
1.08214
1.89304
0.525424
-0.842483
1.13943
-0.0793629
-1.31425
0.156666
-0.572512
-0.531211
-0.0184428
-1.00131
0.282724
2.37549
1.51623
-1.75815
-3.20973
-1.61149
0.717896
2.84686
2.39609
-2.21775
-0.642751
2.63271
1.34544
1.04202
0.662175
-0.762433
-0.604002
-2.54275
-1.79091
-0.570746
-1.46728
1.17975
1.6572
-0.725842
-1.01445
0.76361
-0.516202
-0.976487
0.384846
3.17628
2.03842
-2.99539
-1.96063
0.441352
1.17857
1.79376
0.32373
1.34603
0.336287
-0.816388
-0.310585
-0.575062
-1.4457
-1.4665
-0.562015
-2.34282
-2.61593
1.72479
2.95526
0.0201105
-0.532585
0.861907
2.06206
1.42853
-0.343448
0.0595467
0.607043
-1.30139
-2.80654
-2.62172
-1.41843
-0.148818
1.22743
2.09522
-0.333344
-2.40708
0.360714
-0.0347274
-0.734377
-0.62372
1.6678
4.27745
4.56194
-0.654719
-2.49498
1.89971
1.2751
-0.839147
-0.933225
-1.56008
-1.73039
-4.15669
-1.98417
-0.213662
-0.29636
1.91717
2.62496
0.287727
-0.989829
2.28043
2.38167
0.275661
-1.11412
-0.184624
2.60259
2.53647
-0.217782
-1.61894
-0.839245
-1.6523
-2.54256
-1.44737
-0.287237
0.483241
0.87878
0.379451
0.0314901
-0.752133
-0.35934
0.866714
2.21677
1.55018
-0.695725
-1.37458
-0.650894
-0.979921
-0.902912
-1.09676
1.39655
3.82099
1.1927
-0.733984
-1.30757
-0.831692
0.373859
-0.166279
0.182466
-1.01681
-0.759294
-0.922827
-1.14944
-0.236911
-0.171969
1.11657
-0.813543
-1.37448
0.962165
2.02429
0.78843
-0.321866
1.45963
1.25637
0.385435
0.0888786
-0.747424
-1.05801
1.55587
1.85066
-1.15474
-3.12213
-1.6005
1.74284
3.14656
0.424479
-1.15503
0.652757
-0.0024525
-0.765572
0.253392
0.548281
-0.314018
-0.214348
-0.256728
-1.52791
-2.55433
-2.65861
1.76227
2.03479
-1.14502
-0.734671
1.85026
2.8397
0.601745
-0.741636
-1.14934
0.131356
0.0200124
-0.629998
-1.40538
-1.32239
-1.70007
-1.10304
2.01085
1.67643
-0.459206
0.920865
2.31899
1.63788
0.866125
0.341192
-0.808835
-0.977665
0.0604296
0.432817
-2.22618
-4.02475
-2.12494
1.20477
3.03727
2.0962
-0.167653
-0.0997677
0.881723
-0.322945
-0.780876
-0.510807
0.85298
0.753899
0.486772
-0.0867204
0.622052
0.532879
-1.85792
-1.24371
0.0170694
-0.188744
-0.576141
-2.11945
-0.110755
1.36516
-0.0717111
-0.399071
0.650109
0.343154
0.0132435
1.57921
2.30319
0.434877
-1.03054
-1.20359
0.0899577
0.88447
-0.327752
0.613125
0.811287
0.352571
-1.1512
-0.87309
-0.932342
-2.48448
-0.0440469
1.04732
0.0669042
-0.713579
-0.570452
1.08283
0.0401229
-0.072594
0.954022
2.25385
1.7763
0.822274
0.790882
0.397109
-0.88702
-1.87449
-1.97907
-0.219057
0.412511
-1.80426
-3.21513
-1.12766
3.14077
2.19361
-0.553088
0.249665
1.53497
0.19414
-0.108989
0.461364
1.3835
1.69527
0.495699
-0.395049
-0.821195
-0.584186
-1.32209
-2.58915
-1.72215
0.425362
0.314509
0.206893
0.282332
1.81789
0.963244
-2.1066
-1.61806
1.00876
2.04009
0.220333
-1.00866
-0.900558
0.255354
0.970798
-0.382394
0.451456
0.389163
-1.14738
-1.33014
-0.386122
1.92551
1.47739
0.347568
-0.303129
-0.72437
-0.212681
0.909878
0.691114
-0.956181
-1.7449
-1.15042
0.0162846
-0.856021
-0.664235
0.81423
0.488146
-0.520322
0.215624
0.399071
0.630685
0.491873
1.10421
0.236813
-1.06772
-0.0387495
1.67153
2.16448
1.0018
-0.651875
-2.08796
0.322945
0.488048
-1.21997
-1.26245
-0.328831
-1.17592
-1.59148
-0.972956
-0.528857
-0.184036
0.846799
3.08623
3.59174
1.87224
0.730355
-0.524737
-0.411726
0.955985
-0.407998
-1.96798
-2.20764
-2.07737
-2.01645
-0.0482652
0.330499
0.205618
2.12426
1.74373
1.43981
1.98182
-0.226317
-0.850821
-0.134299
-0.213073
-1.13315
-1.18564
-1.21438
-1.85232
-1.34299
-0.453811
1.68045
1.54978
0.705437
1.69223
0.739576
-0.651188
-0.112324
0.341878
1.00533
-0.0408096
-0.120369
0.749876
-1.3527
-2.9328
-1.70714
-0.299401
-0.135084
-1.82809
-1.66103
0.622248
2.11474
2.2871
1.18309
0.491285
-0.349138
-0.285765
1.0428
2.50155
1.83339
0.0258003
-1.28688
-1.02328
-0.29636
-1.32298
-1.57804
-0.168732
0.936855
-0.440763
-1.13472
-1.02927
0.742225
1.6935
0.974231
-0.339818
-0.464013
0.553971
0.423301
-0.761746
-1.46679
-1.00651
-0.0271737
0.699944
0.40633
0.5731
1.49779
1.77787
1.26569
0.273405
-0.185409
-0.769202
0.404172
0.415159
-1.88274
-1.30198
-1.35721
-1.0122
-1.20918
-1.57676
0.722016
-0.0380628
-1.71793
0.569176
2.10954
2.32448
1.07792
-0.664039
-0.294791
0.0852489
-1.07057
-0.688662
-0.342369
-0.795885
-0.353062
1.0737
0.635688
0.106831
0.805107
1.61659
2.21912
0.417219
-1.10441
-0.276053
-0.405055
-1.20702
-2.09159
-0.722801
0.0151074
-0.443118
-0.777148
0.494326
0.985709
-0.477649
0.394558
1.66289
0.311271
0.320885
1.13021
-0.0943722
-0.441842
0.419868
0.0967266
-0.14558
-0.245054
-0.396324
-0.0005886
-0.507668
-1.14424
-1.6004
-1.21634
1.00209
0.659526
-0.0530721
0.663647
1.70606
2.14035
0.570452
-0.153821
1.67898
2.086
-0.964421
-3.03315
-2.03675
-1.49965
-1.49426
-1.30561
-2.19038
0.0106929
2.39492
1.35417
-0.432817
0.651776
2.24227
3.54759
2.494
0.0229554
-0.810797
-1.00857
-1.45355
-2.28916
-1.51054
-0.463424
-1.5182
-1.10107
0.806872
-0.242209
-0.696804
0.921846
1.70684
1.52232
0.285275
-0.241522
0.838166
0.401523
-0.322847
0.0687681
0.628232
0.810698
-0.0681795
-0.616166
-0.717896
-1.10824
-0.494816
0.0977076
-0.162061
0.150976
0.755664
0.243779
-0.436251
-1.44491
0.333932
1.72058
0.750465
-0.0700434
-0.445864
0.324515
0.481279
0.3098
0.278898
-1.09274
-1.38458
0.326869
0.0177561
-1.41637
-0.408783
0.654131
1.02779
0.942545
0.71044
1.06752
0.757528
0.140283
-0.353356
-0.576337
-1.71008
-1.1512
0.986788
0.872403
-1.27236
-2.04352
-0.866125
0.1239
-0.0579771
0.761943
0.384944
-0.188156
0.747914
0.896143
0.431248
-0.509924
-0.438703
0.629802
0.310486
-0.485693
0.153232
0.662567
0.204048
-1.65004
-1.28344
-0.591641
-0.724861
0.567116
1.28805
0.709655
0.621463
-0.283607
0.0652365
-0.234263
0.368071
1.40224
1.15052
0.593701
-0.246623
-1.94316
-1.66535
-0.0905463
-1.15297
-1.56146
-0.412314
0.609495
0.563486
0.798436
0.0400248
0.499721
0.538079
0.284392
1.23469
2.20588
1.42726
-0.50188
-1.05399
-1.98613
-0.815407
0.838166
-0.0293319
-0.787547
-1.07106
-0.76361
-0.149406
-0.160492
0.249763
0.379058
-0.326673
0.10016
0.791078
1.18122
0.240247
1.0638
0.683561
-0.68052
-0.624014
-1.45571
-1.91138
-0.266538
0.810502
0.0582714
0.602824
0.624112
0.213367
-0.574964
-0.252117
-0.0919197
-0.432229
-0.335404
0.585951
1.25656
0.0270756
0.388574
0.986592
-0.508354
-0.615774
-0.0371799
0.533272
0.405153
1.18112
1.18681
0.0531702
-1.21772
-1.37732
-0.39809
-0.475687
0.176384
0.66914
-0.25869
-0.999933
0.497956
1.29188
0.23544
-1.77031
-1.18024
1.33612
1.35094
-0.201497
-0.350904
-0.2375
-0.330401
-0.179817
0.644125
-1.21487
-2.64782
-0.211798
1.80141
0.803635
-0.497563
-0.636375
0.584578
1.11088
1.45374
1.29414
0.387299
-0.347764
-0.435564
-1.0122
-1.86704
-1.99947
-0.352866
1.02642
0.775971
-0.0942741
-0.797945
0.73732
1.57097
1.24724
0.473921
-0.783721
-0.834144
0.116935
0.309113
-1.1461
-0.378764
0.276544
-0.160688
0.161571
-0.467348
-0.0097119
-0.249665
0.475491
0.973152
0.0351198
-0.21376
-0.75949
-0.845328
0.206991
1.14375
1.08185
-0.0129492
0.771458
1.04064
0.391321
0.450475
0.428795
-0.19571
-2.0809
-1.46973
-1.23508
-2.09061
-0.398973
0.525424
-0.147641
0.0099081
1.27608
0.930871
-0.0468918
0.453222
1.63032
1.96671
0.672279
-0.440567
-0.16834
-0.0948627
-0.265557
0.118505
-0.592426
-1.41038
-0.937934
-0.780091
-1.76982
-0.701317
0.517379
0.144992
0.197868
1.15454
1.06821
1.07527
1.18426
1.24322
0.696412
-0.359635
-0.0317844
0.824629
-0.275661
-0.999345
-0.778129
-1.16278
-0.777148
-0.685425
-0.90252
0.0409077
0.428795
-0.115169
-0.634805
-0.0314901
1.3424
1.48612
0.293417
-0.0440469
0.610378
-0.0220725
-0.0458127
1.03505
0.21533
-0.32991
-0.661586
-0.503645
-0.884666
-1.59138
0.0383571
0.992772
1.1205
0.061803
-0.156764
0.265851
-1.09656
-1.1873
-0.62372
0.343056
0.831201
0.15853
0.0121644
0.060822
0.412118
0.406036
-0.0628821
-0.275661
-0.212583
-0.23907
-0.585657
-0.231222
-0.916744
-1.68487
-0.29842
1.13011
1.13796
0.913115
1.30208
1.49926
1.34387
0.690035
0.05886
-0.446159
-0.797749
-0.5163
-0.869166
-1.81446
-1.34328
-0.113502
-0.199339
-0.370524
-0.381119
0.218861
1.02475
1.0067
1.38684
0.479022
-0.0908406
-0.0946665
0.526699
0.457342
-0.93607
-1.12256
-0.824923
-0.847388
-1.27579
-0.658447
0.697393
0.641378
0.0599391
0.17089
0.59478
0.682874
0.385239
1.07645
0.923023
-0.572021
-0.613419
-0.311468
-0.627153
-0.293908
0.253883
0.294889
-0.594584
-1.56391
-0.84729
0.751642
1.2497
0.51944
0.411137
0.81266
0.406134
-0.118014
-0.184526
0.0407115
0.195906
0.645007
0.707007
-0.412903
-0.838264
-1.0172
-0.681599
-0.283313
-0.590954
-0.569569
-0.701905
-0.375331
0.718779
1.21271
1.49691
-0.0998658
-0.316569
0.8158
0.862691
0.789705
0.186096
-0.469507
-1.07704
-1.04329
-0.741636
-0.882998
-1.34701
-1.4094
0.6609
1.36791
1.04486
0.753604
1.46689
0.792844
-0.164023
0.840619
0.561132
-0.11154
-0.428697
-0.190804
-1.01975
-1.37929
-0.108008
-0.199437
-0.968738
-1.07272
0.0878976
0.148621
-0.295085
0.768025
1.1359
0.484614
0.32373
0.551224
-0.27625
-0.0314901
0.783427
0.102318
-0.698178
-1.13462
-0.618815
-0.332068
-0.380922
0.159805
0.0536607
0.0113796
0.397207
0.44351
0.357673
0.22975
0.325986
0.80805
0.583106
-0.0697491
-0.0034335
-0.343154
-0.653248
-0.280958
-0.608907
-1.61904
-2.01321
-1.27324
0.356495
1.06026
0.470782
0.744285
1.29011
1.14855
0.761354
0.43733
0.404172
-0.226513
-0.316765
-0.359929
-0.391223
0.108989
0.350413
-0.592132
-0.712696
0.661783
0.918608
-0.305385
-0.024525
0.131846
-0.418397
-0.549262
0.0222687
0.0154017
-0.539354
0.245054
1.19662
0.0955494
-0.728589
-0.328831
-0.331087
-0.358948
-0.486282
0.548085
1.0638
0.259965
0.733199
0.924789
0.212877
-0.682285
-0.529544
-0.040221
-0.427422
-0.593113
-0.606945
-0.195219
-0.653738
0.214348
1.01298
0.34541
-0.212387
0.0679833
0.724174
0.296556
-0.710048
-0.74713
0.273797
-0.305483
-1.09862
-0.263595
0.159805
-0.363951
0.444001
0.966972
0.495111
-0.223276
0.50855
1.26932
0.476864
-0.278996
-0.171871
-0.404074
-0.638042
-1.02564
-0.599293
-0.427912
0.436447
0.688466
0.0847584
-0.132337
-0.0977076
-0.0649422
-0.659232
-0.112815
-0.0179523
0.810698
0.903697
0.118505
-0.242209
-0.331186
-0.0898596
0.647362
0.89114
0.115758
-0.506981
-0.11978
-0.222785
-1.56175
-1.02132
0.426441
0.67071
0.25457
0.441842
0.751054
0.122625
0.0605277
0.120074
0.643046
0.204048
-0.210719
-0.472842
-0.0099081
0.72751
-0.174422
-0.609397
-0.169909
-0.175109
-0.366502
-0.540335
0.171184
0.933422
0.291553
-0.139498
-0.0589581
-0.522284
-0.81629
-0.6609
0.688956
0.840717
-0.23338
0.0803439
-0.666491
-0.598116
-0.0270756
0.136359
0.006867
0.191491
0.213956
0.166574
0.671102
0.691016
0.410156
-0.0981
0.893789
0.445276
-0.492756
0.0204048
0.282234
-0.880349
-1.29531
-1.03731
-0.884273
-0.300088
0.400248
0.505902
-0.422124
-0.187077
0.868283
0.373663
-0.25349
0.517968
1.03496
0.682384
0.126353
-0.387593
-0.39858
0.255452
0.587913
-0.338739
-0.505411
-0.635394
-0.826787
-0.336287
-0.644713
-0.519636
0.339622
0.745952
0.0567999
-0.13734
0.374252
0.342663
0.30617
0.865046
0.240737
-0.480101
-0.901245
-0.776854
-0.501389
-0.509139
-0.231614
-0.329518
0.505607
1.01484
0.715541
0.455871
0.265459
-0.501095
-0.236127
0.673555
0.780385
-0.114581
-0.678165
-0.216997
-0.335012
-0.224649
-0.0014715
-0.243386
-0.417514
-0.150191
0.137242
-0.313135
0.0040221
0.598312
0.782249
0.700434
0.501683
0.339622
0.299107
0.159805
0.114679
0.113502
-1.07939
-1.18446
-0.943624
-0.12753
0.0100062
0.340898
0.150387
0.0684738
0.865144
0.817075
0.10742
0.468133
0.493051
-0.364441
-0.403976
-0.459206
-0.897026
-1.05928
-1.01602
-0.690133
-0.270658
0.901539
1.52428
0.798338
0.461266
0.569765
0.300775
-0.58036
0.006867
0.477943
-0.308328
-0.338837
-0.205716
-0.999148
-1.17543
-0.14509
0.911741
0.0924102
-0.417121
0.211405
0.337072
0.197083
0.0596448
0.177561
0.0047088
-0.500114
-0.337562
0.0798534
0.42389
0.651973
0.77911
0.822569
0.410352
-0.203361
-0.243779
-0.483829
-0.991301
-0.702298
-0.243092
-0.295281
-0.44508
-0.237402
-0.0393381
0.076518
0.61234
0.371701
0.762139
0.902912
0.959909
0.289984
-0.597429
-0.874071
0.0159903
0.292044
-0.99081
-1.35594
-0.431934
0.284588
-0.170596
-0.333049
0.569176
0.92214
1.11638
0.912036
-0.241718
-0.714658
-0.347863
0.263006
0.0089271
-0.607239
0.0286452
0.171675
-0.173833
-0.13371
0.429482
0.688956
0.311958
-0.151368
-0.0776952
0.207482
0.348157
0.388868
0.324417
-0.604296
-0.547104
0.589483
0.806382
0.0659232
-0.221019
0.340309
-0.185801
-1.27402
-1.07939
-0.373172
-0.0914292
-0.422517
-0.914488
-0.413001
0.259082
0.96187
1.15532
0.611653
0.253687
0.537588
0.454203
0.691605
0.178542
-0.0198162
0.210915
-0.209836
-0.924494
-1.41087
-0.761256
0.154704
-0.0261927
-0.313037
0.134397
0.0511101
-0.0046107
0.349138
0.301952
-0.142147
0.0434583
0.503057
-0.189922
-0.645007
0.0709263
0.371897
-0.0401229
-0.552107
-0.304502
0.266832
0.0505215
-0.364638
0.0721035
0.174029
-0.162944
0.246918
0.405251
-0.561917
-0.573493
-0.103594
0.424675
0.0878976
-0.0126549
0.268107
0.490206
0.5318
0.300677
0.298518
-0.121938
-0.839736
-0.836106
-0.158922
-0.0761256
0.0024525
-0.0607239
-0.159707
0.406036
0.342761
-0.397501
0.124783
0.920374
0.674241
0.175403
-0.0463032
-0.377783
-0.607435
-0.672083
-0.880448
-1.21281
-0.858669
-0.0497367
0.523363
0.640593
-0.077499
-0.19208
1.09843
1.29276
0.895947
0.648539
0.282724
-0.393283
-0.646577
-1.0222
-1.41745
-1.01288
0.01962
0.535037
0.0985905
-0.282037
0.15647
0.522088
0.473921
0.506
-0.0144207
0.0410058
0.652267
0.205814
-0.240639
0.0327654
-0.0537588
-0.530623
-0.702985
0.255747
0.154606
-0.499623
-0.515712
-0.421143
0.209542
0.560936
1.08862
1.15071
0.515123
0.0408096
-0.364932
-0.348157
-0.349138
-0.198653
0.0131454
-0.205029
-0.418004
-0.180112
-0.0771066
-0.499525
-0.516006
0.278996
0.689839
0.68101
0.424773
0.288512
0.300971
0.303423
0.1962
-0.23132
-0.517968
-0.436447
-0.41977
-0.47912
-0.46725
-0.426735
-0.120074
0.139204
-0.123508
-0.0675909
0.0403191
0.552303
0.703279
0.334717
0.229946
0.213073
-0.203361
-0.392596
-0.206206
0.106144
-0.177267
-0.316373
0.244563
0.391517
-0.23132
0.184134
0.78068
0.717013
-0.151859
-0.796866
-0.232301
0.0291357
-0.641378
-0.530427
0.455282
0.480886
-0.167849
-0.176972
0.283215
-0.159511
-0.519047
-0.102809
-0.106831
0.295379
0.798828
0.813739
0.0404172
-0.570452
-0.629606
-0.63559
-0.163533
-0.234263
-0.302835
-0.220234
0.170498
0.310683
0.167457
0.650305
0.382198
0.0462051
0.269873
-0.0086328
-0.0171675
0.19051
0.110363
-0.046107
-0.0115758
-0.404074
-0.307249
-0.253
-0.232105
-0.0754389
-0.0401229
0.205029
0.517968
0.337072
0.350904
0.281743
0.287335
0.188254
-0.0504234
-0.0687681
-0.635688
-0.721526
-0.179033
-0.0004905
0.11772
0.136065
0.311762
0.382982
0.0528759
-0.471469
-0.122919
0.186782
0.0238383
0.170792
0.602334
0.724763
-0.103103
-0.0865242
0.142147
-0.154704
-0.841404
-0.647852
-0.255845
-0.278604
0.251626
0.642457
0.406134
-0.159609
0.133318
0.134986
0.121742
0.0702396
0.0771066
0.0340407
-0.458716
-0.245348
0.261927
0.402308
0.434681
0.027468
-0.250351
-0.512278
-0.640201
-0.0585657
0.193649
-0.200222
-0.224453
0.0035316
0.654229
0.348059
0.0251136
-0.0003924
-0.156568
-0.130375
0.10948
0.0444393
-0.567508
-0.461168
0.397501
0.160197
-0.0425754
0.356594
0.0349236
-0.372388
0.0532683
0.503645
0.268794
-0.207972
-0.0702396
-0.367973
-0.527386
-0.373565
-0.407213
-0.0221706
0.525424
0.476962
0.366207
0.205029
-0.0194238
-0.175109
-0.135967
-0.137144
-0.314607
-0.192374
-0.147052
0.252313
0.495405
-0.0973152
0.115169
0.225139
0.280075
0.206501
-0.0321768
-0.311566
-0.322455
-0.298714
-0.427422
-0.438507
-0.281155
0.324809
0.0335502
-0.113992
0.173833
0.299205
-0.0167751
0.0244269
0.467839
0.197966
-0.183839
-0.116641
-0.321768
-0.664333
-0.241326
-0.146169
-0.203459
0.250449
0.677969
0.486772
0.297733
0.463719
0.388966
0.456754
0.149701
-0.468329
-0.60459
-0.399561
-0.179425
-0.120074
-0.195513
-0.367679
-0.129296
0.277231
0.307544
0.121938
0.255747
0.513259
0.477158
0.844837
0.531408
-0.358065
-0.443706
-0.393871
-0.0082404
-0.180013
-0.594977
-0.426245
-0.20395
-0.0471861
-0.153821
0.15853
0.173735
0.085347
0.228573
0.203263
-0.236029
-0.315784
-0.0448317
0.137536
0.328929
0.197279
-0.250351
-0.278898
-0.401818
-0.443314
-0.333736
-0.0347274
-0.0154017
0.197279
0.466662
0.233282
-0.283901
0.0374742
0.298714
0.111147
-0.052974
0.0344331
0.142834
0.144109
0.106439
0.226807
0.0749484
-0.239364
-0.249566
-0.120467
-0.385533
-0.204931
0.121448
0.0491481
0.0728883
-0.216507
0.116837
0.293417
-0.0460089
-0.162159
0.235832
0.402897
-0.285373
-0.371014
0.384356
0.299401
-0.114973
0.0965304
0.134887
-0.242994
-0.340113
-0.0436545
0.10791
0.0553284
-0.0083385
-0.0934893
-0.164514
-0.272031
-0.0126549
0.483535
0.562996
-0.111245
-0.358556
0.139792
0.404564
0.0026487
-0.593407
-0.433896
-0.212779
0.0432621
0.292338
0.11772
-0.13685
0.0486576
0.40839
0.361499
-0.0656289
-0.0403191
0.325496
0.338249
0.119486
-0.0679833
-0.347568
-0.52768
-0.465092
-0.449298
-0.268696
0.166476
0.496876
0.31029
-0.127334
0.0551322
0.289003
0.094176
0.0258984
0.263791
0.268303
0.0413982
-0.220725
-0.207972
0.0164808
0.351689
0.0711225
-0.562211
-0.356005
-0.16059
-0.051012
0.0957456
-0.0345312
-0.100062
-0.154017
-0.127726
0.371407
0.544063
0.276544
0.0952551
0.20964
0.0270756
-0.177463
-0.266832
-0.232105
0.0991791
0.134789
-0.0957456
-0.298322
-0.134986
-0.238579
-0.0457146
-0.0262908
0.104084
0.459697
0.30254
-0.0812268
-0.0523854
-0.0652365
-0.0466956
-0.290278
-0.231222
-0.104575
0.0762237
-0.294006
-0.428206
0.25094
0.551126
0.167555
-0.323926
-0.185507
0.144992
-0.115267
-0.397305
-0.381707
0.0972171
0.162061
0.234263
0.343939
0.101337
0.170204
0.0199143
-0.382001
-0.350217
-0.0202086
0.0385533
-0.0844641
0.101043
0.0582714
-0.17658
0.109872
0.453713
0.102907
0.0658251
0.26899
0.0209934
-0.151466
-0.389261
-0.505117
-0.0658251
0.284392
0.0285471
-0.0135378
0.0302148
0.0861318
0.109185
0.48275
0.605866
0.0485595
-0.249272
-0.294104
-0.273503
-0.30205
-0.209738
-0.307347
-0.0217782
0.373663
0.38465
0.105065
-0.183839
-0.328831
-0.0704358
0.181289
0.305385
0.315686
0.279095
0.036297
-0.0898596
0.137929
0.0320787
-0.28655
-0.159511
0.129786
-0.0101043
-0.415552
-0.278114
-0.124587
-0.0982962
-0.0752427
0.204735
0.0656289
-0.0254079
-0.305189
-0.335012
0.0954513
0.355514
0.483339
0.708576
0.576436
0.0240345
-0.178738
-0.0644517
-0.200222
-0.102809
0.158137
-0.134593
-0.485301
-0.199732
-0.158235
-0.0356103
0.325103
0.288806
0.404859
0.309407
0.220136
0.115856
0.132239
-0.0672966
-0.272326
-0.103692
-0.0610182
0.0219744
0.0891729
-0.4234
-0.650305
-0.276936
0.116347
-0.0085347
-0.0540531
0.123802
-0.011772
-0.110363
0.213956
0.208855
0.0146169
0.224747
0.458127
0.307936
-0.113698
-0.250547
-0.100945
0.0404172
-0.061803
-0.379255
-0.377096
-0.289984
-0.411137
-0.367679
0.0599391
0.351787
0.453811
0.513063
0.398384
0.0878976
-0.170596
-0.0296262
-0.0980019
-0.266342
-0.185115
0.0550341
0.008829
0.0092214
-0.304895
-0.0871128
0.150191
0.0309015
0.31961
0.193355
-0.0577809
-0.115856
-0.0731826
0.111736
0.104182
0.24368
0.132043
0.0342369
-0.346882
-0.521107
-0.46519
-0.21582
0.100258
0.222
0.164023
-0.0665118
-0.175599
0.239462
0.406134
0.165397
-0.0684738
-0.176188
-0.170694
0.0134397
0.0753408
0.0621954
0.232399
0.39191
0.287531
0.0409077
-0.113502
-0.0943722
-0.0219744
0.21533
0.288414
0.0801477
-0.384846
-0.413295
-0.187665
-0.135672
-0.127824
-0.184624
-0.188941
-0.134103
0.075537
0.0051012
-0.0027468
0.151859
0.2375
0.288708
0.0924102
0.301167
0.623327
0.273209
-0.140185
-0.322749
-0.268107
-0.271933
-0.34953
-0.448513
-0.16834
0.0756351
0.121448
0.003924
0.0226611
0.0861318
0.155685
0.147641
0.201203
-0.0374742
-0.31961
-0.205323
0.110853
0.0194238
-0.324221
-0.0703377
0.279095
0.36248
0.196985
0.0968247
0.162454
-0.0776952
-0.125764
-0.075537
-0.0762237
-0.340996
-0.377881
0.0625878
-0.0780876
-0.131454
0.340799
0.605964
0.302638
0.0989829
0.102711
-0.0466956
-0.150878
0.0277623
-0.0260946
-0.0574866
-0.187175
-0.465092
-0.509335
-0.104182
0.146659
0.0414963
0.319414
0.39446
0.280174
0.173931
0.349628
0.13734
-0.104673
-0.0700434
-0.309898
-0.385631
-0.614891
-0.395834
-0.079461
0.0592524
-0.0448317
-0.0050031
0.207678
0.276151
0.248389
0.338249
0.130767
0.0908406
0.219057
0.0095157
-0.404761
-0.485203
-0.470193
-0.288905
0.137046
-0.0070632
-0.233478
0.174127
0.384748
0.0229554
-0.142637
0.0072594
0.145777
0.291651
0.3098
0.0083385
-0.135672
0.0591543
0.109382
0.245937
0.126549
-0.276838
-0.0521892
0.144796
0.0210915
-0.343154
-0.351787
0.0553284
0.131062
-0.0986886
0.0874071
0.137929
0.200124
0.158235
-0.0042183
-0.0802458
-0.117033
-0.0044145
0.0319806
-0.0937836
-0.256728
-0.195906
0.0867204
0.272718
0.158039
-0.118505
-0.151663
-0.256237
-0.123508
-0.106439
-0.0779895
-0.043164
-0.0929988
-0.0094176
0.0479709
0.197377
0.224845
0.245054
0.081423
0.0082404
-0.0344331
-0.0491481
0.226415
0.134005
-0.368464
-0.25143
0.142441
-0.0928026
-0.345999
0.0396324
0.152251
-0.0757332
-0.104182
-0.0939798
-0.0454203
-0.0367875
0.0787743
0.0970209
0.211504
0.316471
0.263889
0.0957456
-0.0616068
-0.16834
-0.0837774
0.0881919
-0.0275661
-0.0600372
0.0952551
0.20444
0.170792
-0.0424773
-0.234459
-0.0180504
0.0935874
0.0020601
-0.0640593
-0.0950589
-0.135869
0.0359046
0.21376
-0.0149112
-0.0848565
-0.0963342
-0.161865
0.0914292
0.0599391
-0.146463
-0.114581
-0.0749484
-0.086328
0.0834831
0.203459
-0.0199143
-0.0241326
0.213466
0.236911
0.259573
0.317157
0.173833
-0.0705339
-0.263202
-0.215035
-0.216114
-0.140283
-0.260652
-0.27262
0.0189333
-0.110853
-0.161865
0.120271
0.0850527
-0.0954513
0.180308
0.337464
-0.0296262
-0.138125
0.100553
0.184036
0.111834
0.334619
0.124489
-0.210228
-0.144501
-0.0815211
-0.0205029
0.0123606
0.017658
-0.126941
-0.050031
-0.103299
-0.223766
-0.0644517
0.179033
0.178934
-0.137046
0.178934
0.301952
-0.0135378
-0.148229
-0.164514
0.03924
0.0072594
0.0378666
0.114385
0.21376
0.1084
-0.145777
-0.18845
-0.114286
-0.0842679
0.182564
0.501193
0.122625
-0.0974133
-0.0116739
-0.151761
-0.273405
-0.0669042
0.169321
-0.0999639
-0.0378666
0.0143226
-0.377194
-0.268205
0.277721
0.159707
-0.0707301
0.0303129
0.0445374
-0.0446355
0.0574866
0.0496386
-0.0764199
-0.0577809
0.0498348
0.0528759
-0.0798534
0.0497367
0.225238
0.173245
0.0061803
-0.194336
0.0379647
0.140087
-0.14303
-0.251332
-0.179131
-0.0924102
-0.249272
-0.225434
0.130375
0.418495
0.384258
0.221706
0.211209
-0.0730845
-0.0730845
0.0191295
-0.252411
-0.309211
0.0152055
-0.0605277
-0.426735
-0.14509
0.0139302
0.0348255
0.185998
0.291847
0.107812
0.139694
0.0337464
-0.0531702
0.104084
0.231025
-0.0361989
-0.0832869
0.034335
-0.061803
-0.282724
-0.120173
0.111147
0.0558189
0.131258
0.0338445
0.0436545
0.0207972
0.0542493
-0.0025506
-0.238187
-0.248585
-0.0089271
0.171086
0.06867
-0.198751
-0.162552
0.0981981
0.0086328
-0.0141264
0.219646
0.260063
0.122233
-0.0187371
-0.183545
-0.160197
-0.0958437
-0.287727
-0.315686
-0.19777
-0.120369
0.0443412
0.15333
0.231124
0.428305
0.331382
0.202969
0.157254
-0.0619992
-0.286158
-0.237304
-0.153527
-0.265655
-0.161571
0.0300186
-0.0243288
-0.121546
0.0208953
0.303521
0.291847
-0.0730845
-0.206108
0.256826
0.265557
-0.141166
-0.302442
-0.0385533
0.195219
0.123214
0.033354
-0.0746541
0.0649422
0.0790686
-0.103888
-0.185899
-0.139596
-0.200909
0.0380628
0.113992
0.0650403
0.209051
0.355122
0.318825
0.0125568
-0.0415944
-0.116837
-0.170498
-0.173441
-0.251725
-0.207383
-0.184232
-0.117622
-0.0713187
0.124881
0.482554
0.487459
0.36091
0.203558
0.10222
-0.0685719
-0.0616068
-0.167751
-0.303816
-0.221804
-0.105948
-0.213269
-0.0724959
0.255747
0.237304
0.216605
0.306563
0.320787
-0.0032373
-0.11409
-0.220627
-0.504038
-0.590856
-0.427716
-0.31029
-0.213367
0.0889767
0.211013
0.150387
0.283705
0.473431
0.609299
0.503744
0.0911349
-0.142343
-0.0707301
-0.183153
-0.289689
-0.0945684
-0.129198
-0.0787743
0.0309996
-0.275759
-0.440861
-0.102711
0.173147
0.0015696
-0.0378666
0.16314
0.0680814
0.0622935
0.284588
0.200026
-0.0126549
-0.0006867
0.159805
-0.0278604
-0.201399
-0.191001
-0.118995
-0.277329
-0.413982
-0.0543474
0.138321
0.051012
0.243386
0.386122
0.271933
0.105948
0.0566037
0.140872
-0.114483
-0.103299
-0.0590562
-0.0045126
-0.225924
-0.420162
-0.342859
-0.0886824
0.194827
0.185605
-0.0454203
-0.149995
0.164416
0.319021
0.215231
0.0712206
0.0216801
0.0535626
-0.014715
-0.186684
-0.202086
-0.117524
-0.11723
-0.119682
0.0966285
0.228279
0.0260946
-0.07848
-0.0281547
-0.0221706
0.0825021
0.028449
-0.0759294
-0.054936
0.233576
0.32216
0.0826002
-0.130179
0.0317844
0.388672
0.22769
-0.064746
-0.0987867
-0.195415
-0.191393
0.0297243
0.0779895
-0.18482
-0.318825
-0.138812
-0.102613
0.0387495
0.0737712
-0.0135378
0.117426
0.27311
0.205225
0.0590562
-0.102514
-0.129688
0.0555246
0.0989829
-0.151074
-0.0829926
-0.0124587
-0.236519
-0.353356
-0.145678
-0.107616
-0.106831
0.19208
0.224257
0.106929
0.1136
-0.0197181
-0.0988848
0.0322749
0.0672966
-0.0629802
0.042183
0.035316
-0.158137
-0.162748
-0.0390438
0.0536607
0.0573885
-0.0798534
-0.0587619
0.0330597
-0.103103
0.0050031
0.158922
0.0082404
-0.074556
0.101141
0.0943722
-0.106046
0.0592524
0.191491
0.183643
0.0653346
0.132926
0.147248
-0.0443412
0.0309996
0.126157
-0.0727902
-0.326673
-0.375527
-0.208953
-0.119878
-0.0285471
0.122723
0.146856
0.198358
0.268892
0.341682
0.258886
0.024525
-0.196004
-0.312939
-0.223962
0.0465975
0.0548379
0.0504234
-0.0462051
-0.0841698
0.16265
0.122723
-0.0978057
-0.0070632
0.0868185
-0.0807363
-0.210032
-0.122723
-0.102024
0.0383571
0.218665
0.296654
0.21013
0.175599
0.132926
-0.0642555
-0.109872
0.0623916
0.173048
0.0673947
-0.183447
-0.13322
0.0074556
-0.0465975
-0.139792
-0.104869
-0.0499329
-0.0977076
0.0410058
0.0368856
-0.0915273
-0.10016
0.0780876
0.110559
-0.0413982
-0.0690624
-0.0210915
0.0543474
0.054936
0.144403
0.184232
0.0265851
-0.0524835
-0.056898
-0.0179523
-0.0462051
-0.0309996
0.0043164
-0.0640593
-0.0241326
-0.156175
-0.137929
0.081423
-0.0143226
0.0042183
0.175893
0.036297
-0.0634707
0.0026487
-0.0704358
-0.142147
0.153428
0.247801
-0.005886
0.0689643
0.213269
0.19414
0.0679833
-0.181289
-0.253981
-0.185899
-0.189922
-0.217291
0.0352179
0.146758
-0.017658
0.103986
0.364049
0.298322
-0.108989
0.0210915
0.228965
-0.111049
-0.284196
-0.0197181
-0.0934893
-0.257512
-0.038259
0.147346
0.0220725
0.007848
0.0947646
0.0498348
0.0476766
0.0722016
0.0910368
0.0619011
-0.025506
-0.139792
-0.164612
-0.116249
-0.193551
-0.196004
-0.0242307
-0.0094176
0.0373761
0.133024
0.0826002
-0.0813249
-0.0672966
0.0587619
0.0606258
0.0496386
-0.0306072
-0.0436545
-0.0262908
0.0671985
0.111736
0.0700434
-0.073575
-0.0103005
0.0776952
-0.0513063
0.0114777
0.0570942
-0.0782838
-0.0459108
0.0279585
-0.113109
-0.0820116
0.0727902
-0.0142245
-0.0986886
-0.0150093
-0.0267813
-0.014715
-0.0375723
0.0604296
0.014715
0.0561132
0.0006867
-0.159118
-0.111245
0.0083385
0.0050031
-0.0567999
0.131356
0.171871
0.107125
0.120369
0.0124587
-0.178836
-0.0572904
0
-0.102122
-0.135967
-0.0640593
-0.0303129
0.0066708
0.056898
0.0389457
0.063765
0.129492
0.0223668
0.0296262
-0.101239
-0.110068
-0.0850527
-0.0965304
-0.0758313
0.0960399
0.0749484
-0.0394362
0.0435564
-0.0038259
-0.0383571
0.0154017
0.0692586
0.124587
0.0841698
-0.0108891
-0.147052
-0.209051
-0.228573
-0.210719
0.0131454
0.136653
0.200026
0.165593
0.0422811
0.152742
0.259867
0.148818
0.0795591
0.0562113
-0.195317
-0.331382
-0.40378
-0.227003
-0.0041202
0.153527
0.195317
0.262614
0.205421
0.147346
-0.0224649
-0.0702396
-0.050031
0.0141264
0.063765
-0.142735
-0.229358
-0.19571
0.0239364
0.105163
-0.0132435
0.0929988
0.180602
0.0048069
-0.0256041
0.0819135
0.110264
0.160295
0.174716
0.0125568
-0.197181
-0.0852489
-0.124489
-0.233282
-0.252411
-0.202478
-0.0771066
0.112717
0.083385
0.0188352
0.091233
0.0774009
0.080442
0.241915
0.209149
0.0561132
0.227886
0.139989
-0.253098
-0.312645
-0.195219
-0.181289
-0.0340407
0.258199
0.251038
0.0942741
0.0858375
0.0698472
0.0256041
-0.0152055
-0.0868185
-0.0342369
-0.0113796
-0.0232497
-0.0874071
0.0154998
-0.0438507
-0.0741636
0.0629802
-0.034335
-0.167064
-0.0682776
-0.0417906
-0.0624897
-0.0628821
0.1549
0.14715
0.0900558
0.103496
0.0086328
-0.0291357
0.0251136
0.0180504
0.0233478
-0.0869166
-0.190216
-0.0875052
0.109185
0.0869166