-0.0020601
-0.0015696
0.0003924
-0.0007848
-0.0006867
0.0026487
-0.0004905
-0.0038259
0.0023544
0.0047088
-0.0070632
-0.0027468
0.0054936
-0.0062784
-0.010791
0.0082404
0.0063765
-0.0109872
0.0089271
0.0171675
-0.0214839
0.0012753
0.0310977
-0.0201105
-0.0355122
0.0212877
-0.0021582
-0.0492462
0.0165789
0.0318825
-0.0373761
0.0066708
0.0502272
-0.0046107
0.0099081
0.044145
-0.0281547
-0.0366894
0.0292338
-0.0206991
-0.060822
0.0455184
0.0562113
-0.0263889
-0.0413001
0.0121644
0.0380628
-0.0163827
-0.0044145
0.010791
-0.0164808
-0.129983
-0.0973152
-0.0247212
0.0207972
0.0126549
0.0728883
0.126647
0.0267813
-0.151859
-0.0700434
0.126745
0.0212877
-0.0783819
0.0371799
0.125372
-0.117622
-0.171479
0.108008
0.149602
-0.0536607
0.199928
0.233184
-0.0159903
-0.146463
0.107812
-0.0319806
-0.0561132
0.166279
0.0927045
-0.10173
-0.0055917
-0.0789705
-0.199143
-0.109676
0.242405
0.0944703
-0.101043
-0.0602334
-0.0708282
0.0622935
-0.216409
0.0791667
0.133907
0.17707
-0.224453
-0.0726921
0.0982962
0.0548379
-0.187861
0.442431
0.130473
-0.35159
-0.433504
-0.115758
-0.13734
-0.0077499
0.124979
-0.300677
-0.0135378
0.157843
0.0945684
0.496778
0.74919
0.213367
-0.128805
-0.509237
-0.230535
-0.406232
0.187567
0.171086
-0.21219
-0.823451
-0.329812
0.238873
-0.0411039
0.174422
0.675909
0.496778
-0.305385
-0.257022
0.162552
-0.207776
-0.51944
0.175599
0.526993
0.0547398
-0.570059
-0.0572904
0.606258
-0.0283509
-0.892318
0.124489
0.853764
-0.0763218
-0.263595
-0.0411039
-0.0240345
-0.0703377
0.655112
0.0350217
-0.319414
0.933814
1.16258
-0.562996
-1.47219
0.33197
0.364245
-0.679342
-0.154311
0.360125
0.262418
-0.776854
-0.370033
0.853568
0.785192
-0.535234
-0.885058
-0.0116739
0.774598
0.0126549
-0.353356
-0.108302
-0.0798534
-0.103397
-0.417121
0.079461
0.435074
0.273699
0.201203
-0.446453
-0.846897
0.0601353
0.575847
0.371995
0.77705
0.0073575
-0.74193
-0.524246
0.898302
0.130473
0.408979
-0.172656
-0.353749
-1.24783
-0.444687
0.923906
0.623818
-0.0370818
0.035316
0.359929
0.337072
-1.7038
-0.686406
0.904972
0.870343
0.508943
-0.29636
0.103594
0.163827
-1.61581
-0.0239364
1.00445
0.150191
0.0428697
0.419868
-0.193649
-0.451064
0.0066708
0.54573
-0.237893
-0.899185
-0.260554
0.820607
-0.437918
-0.0979038
-0.0329616
0.0984924
0.291357
-0.420064
1.38478
0.444589
-0.808933
-0.236519
0.453713
-0.201105
-0.816584
0.501585
0.52199
-0.667865
-1.0947
-0.268402
0.616166
-0.71407
0.746737
0.575455
1.56411
-0.574474
0.476472
-0.519243
-1.00994
-0.638729
0.67532
1.19192
0.570452
0.734573
-0.792746
-0.83542
-0.144894
1.0791
1.37271
-0.231124
-1.30159
-0.138517
-0.789215
-1.49377
-1.29208
0.666197
0.705339
-0.120173
-0.174716
-0.180013
0.732513
-0.281841
0.156371
0.526797
1.6313
2.10042
0.577122
-0.567705
-1.44639
-0.814132
-0.467643
-1.34073
-1.40607
-0.203165
0.093195
-0.333049
-0.423105
1.06654
0.773028
-0.0281547
0.465288
1.06752
1.76698
0.68513
-0.612438
-0.0047088
-0.481867
-1.90657
-1.75128
-1.48366
-0.300677
0.974722
1.25411
1.27157
0.315097
-0.776658
-0.329027
-0.223668
1.50878
0.249566
0.473921
1.06007
-0.0194238
-2.18223
-1.47111
-0.769006
-0.291749
-0.0447336
0.0761256
-0.829141
0.582224
1.42608
1.38066
-0.180798
-1.72823
-1.03378
0.663156
1.05095
0.996402
1.30326
0.434289
-0.300382
-1.11147
0.0555246
0.40633
0.0925083
1.32396
-0.533075
-1.51496
-0.948725
-0.0897615
-1.31376
-1.35731
0.0044145
1.19407
1.28079
0.513161
0.979136
-0.771066
0.338445
1.21252
1.01426
-0.129296
-1.72519
-0.760471
-0.755174
-0.310879
-0.625486
-0.20758
-1.19329
-0.849938
0.624897
1.25254
1.91599
0.789803
-0.98512
0.410647
0.75174
0.557012
0.536705
0.413982
0.707988
-0.585559
-2.04411
-2.92338
-0.377979
-0.172754
-0.430757
1.11422
1.29041
-0.0394362
-0.580163
0.724468
1.5542
-0.144501
-0.437624
0.750073
0.284882
-0.338543
-0.723095
-0.936855
-0.286844
-1.27206
-0.671298
-0.534547
0.652659
1.33024
1.79778
0.978646
0.835223
-0.299499
-0.496484
1.40352
0.595761
-1.39194
-1.0379
-0.698374
-0.644419
0.0339426
0.888786
0.454399
-1.08597
-1.07282
-0.612831
1.00346
0.482946
0.507668
1.16513
1.45021
0.542199
-1.12638
-0.271247
0.796768
1.02112
0.744285
-0.643046
-1.21516
-0.899871
0.0386514
0.276348
-0.832575
-0.354926
-0.0937836
-0.589385
-1.09107
-0.195219
1.611
1.65809
0.578496
0.266342
0.0633726
0.469997
1.55851
-0.34492
-0.31235
-0.77705
0.146758
0.525031
-0.341878
-0.861024
-1.40715
-0.0192276
-0.434779
-0.635884
0.847682
0.802654
0.0995715
0.22406
2.24463
1.97161
-0.150584
-0.615185
-0.23593
-0.496092
-0.0450279
0.407802
1.02956
-0.935384
-0.424086
0.004905
-0.12596
-1.26353
-0.336189
0.478336
1.57774
1.57176
0.407017
-2.10886
-0.381609
0.0939798
1.0534
-0.219842
-0.414963
0.738987
0.986592
0.421143
-0.785487
-0.883783
-0.43007
-1.39184
-0.395441
1.56921
1.75658
-0.0139302
0.0909387
0.986592
-0.283215
-1.09548
-0.530329
0.018639
0.0024525
-0.347961
0.056898
1.78385
1.01975
-0.28292
-1.44276
-1.59275
-1.26578
-0.844052
-0.274778
2.20696
2.22069
1.08312
-0.33511
-0.969522
0.947744
0.376802
-0.499525
-0.649618
-1.50073
-2.49086
-2.05058
-0.0020601
-0.714462
0.0393381
1.24165
1.49661
1.69164
0.373565
-0.189529
-0.641672
-0.738104
0.0395343
0.393185
-1.24391
-0.712108
0.146659
0.232595
-1.1408
-0.997285
0.0218763
1.54507
1.60678
-0.368856
-0.18796
-0.538471
-1.60904
0.189627
0.282332
-0.66914
-1.23488
-0.392302
0.0849546
0.922532
0.770477
1.52447
-0.0349236
-1.55076
-0.917824
-0.735554
0.618128
-0.196298
-0.950589
0.719662
0.0168732
-0.504921
-1.39292
-0.430561
1.04967
0.144501
-0.924102
-1.15993
-0.423694
0.881134
0.28037
1.0892
0.995126
-0.180995
-1.70861
-0.79824
-0.670513
0.87515
-0.365913
-1.58716
-1.08999
-1.31523
0.315195
0.90615
0.412412
0.162454
-1.34063
-0.659134
0.689937
0.174814
-0.867204
-0.0223668
0.366109
-0.496975
-1.40518
-0.919001
0.759981
0.38259
-0.773911
-0.250155
0.173441
-0.536313
-1.07223
-0.293908
0.223766
-0.530819
-0.746345
0.263693
0.981883
-0.159707
-0.740165
0.376312
0.259671
-0.926947
-0.257022
-1.68006
-0.165102
0.92832
0.576043
-0.690428
-1.06998
-0.0405153
0.147837
0.0890748
-0.981196
-1.1515
-1.01033
1.33857
0.74605
-0.165495
-0.466465
-1.55027
-0.648049
-0.379549
1.28619
1.37762
1.1774
-1.25303
-1.52585
-0.254275
-0.716228
-0.893397
0.63147
0.845916
1.04908
-0.269971
-1.72921
-0.194532
1.20879
0.514338
0.641084
-0.70014
-0.521401
0.436447
-0.304993
-0.699453
-0.944311
-0.288708
0.679539
1.9619
1.33259
0.786075
0.774205
1.47189
1.51721
-0.0191295
0.0206991
-0.393087
-0.547987
0.276544
0.295281
0.932539
-0.670023
-1.02456
0.0920178
2.10287
1.70802
0.215624
0.918216
0.932048
1.90706
1.25303
-0.341878
0.411529
1.37987
0.548673
0.824923
0.0178542
-0.55299
-1.05458
1.32798
3.02315
1.41882
1.35398
3.00461
4.23429
3.10506
1.72215
0.751446
-0.756057
-2.24502
-2.31526
-0.944213
-0.427912
1.42735
3.56986
3.552
1.2961
0.54367
0.79304
1.02809
-0.0724959
-0.242405
1.22733
2.23442
3.96393
4.32552
2.55678
2.54148
2.21265
-0.164318
-0.622543
-0.0495405
-0.15078
-0.815701
-3.17118
-3.95402
-4.40312
-3.65776
-4.70674
-3.19384
-1.13727
0.486184
1.20212
1.41764
2.51568
3.64814
2.95526
2.1791
2.27975
1.99231
1.75697
1.1929
2.35391
2.28092
0.0674928
-0.740066
-0.810797
-0.857394
0.333049
0.721526
-0.149602
-1.78807
-1.73588
-1.98829
-3.08613
-3.41094
-4.00876
-3.87495
-4.15944
-4.67378
-4.62561
-4.23841
-4.38007
-3.78323
-1.85389
-1.46198
-1.65877
-1.79807
1.82034
2.37196
0.961184
-0.800888
-0.657172
-0.0324711
-0.887413
-1.89735
-1.52192
-1.59206
-2.61652
-2.32987
-1.40244
-0.280958
1.47072
2.95516
2.69157
1.39753
1.77953
0.228082
0.567999
1.16474
2.70079
3.41751
1.79817
1.82643
3.12027
2.3959
1.77149
1.99614
1.92453
1.96985
2.49302
1.864
1.45737
1.22115
1.71655
1.18564
0.540139
-2.00624
-3.54622
-2.79124
-2.47251
-2.2615
-2.09081
-1.8795
-2.12337
-1.66476
-2.54668
-2.82469
-2.18184
1.83977
0.577711
0.834144
0.399659
0.0435564
-0.561132
0.304797
-0.819822
-0.0114777
0.43115
-0.0820116
0.0743598
-1.20359
0.308917
0.819233
0.785781
-0.847192
-0.921748
-0.787939
-1.55832
-0.21945
0.344822
1.02407
0.030411
-2.74729
-2.25385
-0.685817
-0.550537
-1.53654
-0.550733
-1.38605
-1.65799
-1.41146
-0.0060822
1.24518
0.484123
-0.487851
-0.344625
1.51319
1.35967
-0.550243
0.519832
0.15902
-0.267911
-0.758902
-0.833458
-1.48249
-2.45456
0.728294
2.05716
2.29299
1.44511
1.42637
2.53883
0.444982
1.00533
1.47327
1.50829
3.12762
3.16206
2.95703
0.8674
1.96857
1.66996
1.68889
0.270167
-0.158726
-0.860043
-2.16193
-2.27896
-1.93541
-1.76963
-3.14715
-3.51875
-5.13809
-4.04555
-1.93041
-1.54174
-0.578692
-0.122036
-0.417415
0.579379
0.546025
-1.03633
-1.54831
-0.794708
0.768417
0.632745
0.142245
0.668453
1.88097
2.34145
1.66073
1.89117
-0.0831888
-0.880644
-1.45482
-0.0082404
1.65495
1.43314
2.31987
1.30885
0.0772047
0.562996
1.92973
1.8022
0.801968
0.891533
-0.0408096
-0.338837
0.429089
1.28874
-0.191295
-1.89058
-1.12687
-0.739282
0.0958437
-0.313626
-1.96887
-1.34171
-1.62483
-2.50616
-2.05794
-0.650305
1.33583
0.861122
-0.161669
0.262614
0.114679
0.19257
1.01671
0.026487
0.168045
-0.554755
-1.53428
-1.71479
-1.27687
-2.37588
-1.62718
-0.690133
-1.1306
0.339328
1.74098
3.35306
4.05643
0.322062
-0.125764
-0.269481
0.704554
0.686406
2.21166
3.15931
1.62875
-0.0213858
-2.16958
-3.19021
-3.6243
0.705633
1.00749
0.633922
0.720446
0.763316
1.34436
2.31104
0.489617
2.28887
1.71803
2.28622
1.2441
1.26794
1.29767
-0.843464
-1.43873
-1.54998
1.50348
0.958045
0.506392
1.26471
2.11543
0.0386514
0.897026
0.338445
0.064746
0.777246
1.55047
0.460579
-0.520519
-0.726921
-1.23263
-1.40734
-2.77123
-2.58248
0.312939
0.113894
-1.22252
-0.922631
-0.447925
-0.301069
-1.10206
-1.43609
-1.01445
-0.182172
0.206795
1.11618
-0.309702
-0.936659
-1.72479
-2.7259
-0.754487
-0.212583
0.143226
0.99699
1.61767
-0.395049
0.833752
1.9673
1.97927
1.84457
1.70253
0.336483
-0.8519
-1.96543
-0.792256
1.1513
1.85723
-0.60773
-0.44763
0.453811
-0.345704
-0.552205
0.87515
0.101337
0.533075
-0.668355
-0.242307
1.1257
1.61865
1.06046
1.87351
0.158432
-0.835027
-0.169811
0.329812
-0.962851
-1.91364
-2.43053
-2.02547
-1.47405
-1.91295
0.564958
0.84572
1.12374
1.87548
0.437036
-1.25166
-2.1791
-1.32317
0.38053
0.934501
-0.210032
-0.448023
1.49701
1.26716
1.02289
1.61227
1.15699
1.25627
1.70733
0.703966
-0.764101
-1.96808
-0.823255
0.654719
-0.53749
-0.370426
-0.756057
-1.71322
-1.70831
-2.03528
-1.72519
-2.63281
-1.85586
-0.669042
-0.140381
1.14493
2.58749
2.29191
0.714757
1.19348
1.48671
2.17821
2.27808
0.390242
-1.24303
-1.24195
-1.203
-2.7366
-1.06164
0.831103
-0.0837774
-0.645498
-1.05781
-1.59756
-1.17553
0.276642
0.8003
1.64092
1.28168
1.13355
2.0911
1.11883
0.365128
0.972465
2.20902
1.39194
1.00621
-1.26608
-2.28514
-1.89107
-0.370818
0.29636
-1.14973
-1.36781
-0.133416
-0.661586
0.704848
1.71538
2.21088
0.200516
1.26843
0.633726
0.0169713
-1.62679
-2.04745
-1.94846
-2.26827
-0.719073
-0.0935874
0.551028
0.872403
-0.467348
-1.91727
-1.30895
-0.686994
0.864359
2.10523
0.610182
0.371308
1.67957
1.99408
1.00866
-0.770477
-0.0781857
-0.814426
0.910466
0.316373
-1.30061
-1.16298
-1.43344
-1.47709
-1.29453
-0.0048069
1.22664
0.486576
1.59903
1.03466
0.073575
-0.633432
-1.27677
0.122625
1.7453
2.23688
0.706712
-1.01573
-0.946076
-0.129001
-1.68693
-1.20692
-0.0580752
-1.03182
-0.519341
0.803635
1.05477
0.205519
-0.391615
-0.198849
0.400935
1.72921
1.45257
0.615774
0.397109
-0.128707
-0.348157
0.219842
2.02851
1.05791
0.0515025
-0.983354
-1.84144
-0.31755
0.330008
-0.910859
-1.5904
-0.309505
-0.187469
-0.116543
0.235538
0.637552
0.116445
-0.141264
0.349726
0.555933
0.316961
0.930282
0.968149
-0.762335
-2.04215
-1.06497
-1.58078
-1.64013
-0.111343
1.46404
1.44472
-0.8984
-1.01043
0.0958437
0.764984
1.46522
1.89794
1.51888
-0.307936
-0.574964
-0.963832
-0.639906
0.0165789
-0.864163
0.317059
0.275072
-1.23115
-0.709459
-0.961086
0.228671
1.43354
1.23017
-0.199633
-0.687387
0.317746
2.23276
1.5798
0.316569
-0.580163
-1.11667
0.250253
-1.04908
-1.25068
0.56741
0.555246
-0.0109872
-0.408488
0.0332559
0.237696
1.66358
1.07675
-0.701023
-0.820116
-0.070632
-0.285275
-0.685719
-0.99856
0.0329616
-0.817271
-1.01602
1.0014
1.55655
0.348647
0.588109
0.666982
0.108695
-0.703769
-2.11003
-1.83418
-0.616657
-1.42608
-0.716817
0.847584
0.464013
-0.0285471
-0.223668
0.706516
1.42775
2.86079
2.88365
0.420359
-1.29011
-0.825119
-0.818841
-1.01092
-0.481769
-0.206893
-0.711814
-1.89372
-0.51581
0.875052
1.58628
0.495994
0.862201
1.07106
1.012
1.95111
1.08283
-1.11962
-0.648735
-0.851017
-1.80828
-2.06942
-0.947646
0.263693
0.647558
0.848467
0.539648
-0.36454
-0.371505
1.42863
1.32151
-0.742519
-0.699061
0.532291
0.711029
0.63765
-0.181877
-1.25333
-1.46051
-0.824727
0.0354141
-0.336875
-0.223374
1.04133
1.33279
1.64062
0.832771
-0.651776
-0.193551
0.0924102
-1.683
-2.0085
-1.0328
-0.569667
0.570452
1.96475
0.89065
-0.0239364
0.696216
1.28972
0.727411
-0.113011
-1.22439
-1.03123
-0.417906
-0.674143
-0.165298
0.0106929
-1.62777
-2.20176
-0.215133
1.67741
0.388084
-0.0444393
1.02338
1.14718
1.33318
0.26693
0.0487557
-1.04653
-0.296949
-0.983256
-0.40172
0.401033
-1.23753
-1.5128
-0.719367
1.02642
0.854647
1.33906
1.34662
0.0741636
-0.287139
0.633137
1.23165
0.910172
-0.202576
-0.420359
-0.0062784
0.187175
-0.0829926
0.138027
-0.348157
-0.784113
-1.14826
-1.17386
-0.220823
-1.3735
-0.890258
0.636669
1.73588
2.25993
0.309702
-1.00033
-1.15925
-0.0419868
0.266538
0.452045
0.826983
-0.0944703
-0.325888
0.358065
-0.197279
-0.423105
-0.992674
-0.848369
0.667865
1.37664
1.07047
0.0949608
-0.491775
-1.17848
-1.6576
-0.759
0.833065
2.09689
1.90402
-0.629213
-1.41431
-1.52447
-0.743598
0.42801
0.010791
-0.579869
-0.401523
0.408096
0.677773
0.690035
0.0344331
-0.302442
0.984139
2.05716
0.552303
0.21425
0.272228
-0.677381
-1.3168
-1.07312
-0.866517
0.452241
-0.50443
-1.41961
-0.562604
-0.29636
-0.208168
0.149112
1.32141
1.01278
0.620483
1.18848
-0.403093
-1.30787
-1.50083
-0.122134
1.88509
1.70076
-0.542689
-1.15611
-0.505509
-0.591641
0.631666
1.45983
1.72028
0.882213
0.165004
-0.919687
-0.875837
-0.155587
-0.563388
-1.1824
-0.770379
-1.05095
0.231614
0.517379
0.331186
0.0358065
0.314901
0.76469
0.369347
1.21566
1.63896
-0.131258
-1.44707
-0.524246
-0.126745
0.734671
0.239266
-0.999541
-1.12393
-0.39809
0.325496
-0.399856
-0.334325
0.224943
1.43972
2.09502
0.544161
-1.2028
-0.721035
-0.494718
-0.744971
0.460383
0.182564
0.40064
0.257022
-0.030411
0.695039
-0.540825
-1.29875
-1.18907
-1.17622
-1.00484
0.237206
2.01497
2.24678
0.105457
-0.570255
-1.44285
-1.00759
0.744383
0.859356
0.372878
0.0719073
-0.251921
0.399856
0.43115
-0.693175
-0.0129492
0.17089
0.114188
0.214447
-1.35221
-0.657466
0.0240345
0.687191
1.29963
0.329322
0.579869
0.634118
0.0610182
-0.480101
-0.255747
-0.824432
-1.05673
0.0572904
0.816486
-0.0546417
-1.50034
-1.80916
-0.428991
0.947744
0.708184
0.650894
-0.513259
-0.950491
0.971582
1.11736
0.43164
-0.451554
-0.394362
0.562505
-0.358556
-0.170105
1.17485
1.00405
-0.0090252
0.486184
-0.359046
-1.49367
-0.843464
0.834537
1.47228
0.414571
-1.42942
-1.10264
-0.357575
0.105654
0.201203
0.739772
0.463915
-0.269579
-0.695823
-0.42595
0.34384
1.51202
0.754389
-0.588306
-0.831103
-1.68673
-1.10049
0.348647
0.933716
0.615185
0.0606258
-0.267617
-0.276642
0.895751
0.710735
1.141
0.0332559
-1.11834
-0.753604
-0.622346
-1.52742
-0.336875
-0.326771
0.141951
0.30411
-0.180504
0.104378
0.129001
0.643732
1.35594
1.00484
0.655995
1.24842
-0.21533
-0.478532
-0.489519
-1.31199
-0.811581
0.0007848
-0.36709
-1.3578
-0.603119
0.130277
0.532487
1.02122
1.59491
2.09865
1.07243
-0.332657
-0.827375
-0.802948
0.0314901
0.526895
0.0595467
-1.05467
-1.43363
-1.15719
0.130473
0.291847
-0.591641
-0.241522
0.799221
0.446159
0.174912
0.611653
0.295379
-0.223178
-0.320787
0.0718092
1.11216
1.10441
-1.21595
-2.27739
-1.79503
-0.285961
0.67895
1.13718
0.700924
0.599097
-0.0593505
-0.524344
0.388672
1.6163
0.360321
-0.704554
-0.204146
-0.0643536
-0.507471
-0.956966
-0.123017
0.425754
0.337366
-0.606749
-1.58834
-0.770183
0.0615087
0.0944703
0.632843
1.15287
1.02387
0.572904
-0.305778
-0.100847
0.345214
0.669336
1.31111
0.477845
-0.992968
-1.56931
-1.25352
0.458716
-0.30823
-1.29865
-0.563781
-0.186881
0.416434
0.379451
-0.116052
-0.976782
0.0996696
1.37056
1.45855
0.892808
0.745266
0.821686
0.665707
-0.442137
-1.69899
-1.51309
0.0336483
1.18662
0.357673
-0.10428
-1.29541
-1.85399
-0.0781857
1.26637
2.69451
1.98025
-0.997285
-2.49056
-2.42336
-0.238089
1.31277
1.20084
0.453811
-0.577318
-1.00523
0.0992772
0.403093
-0.489028
0.0684738
1.15209
0.96501
0.061803
-0.802164
-1.69438
-0.445864
1.17455
1.00013
0.385631
-0.391027
-0.593113
-0.428697
-0.680422
0.393381
1.06537
0.886824
0.413884
0.0297243
-0.517968
-0.717013
-0.857885
-0.539158
0.183055
-0.286648
-0.406036
-0.0385533
-0.0241326
-0.452339
0.438311
1.3629
1.16327
0.816486
-0.251332
-0.902128
0.245348
0.490696
-0.625976
-1.04035
-0.399856
0.0940779
-0.21013
-0.103299
-0.113404
-0.304699
0.495405
1.36114
1.37448
1.49504
0.239266
-1.36555
-0.744089
0.351394
0.209836
-0.989731
-1.51967
-1.84879
-0.823157
-0.693861
-0.70632
0.757136
2.02331
1.68752
0.652561
0.442235
-0.0596448
0.62941
0.985905
0.544161
-0.321768
-1.20379
-1.13315
-1.15807
-1.14237
-0.786272
-0.145678
0.295085
0.171381
-0.615774
-0.079461
0.702298
0.404957
0.471371
0.455773
0.917922
1.40734
0.679146
-0.428599
-0.874169
-0.510807
-0.643634
-0.48432
0.28086
-0.0181485
-0.558778
-0.399463
0.124096
0.314803
1.01534
0.577318
0.270265
-0.792157
-0.94382
-0.198653
0.192276
1.12305
1.1203
0.324515
-0.295673
-0.148523
-0.0385533
-0.644026
-0.882115
-0.267126
-0.141656
-0.505706
-0.408979
-0.0877014
-0.263006
0.0954513
1.09617
0.825413
-0.22926
-0.615479
-0.0455184
1.22095
1.13374
-0.116641
-0.503155
-0.295379
-0.201792
-0.354043
-0.716326
-0.133612
-0.211798
0.284981
0.321179
-0.364441
-0.530917
-0.185409
0.702985
1.32778
0.37072
-0.518949
-0.525718
-0.462149
-0.239462
-0.16314
0.390929
0.210915
-0.236911
-0.0076518
-0.148327
0.390438
0.319217
0.0240345
0.350904
0.461953
0.824236
0.449887
-0.0163827
-0.816192
-0.431051
0.235244
0.632647
-0.0366894
-1.67349
-0.904874
-0.0110853
0.304208
0.335502
0.368267
0.15647
0.0779895
-0.0740655
0.550243
0.770085
0.578888
-0.281351
-1.0171
-0.309407
0.227984
0.856805
0.0543474
-1.41195
-0.782446
-0.142147
-0.239756
-0.525718
-0.17089
0.290278
-0.213171
-0.532192
-0.194532
0.509728
0.97531
0.749582
1.03319
0.104084
0.0671004
0.0356103
-0.205029
0.0026487
0.731826
0.160295
-0.867891
-0.823844
-0.952159
-0.840128
-0.713187
-0.284588
0.141264
0.109283
0.341584
1.07557
1.97309
0.932735
-0.205029
-1.17426
-1.05526
0.445472
0.252313
-0.896438
-0.358556
0.334227
0.544259
1.02946
0.627251
-0.0803439
-0.173833
-0.155979
0.0317844
-0.0590562
-0.305582
-0.397403
-0.275857
-0.33354
-0.211111
0.248193
0.40378
0.607043
0.0869166
-0.175207
-0.397697
-0.602138
-0.272031
-0.2375
0.138223
0.32991
0.645302
-0.219155
-1.1151
-0.439488
0.192963
0.619502
1.06026
0.732807
-0.0415944
-0.595958
-0.542297
-0.401425
-0.423007
0.10173
-0.0433602
0.257022
0.865929
0.584382
-0.232399
-0.598214
-0.67483
-0.276053
-0.25663
-0.0524835
0.335796
0.84778
1.0997
-0.0161865
-0.927928
-0.716228
0.911349
0.498152
-0.458716
-0.0526797
-0.258395
-0.244661
-0.396128
-0.464602
-0.50188
-0.033354
0.548183
0.413197
0.151663
0.128511
0.692488
0.542297
-0.366698
-0.647656
-0.976585
-0.266145
0.593897
0.74399
0.528072
-0.916156
-0.844543
-0.830711
-0.662764
-0.304895
-0.14558
0.385141
1.02142
0.750171
-0.0153036
-0.289689
0.0314901
0.182172
0.315588
0.49207
0.62009
0.31961
0.038259
-0.475295
-0.548379
-0.464405
-0.605081
-0.577711
-0.607533
0.203361
0.840717
0.687092
0.136457
0.203067
-0.255551
0.267323
1.38409
1.25156
0.0269775
-0.753702
-0.645007
-0.164219
-0.273307
-1.40773
-0.795885
-0.059841
0.269481
0.728491
0.395343
-0.448415
-0.199535
-0.0968247
0.120565
0.856904
0.728589
0.578496
0.552695
0.225532
-0.185017
-1.02102
-1.40116
-0.467054
0.0401229
-0.0677871
0.0453222
-0.572806
-0.803929
0.346587
0.942447
0.760962
-0.279193
-0.247997
0.276936
0.434779
-0.382884
-0.650992
0.254668
0.530231
0.493934
0.0422811
-0.52768
-0.228769
0.403485
0.545926
-0.0566037
-0.786664
-0.85141
-0.789411
-0.187469
-0.0199143
0.574277
0.943428
0.572904
-0.0526797
-0.126647
0.65884
0.604983
-0.0260946
-0.270364
-0.267519
-0.134593
-0.0071613
-0.113011
0.0587619
0.250646
-0.544847
-0.725548
-0.446453
0.113011
0.381413
0.140479
-0.320395
-0.271345
0.129001
0.478041
0.917922
0.671789
0.010791
-0.477158
-0.267617
0.402014
0.151564
-0.0395343
-0.240247
-0.0280566
0.0414963
0.168143
-0.341682
-0.638337
-0.515417
-0.0956475
0.481475
0.409077
-0.0916254
0.0762237
0.302246
0.576239
0.357378
-0.81992
-0.264085
0.412805
-0.302933
-1.00837
-0.920374
-0.110166
0.403289
0.619796
0.552205
-0.0093195
0.151761
0.0671004
0.0136359
0.328341
0.700826
0.994734
0.0739674
-0.652659
-0.662862
-0.597233
-0.186881
-0.532781
-0.919197
-0.660213
-9.81e-05
0.867498
0.856413
0.588894
0.472646
0.363068
0.200124
-0.240639
-0.416042
-0.33354
-0.255649
0.204735
0.280468
-0.148425
-0.596448
-0.649814
-0.810306
-0.413001
0.341878
0.748699
0.535528
-0.321277
0.160688
0.248095
0.054936
-0.0223668
0.0715149
0.304502
0.394852
0.739183
0.467152
-0.273601
-0.540433
-0.377979
-0.39858
-0.656976
-0.627055
-0.545142
-0.0243288
0.407409
0.44302
0.238187
0.166574
0.828945
1.1616
0.209345
-0.195513
-0.313626
-0.450377
-0.867204
-0.835027
-0.790882
-0.552695
0.102514
0.298518
0.363264
0.458127
0.575062
0.181681
0.204342
0.836597
0.791961
0.198653
-0.496975
-0.531015
0.0167751
0.487949
-0.104967
-0.579673
-1.04977
-1.24862
-0.588011
0.134005
0.660507
0.588208
0.234263
0.04905
0.266047
0.151172
0.269775
0.63147
0.289689
-0.303718
-0.866321
-0.531408
0.122821
0.654033
0.985905
-0.177953
-0.841796
-0.517772
-0.118701
0.0567999
-0.263006
-0.471076
0.257218
0.660311
0.523854
-0.123312
-0.433406
0.169811
0.505706
0.183839
-0.45744
-0.139302
0.369248
0.0493443
-0.114679
-0.301658
0.010791
0.141656
0.0113796
0.105065
0.205519
0.0221706
-0.491383
-0.534939
-0.306759
-0.106635
0.336875
0.183839
0.377293
0.16883
-0.0361008
-0.0919197
-0.0037278
0.171577
0.257512
-0.0450279
-0.316471
-0.33148
0.333148
0.591347
0.115267
-0.0628821
-0.189627
-0.441842
-0.233086
-0.152349
-0.327458
0.348353
0.250842
-0.374644
-0.497858
-0.151172
0.547594
0.658643
-0.276151
-0.343939
-0.0163827
0.305483
-0.0359046
-0.201694
-0.0384552
0.289787
0.190314
-0.66757
-0.485301
-0.0841698
0.109872
0.227788
0.358654
-0.0973152
-0.149602
0.389065
0.563977
0.255649
0.022563
-0.276151
0.16883
0.0937836
-0.640985
-0.68513
-0.10222
0.445472
-0.177659
-0.520519
0.104967
0.557404
0.217978
0.140381
0.723291
0.685032
0.182662
-0.68876
-0.266243
0.540041
0.413982
-0.506392
-1.08116
-0.794708
-0.279585
-0.233478
0.459206
0.896928
0.87515
0.536607
-0.0211896
-0.209934
0.0354141
-0.277721
-0.0340407
0.236813
0.0177561
-0.387201
-0.590464
-0.158137
-0.135672
0.0325692
-0.0859356
-0.302737
0.0757332
0.307347
0.391027
0.646087
0.334227
0.0341388
0.333246
0.353062
-0.0175599
-0.647166
-0.477158
-0.0330597
0.480298
-0.0970209
-0.791373
-1.12756
-0.740459
0.404761
0.317255
0.0390438
0.040221
0.301559
0.14303
0.148033
0.469212
0.310781
0.0720054
0.12596
-0.149602
-0.258592
-0.201105
-0.23495
-0.444491
-0.531506
0.292828
0.406821
-0.241032
-0.359536
0.0916254
0.907033
1.04163
0.176972
-0.452535
-0.168241
0.281939
0.574081
0.122233
-0.631274
-0.993164
-0.961674
-0.417415
0.0481671
0.181485
0.127039
0.370327
0.411529
0.583695
0.292927
0.21425
0.211209
-0.13577
-0.29067
0.163827
0.176678
-0.0094176
-0.391517
-0.268303
-0.239364
-0.139106
-0.0537588
-0.0953532
-0.258297
0.0524835
0.111932
0.351002
0.561426
0.419966
-0.0182466
-0.21994
0.309113
0.478336
-0.031392
-0.318923
-0.442039
0.041202
0.202184
-0.0720054
-0.177169
-0.571433
-0.444883
-0.0560151
0.348549
0.278114
0.325398
-0.0861318
-0.536215
0.0551322
0.405545
-0.261633
0.0817173
0.592524
0.41977
0.14558
-0.238383
-0.819626
-0.526503
-0.203459
-0.240247
-0.118995
0.279977
0.604394
0.326182
0.0099081
-0.0040221
-0.0851508
-0.302737
-0.20964
0.340407
-0.0524835
0.176776
0.449887
-0.0301167
-0.758019
-0.964127
-0.469409
-0.0980019
0.0986886
0.541414
0.358359
0.185017
-0.106733
-0.373467
-0.367875
-0.185213
0.408096
0.622052
0.452535
0.139596
-0.0817173
-0.525326
-0.413982
-0.345018
-0.314901
0.0526797
0.268009
0.360027
-0.0167751
-0.168634
-0.0082404
0.150191
0.0567999
-0.0277623
0.355612
0.128413
-0.0498348
0.0465975
0.411529
0.540629
-0.127138
-0.768319
-0.126353
0.470193
-0.0154998
-0.100553
-0.0361008
0.0817173
-0.236813
-0.509531
-0.135084
0.271737
0.326869
0.179817
-0.217488
-0.0206991
0.0416925
-0.176286
0.151368
0.0947646
-0.0606258
0.0673947
-0.129786
0.0785781
0.115071
-0.0069651
-0.0722997
0.303227
0.457244
0.114973
-0.615381
-0.519538
0.0321768
0.0619992
-0.209051
-0.134789
-0.136065
0.0858375
0.0851508
0.0988848
0.134691
-0.140381
-0.0472842
-0.0475785
-0.273601
-0.0385533
0.167947
-0.120271
-0.454497
-0.0913311
0.49619
0.533566
0.299205
0.177169
0.347078
0.431444
0.420359
-0.146561
-0.24731
-0.120663
-0.104476
-0.232399
-0.779797
-0.669729
-0.201105
0.221019
0.306661
0.0524835
-0.165593
0.11821
0.626565
0.555933
0.112128
-0.112619
-0.336385
0.146954
0.645498
0.0305091
-0.497956
-0.529053
-0.353258
-0.280762
-0.154704
-0.213171
0.0630783
0.534547
0.414374
0.133907
0.277525
0.286158
0.0599391
0.0367875
0.108695
-0.207972
-0.60204
-0.424871
0.147641
0.31029
-0.296164
-0.577809
-0.326281
0.120859
0.474215
0.708871
0.535332
0.439096
0.568195
-0.195023
-0.5628
-0.429874
-0.407507
-0.559072
-0.436447
-0.150289
0.0043164
0.0033354
-0.18433
0.141558
0.491677
0.423694
0.163631
0.249272
0.424773
-0.0959418
-0.257807
-0.103201
0.199437
0.414669
0.247702
0.0192276
-0.170498
-0.219057
-0.464209
-0.142735
0.206304
-0.201203
-0.323926
-0.160884
0.110363
-0.0963342
-0.35522
-0.183938
0.12135
0.258199
0.491383
0.264281
-0.232399
0.214152
0.463523
0.105752
-0.202576
-0.273405
-0.0116739
-0.023544
-0.273993
-0.204146
-0.0346293
0.302148
0.0229554
-0.24162
-0.181387
0.0440469
0.215035
0.385337
0.416631
0.235342
-0.130767
-0.356299
-0.468231
-0.0075537
0.247702
0.210817
-0.230731
-0.748111
-0.609495
-0.177953
0.283509
0.378274
0.409371
0.54887
0.377391
0.337366
0.241522
-0.0300186
-0.261535
-0.285765
0.0518949
0.249959
-0.0668061
-0.48432
-0.548771
-0.428991
-0.0473823
-0.0727902
0.0007848
0.276936
0.15539
0.0338445
-0.323926
-0.103005
0.333442
0.33717
0.02943
-0.0178542
0.165887
0.330989
-0.0303129
-0.0017658
0.125862
-0.189725
-0.382001
-0.495797
0.0178542
0.387495
0.189627
-0.246427
-0.137438
-0.0425754
-0.156371
-0.0821097
0.0481671
0.330695
0.244563
0.115464
-0.20032
-0.072594
0.337268
-0.0581733
-0.198358
-0.0433602
-0.0254079
-0.198751
-0.204833
-0.110461
0.0034335
-0.0016677
-0.011772
0.285961
0.392792
0.0230535
-0.180798
-0.326182
-0.166574
0.158235
0.141558
0.463523
0.0350217
-0.0543474
0.280566
0.336385
-0.0170694
0.142147
0.190804
0.169321
0.0016677
-0.247997
-0.242896
-0.25712
-0.471371
-0.110951
0.27311
0.224943
0.0993753
-0.111049
0.0454203
0.131356
-0.0148131
-0.416827
-0.361891
-0.0659232
0.180896
0.0034335
-0.109872
-0.0668061
-0.149308
0.0512082
0.0732807
0.0866223
0.507079
0.55917
0.227592
-0.0527778
-0.185311
-0.405055
-0.397501
-0.414276
-0.152153
0.15696
0.281056
0.384846
0.104084
-0.161571
-0.265851
-0.190706
0.0413982
0.595565
0.455184
0.0206991
-0.108695
0.162846
0.285961
-0.244759
-0.533566
-0.203754
-0.177169
-0.0020601
-0.0023544
-0.0444393
0.150485
0.0621954
-0.0709263
0.0861318
0.177855
0.232105
0.0181485
0.040221
-0.026487
-0.0948627
-0.0563094
0.017658
0.172852
-0.101141
-0.251823
-0.143324
-0.0603315
0.227298
0.16059
-0.342271
-0.372584
0.144305
0.458323
0.423988
-0.0466956
-0.331186
-0.232203
-0.0464994
0.0505215
-0.158235
-0.0523854
0.0093195
-0.106635
-0.0875052
-0.115464
-0.0422811
-0.0103005
0.118603
0.274876
0.289395
0.0845622
-0.123508
0.115169
-0.0087309
-0.0777933
0.103103
0.116641
0.0661194
-0.217586
-0.34129
-0.292534
-0.364245
-0.267617
0.102514
0.455184
0.377881
-0.165789
-0.551322
-0.10997
0.367875
0.173931
-0.113502
0.0946665
0.212387
0.176678
0.0407115
-0.24937
-0.182172
-0.286942
-0.280762
-0.0583695
0.179719
0.10634
0.107321
0.385141
0.406821
0.156077
0.043164
0.0361008
0.0803439
0.0893691
0.157058
0.0900558
0.168438
0.128315
-0.0089271
-0.367777
-0.387691
-0.235734
0.0070632
0.120663
0.0038259
0.0083385
-0.0032373
0.0811287
0.121153
0.122331
0.175697
-0.0551322
0.0361989
0.10791
0.114581
-0.0582714
-0.234067
-0.342173
-0.308426
-0.0370818
-0.0651384
0.170498
0.267224
0.279879
0.32167
-0.0520911
-0.289395
-0.222098
-0.0224649
-0.140577
-0.211307
-0.382001
-0.162748
0.326673
0.269677
-0.0610182
-0.0629802
0.071613
0.0494424
-0.0199143
0.0466956
0.160099
-0.184036
-0.334521
0.0281547
0.264674
0.317746
0.11409
-0.147739
0.0600372
0.0849546
-0.185017
-0.354337
-0.193159
-0.0458127
0.197279
-0.0080442
0.0503253
0.257709
0.050031
0.0632745
-0.0017658
-0.294006
-0.139989
0.00981
0.117622
0.169811
0.0064746
0.0700434
0.120271
0.091233
-0.235636
-0.489323
-0.178934
0.226709
0.338151
0.272522
0.0411039
-0.147837
-0.0227592
0.0045126
0.0254079
0.0531702
-0.0695529
-0.283411
-0.24731
-0.0850527
0.153527
0.0037278
-0.341878
-0.240051
0.263987
0.412609
0.241424
0.226905
0.283019
-0.0036297
-0.433994
-0.405742
-0.0311958
0.0773028
0.0330597
0.135378
0.168241
0.100945
0.0827964
0.0242307
-0.104673
-0.229456
-0.176678
0.0247212
0.0321768
0.0305091
-0.034335
-0.131356
-0.102318
0.0007848
0.108106
0.245152
0.109283
0.245544
0.36454
0.147052
0.129492
0.0369837
-0.413492
-0.544259
-0.391321
-0.080442
-0.0826983
-0.147641
0.0257022
0.248487
0.0984924
-0.101141
0.154998
0.340996
0.187861
0.0003924
0.0393381
0.0911349
-0.123802
-0.0730845
0.0616068
0.181191
-0.0483633
-0.463424
-0.298911
0.100847
0.183938
0.0874071
-0.0802458
0.046107
0.237304
0.134593
-0.183447
0.0482652
0.23387
-0.073575
-0.403976
-0.375723
-0.117328
0.302638
0.28812
0.0483633
0.020601
0.0762237
-0.124096
-0.0525816
-0.0984924
0.0644517
0.0927045
-0.084366
0.243288
0.31392
0.0449298
-0.267224
-0.261338
-0.187273
0.0623916
0.334325
0.241326
0.0184428
-0.270756
-0.434191
-0.153527
0.215722
0.223079
0.0758313
0.0945684
0.149701
-0.0474804
-0.129296
0.0086328
0.103005
0.117622
-0.0170694
-0.0975114
-0.0087309
-0.0440469
-0.206991
-0.130964
-0.0861318
-0.207776
0.0516987
0.0871128
0.0775971
0.0665118
0.0385533
0.0617049
-0.121742
-0.0031392
0.135967
0.0467937
-0.149504
-0.123312
-0.0727902
-0.0928026
-0.161767
-0.134201
0.157549
0.304699
0.136065
0.171479
0.196592
0.0615087
-0.212092
-0.124391
0.0624897
0.0080442
-0.253981
-0.218174
-0.0857394
-0.0790686
0.215526
0.408979
0.152546
-0.121742
-0.131258
0.193551
0.327163
-0.0731826
-0.35365
-0.16883
0.0072594
-0.0544455
-0.0045126
0.152153
0.16059
0.0852489
0.0566037
0.0923121
0.163631
0.131552
-0.154213
-0.254373
-0.184722
-0.114973
-0.0153036
-0.0164808
-0.0405153
-0.116347
-0.0224649
-0.0198162
0.10016
0.0624897
0.0759294
0.197868
0.279683
-0.0085347
-0.212387
0.0321768
0.176482
0.0800496
0.0022563
-0.20444
-0.285177
-0.340211
-0.292436
-0.0465975
0.13165
0.275269
0.147542
0.0336483
0.042183
0.143815
0.344527
0.376312
0.208855
0.0113796
-0.207089
-0.412903
-0.263497
0.0909387
0.0007848
-0.20238
-0.222883
-0.0307053
0.110853
0.0540531
-0.111442
-0.0114777
0.0293319
0.0623916
0.0973152
0.0443412
0.190118
0.189431
-0.127432
-0.17609
0.0929988
0.228279
0.0502272
-0.220529
-0.281939
-0.245839
-0.129296
-0.300578
-0.0870147
0.18482
0.301461
0.38622
0.247997
0.0415944
0.0069651
0.0401229
-0.261338
-0.288905
-0.186586
-0.0407115
-0.0179523
-0.172264
-0.192472
0.0299205
0.0365913
0.0701415
-0.0054936
0.14146
0.286844
0.227298
-0.0319806
-0.176678
-0.135084
0.0140283
0.0888786
-0.0257022
-0.155979
-0.104476
-0.0024525
0.19051
0.16883
0.0493443
0.0538569
0.18021
0.220333
0.10742
-0.0359046
-0.091233
-0.0198162
-0.187371
-0.341682
-0.255452
-0.126647
0.0916254
0.325103
0.27674
-0.0947646
-0.192374
0.095157
0.36503
0.161767
-0.182858
-0.0753408
0.113894
0.0499329
-0.258984
-0.324515
0.0324711
0.213171
-0.0552303
-0.166083
0.176874
0.287433
-0.0080442
-0.25094
-0.178836
0.0324711
-0.0218763
-0.0198162
0.114188
0.284
0.185311
-0.0071613
0.0086328
-0.0952551
-0.117524
0.0699453
0.239953
0.21631
-0.0948627
-0.0865242
0.0826002
-0.0041202
-0.303521
-0.370916
-0.21788
-0.0730845
0.108597
0.296752
0.275367
-0.0273699
-0.063765
0.146463
0.149504
-0.0591543
-0.178248
-0.145678
-0.129884
-0.0940779
-0.0633726
0.0307053
0.0416925
0.0658251
0.0540531
0.0604296
-0.0092214
0.156371
0.224845
-0.0103986
-0.237696
-0.103005
0.0340407
-0.0622935
-0.147248
-0.123214
0.252117
0.394166
0.0995715
0.031392
0.0992772
-0.0213858
-0.116739
-0.0052974
-0.134887
-0.289787
-0.0820116
0.134201
0.0659232
-0.164514
-0.164514
0.174716
0.278898
0.0712206
-0.120074
-0.0119682
0.0393381
-0.228082
-0.362872
-0.147837
-0.0239364
0.0007848
0.0292338
0.281547
0.495307
0.249076
-0.116543
-0.295183
-0.0571923
0.142343
0.004905
-0.0821097
-0.168045
-0.0413001
0.142539
0.0924102
-0.155881
-0.22769
-0.0966285
0.128805
0.0318825
-0.0422811
0.0567999
0.0722016
0.0023544
0.0835812
0.129884
0.0808344
-0.0074556
0.001962
0.0116739
-0.106046
-0.311271
-0.287041
-0.0962361
0.051993
0.0351198
0.154409
0.209051
0.244073
0.150878
0.0904482
0.208659
0.0729864
-0.128511
-0.289886
-0.175599
-0.0479709
-0.012753
0.022563
0.155292
0.11203
-0.183643
-0.138615
0.123017
0.083385
-0.0900558
0.018639
0.0885843
-0.0780876
-0.126058
-0.0699453
0.0710244
0.0850527
-0.147052
-0.194925
0.11566
0.275465
0.0377685
-0.166378
-0.143226
0.005886
0.122919
0.154802
0.0837774
-0.0307053
-0.157843
-0.0682776
0.0662175
0.0774009
-0.030411
-0.0134397
0.128021
0.0812268
-0.085347
-0.0642555
0.0681795
0.0428697
-0.170105
-0.136261
0.0410058
0.120663
-0.146659
-0.132926
0.206991
0.297145
0.0702396
-0.0104967
-0.0295281
-0.108204
-0.161963
-0.214839
-0.105556
0.0059841
0.0154017
0.117916
0.149995
0.13165
0.0711225
0.0364932
0.0875052
0.198162
0.140185
0.089271
-0.0930969
-0.173245
-0.122625
-0.219842
-0.237206
-0.357869
-0.268205
-0.0204048
0.136457
0.363853
0.3924
0.269284
0.0358065
0.0425754
0.0554265
-0.0619992
-0.121546
-0.127922
-0.195121
-0.278506
-0.214839
-0.0330597
0.091233
0.0864261
-0.0405153
-0.154998
0.0141264
0.290572
0.334423
0.28037
0.0311958
-0.0630783
-0.237598
-0.280468
-0.108597
0.0065727
0.247899
0.240443
0.0523854
-0.110951
-0.176482
-0.298126
-0.236421
0.0116739
0.150191
0.137732
0.11154
0.229652
0.221314
0.0639612
-0.264968
-0.254962
0.0891729
0.0978057
-0.0566037
-0.0720054
0.0563094
0.0075537
-0.163631
-0.16265
-0.0129492
0.17658
0.233184
0.179033
0.112913
0.0405153
-0.13165
-0.19571
-0.124195
-0.0315882
-0.0781857
-0.0306072
-0.0136359
0.0099081
0.0463032
0.0445374
0.157254
0.18227
0.13685
-0.131062
-0.173539
0.0712206
0.0623916
0.0223668
-0.0607239
0.040221
0.0388476
-0.0046107
-0.0136359
-0.0158922
-0.0995715
-0.160393
0.0004905
0.109578
0.196789
0.12959
0.0120663
-0.0381609
-0.0628821
-0.0709263
-0.0438507
0.0610182
0.0525816
-0.120663
-0.0877995
-0.0962361
-0.037278
0.112128
0.138615
0.155881
0.105752
0.037278
-0.105556
-0.117524
-0.011772
0.137929
0.110363
0.0354141
0.0229554
-0.144501
-0.173637
-0.101828
0.0052974
0.0269775
-0.0140283
-0.0846603
-0.0555246
0.0719073
0.124783
-0.0154017
-0.0452241
0.0139302
0.0940779
0.128707
0.0703377
-0.086328
-0.124783
-0.131062
-0.0177561
-0.0115758
-0.0621954
-0.113894
-0.0383571
-0.0296262
-0.0167751
0.0101043
-0.112815
-0.115562
-0.0248193
0.097119
0.108302
0.0346293
0.0609201
0.207972
0.126647
-0.141362
-0.166966
0.0162846
0.120074
-0.0027468
-0.226121
-0.141951
0.0815211
0.104967
-0.0263889
0.0038259
0.0070632
-0.090252
-0.108597
0.0076518
0.125274
-0.0145188
-0.202576
-0.149014
0.105752
0.191589
0.213171
0.246427
0.043164
-0.309604
-0.438311
-0.167064
-0.007848
0.115954
0.129296
0.0317844
0.0614106
-0.0158922
0.0663156
-0.0308034
-0.0017658
0.10742
0.222491
0.207972
-0.0171675
-0.051993
-0.0934893
-0.197573
-0.245152
-0.195023
0.0968247
0.1704
0.129492
0.152251
0.194532
0.0180504
-0.0384552
-0.0988848
-0.181485
-0.0868185
0.0895653
0.0612144
-0.0651384
-0.103005
-0.0710244
0.0442431
0.120957
0.108008
0.0740655
0.121742
0.163925
0.0364932
-0.170694
-0.205323
-0.0782838
-0.0203067
-0.0722016
-0.0919197
-0.0084366
0.0877014
0.0643536
0.0471861
0.0839736
0.08829
-0.0169713
-0.0754389
-0.0359046
0.0727902
0.0904482
-0.0504234
-0.141264
0.10428
0.0981
-0.169615
-0.216703
0.0003924
0.105163
0.0852489
0.0272718
0.0835812
0.118014
0.0301167
-0.0810306
0.0275661
0.140773
0.101533
-0.158039
-0.246133
-0.193159
-0.0738693
-0.0464013
-0.114188
-0.083385
0.0453222
0.114973
0.219548
0.150387
0.0705339
0.0610182
-0.0330597
0.0020601
0.0908406
0.0515025
-0.110853
-0.0985905
-0.0271737
-0.108204
-0.228965
-0.252706
0.008829
0.154017
0.090252
-0.105457
0.0121644
0.141264
0.100651
-0.0045126
-0.0206991
0.0874071
0.149799
-0.071613
-0.11978
-0.0881919
-0.0443412
-0.0567018
-0.191687
-0.198653
-0.085347
0.147837
0.189725
0.12959
0.0528759
0.0740655
0.15696
0.0625878
-0.0044145
-0.0056898
-0.0258984
-0.17609
-0.164906
-0.0012753
-0.0405153
-0.143618
-0.0475785
0.149602
0.168241
0.0354141
-0.0042183
0.0786762
0.0489519
0.0322749
-0.0266832
0.0331578
0.0926064
0.0758313
0.122527
0.0744579
-0.0999639
-0.180013
-0.0957456
-0.0205029
0.05886
0.027468
-0.0748503
-0.0802458
0.0710244
0.0388476
-0.0044145
0.0763218
0.14509
0.0311958
0.0842679
0.0928026
0.0625878
-0.0531702
-0.158235
-0.0446355
0.0641574
-0.0468918
-0.121448
-0.0023544
0.125078
0.07848
-0.0118701
-0.050031
-0.030411
0.0728883
0.135182
0.169517
0.111343
-0.0400248
-0.0846603
-0.0913311
-0.153821
-0.131846
0.0595467
0.181976
0.168241
0.0564075
-0.0418887
-0.0743598
-0.0384552
0.0181485
0.0309015
-0.0695529
-0.159903
-0.11566
-0.0855432
-0.055917
-0.11409
0.0375723
0.170204
0.0619011
0.0140283
0.0919197
0.128707
0.0945684
0.0151074
-0.0858375
-0.198456
-0.163925
0.0707301
0.115856
-0.0800496
-0.264085
-0.0236421
0.15853
0.0257022
-0.0592524
0.0199143
0.123606
0.0712206
-0.0064746
-0.120565
-0.031392
0.0177561
-0.0631764
-0.0110853
-0.0542493
-0.151368
-0.12753
0.0386514
0.166476
0.167457
0.106831
0.0614106
0.0463032
0.0563094
0.0516987
-0.0526797
-0.0886824
-0.119388
-0.238383
-0.154507
-0.0626859
0.0381609
0.047088
-0.0420849
-0.0309996
0.0534645
0.112226
0.1136
0.0020601
-0.140185
-0.0485595
0.115071
0.142441
0.0308034
-0.0711225
-0.0582714
-0.0663156
-0.124979
-0.0997677
0.011772
-0.0260946
-0.073575
0.0172656
0.175795
0.128903
-0.0239364
0.0123606
0.106831
0.0400248
0.0213858
-0.0620973
-0.0793629
-0.0714168
-0.112324
-0.124489
-0.0563094
0.0463032
0.0832869
0.140479
0.110461
0.136359
0.157254
0.055917
0.0585657
0.116935
0.0246231
-0.176482
-0.214643
-0.0413982
-0.0126549
-0.0556227
-0.0928026
-0.0044145
-0.0005886
0.0528759
0.1962
0.173245
0.0272718
-0.0399267
0.0320787
0.0609201
-0.0096138
-0.130375
-0.0877995
0.0103005
-0.0072594
0.0083385
0.0645498
0.0895653
-0.0507177
-0.0683757
-0.011772
0.0290376
-0.103103
-0.0994734
0.0844641
0.164906
0.023544
-0.124685
-0.0636669
0.0306072
-0.074556
-0.190412
-0.0774009
0.125176
0.0450279
-0.0122625
0.0398286
0.115267
0.100847
-0.0050031
-0.0553284
-0.0777933
-0.093195
-0.0659232
-0.0028449
-0.0397305
-0.0763218
-0.113306
-0.0826002
0.118799
0.238579
0.192668
0.195317
0.163827
0.0391419
-0.0939798
-0.162748
-0.186586
-0.191884
-0.176188
-0.0447336
0.0282528
0.00981
0.0465975
0.114483
0.150387
0.114286
0.0038259
0.0541512
0.0541512
-0.0625878
-0.0935874
-0.0983943
-0.176972
-0.252313
-0.139008
0.107223
0.159511
0.120565
0.0535626
0.0928026
0.0772047
0.0307053
0.0031392
-0.0309996
-0.0170694
-0.0677871
0.0462051
0.0596448
0.0416925
-0.0139302
-0.0947646
-0.132533
-0.0574866
-0.0061803
-0.0157941
0.0644517
0.0694548
0.0569961
0.0307053
-0.0360027
-0.0010791
0.0282528
0.0131454
-0.0128511
-0.0103986
0.0704358
0.0250155
0.0174618
-0.0075537
-0.0411039
-0.0338445
-0.0361989
-0.047088
0.0244269
0.0405153
-0.0506196
-0.0661194
-0.0077499
0.0761256
0.0709263
-0.0045126
0.0085347
0.0070632
-0.0555246
-0.0997677
-0.067689
0.0650403
0.0610182
-0.0699453
-0.0664137
-0.0211896
-0.011772
-0.0721035
0.0620973
0.203656
0.11821
0.0299205
-0.0151074
0.0154998
-0.020601
-0.0909387
-0.0055917
0.061803
-0.0599391
-0.0666099
0.0385533
0.0397305
-0.0600372
-0.0090252
-0.0006867
-0.0832869
-0.156764
-0.0403191
0.1136
0.170204
0.0301167
-0.0296262
-0.0413982
-0.100356
-0.0753408
0.0738693
0.128609
0.0876033
0.0993753
0.0330597
-0.0781857
-0.0836793
-0.0083385
0.0136359
-0.0920178
-0.220627
-0.113796
0.0496386
0.154213
-0.0192276
-0.160197
-0.0649422
0.0455184
0.101632
0.191687
0.198653
0.0336483
-0.0903501
-0.030411
0.0082404
0.0355122
-0.0590562
-0.0908406
-0.0607239
-0.111638
-0.0505215
-0.0300186
-0.0048069
0.026487
0.0007848
0.014715
0.0265851
0.0483633
0.0822078
0.0424773
0.0135378
-0.0151074
-0.0099081
-0.0219744