-0.0223668
0.0087309
0.0291357
0.0191295
-0.0066708
-0.0204048
-0.0126549
0.0038259
0.0038259
-0.0248193
-0.0548379
-0.0527778
-0.0365913
-0.0192276
0.0115758
0.0416925
0.0505215
0.0351198
-0.0008829
-0.0391419
-0.0532683
-0.0260946
0.0194238
0.0444393
0.0341388
0.0067689
-0.0172656
-0.0257022
-0.0177561
-0.0087309
-0.0083385
-0.0122625
0.0018639
0.028449
0.0386514
0.0209934
-0.0138321
-0.0416925
-0.051012
-0.051993
-0.043164
-0.0291357
-0.022563
-0.0230535
-0.0257022
-0.014715
0.0121644
0.0352179
0.0462051
0.0368856
0.0066708
-0.030411
-0.059841
-0.0566037
-0.0229554
-0.0003924
-0.003924
-0.0192276
-0.0322749
-0.0242307
0.0059841
0.0194238
0.0059841
0.0077499
0.0206991
0.0120663
0.006867
0.0416925
0.10173
0.152938
0.158137
0.0976095
-0.0021582
-0.0881919
-0.117524
-0.0850527
-0.0149112
0.0452241
0.0552303
0.0257022
-0.0099081
-0.0433602
-0.0781857
-0.0937836
-0.0973152
-0.0856413
-0.0399267
0.0152055
0.057879
0.0957456
0.112913
0.0933912
0.0368856
-0.047088
-0.105457
-0.0981981
-0.0527778
-0.0082404
0.0401229
0.102613
0.132926
0.117916
0.0872109
0.0355122
-0.0236421
-0.0481671
-0.0354141
-0.0198162
-0.0070632
0.0072594
-0.0103005
-0.0509139
-0.0488538
0.0102024
0.0950589
0.152447
0.123704
0.0175599
-0.11978
-0.23544
-0.267911
-0.220627
-0.138419
-0.0390438
0.042183
0.0711225
0.069651
0.0691605
0.0797553
0.0691605
0.0346293
-0.0036297
-0.0458127
-0.0730845
-0.0740655
-0.0397305
0.0158922
0.0460089
0.0545436
0.0599391
0.044145
-0.0064746
-0.0919197
-0.156764
-0.118897
-0.0083385
0.0595467
0.0518949
0.0299205
0.0307053
0.0357084
0.0273699
0.0105948
-0.0007848
0.0054936
0.0557208
0.150878
0.225139
0.206795
0.0699453
-0.141362
-0.317648
-0.386612
-0.320591
-0.136948
0.0557208
0.150485
0.132043
0.0524835
0.0084366
0.057879
0.146659
0.172362
0.134103
0.0860337
0.0338445
-0.0187371
-0.0628821
-0.112717
-0.150584
-0.129001
-0.075537
-0.0521892
-0.0312939
0.0185409
0.0707301
0.0960399
0.0710244
0.0053955
-0.0426735
-0.0207972
0.0687681
0.158137
0.187763
0.155096
0.0742617
-0.0360027
-0.142049
-0.193944
-0.150682
-0.0252117
0.0785781
0.086328
0.0615087
0.0361989
0.0145188
0.0191295
0.0563094
0.0962361
0.0779895
0.0110853
-0.0511101
-0.111245
-0.159511
-0.164514
-0.136555
-0.0907425
-0.0181485
0.0877995
0.181583
0.179131
0.0815211
-0.0567999
-0.206795
-0.284981
-0.204637
-0.0006867
0.176384
0.232105
0.1962
0.114875
0.0339426
0.0093195
0.0178542
-0.0045126
-0.0778914
-0.19414
-0.290866
-0.271541
-0.0893691
0.212779
0.469212
0.474215
0.190412
-0.198751
-0.460383
-0.517674
-0.41359
-0.196592
0.0391419
0.178444
0.221608
0.20807
0.165495
0.125372
0.101141
0.106733
0.109283
0.0376704
-0.0806382
-0.14872
-0.133122
-0.0871128
-0.0385533
0.0005886
-0.0104967
-0.0393381
-0.0535626
-0.0870147
-0.167064
-0.247114
-0.221804
-0.0816192
0.0629802
0.140283
0.138517
0.0925083
0.0593505
0.0512082
0.0766161
0.0929007
0.0454203
-0.0442431
-0.0974133
-0.048069
0.0900558
0.227788
0.277623
0.234165
0.153723
0.097119
0.0830907
0.0717111
-0.0077499
-0.151761
-0.301952
-0.389457
-0.396324
-0.350511
-0.275759
-0.151859
0.0179523
0.182368
0.31343
0.40427
0.443314
0.427127
0.349628
0.215526
0.0444393
-0.122429
-0.242896
-0.352277
-0.41202
-0.361891
-0.301461
-0.248684
-0.12184
0.0640593
0.227984
0.279193
0.151761
-0.0802458
-0.265164
-0.288022
-0.135869
0.043164
0.104378
0.0937836
0.0907425
0.0705339
0.0134397
-0.0192276
0.0246231
0.0435564
-0.0288414
-0.107027
-0.177659
-0.244956
-0.213956
-0.044145
0.13165
0.224257
0.260652
0.221804
0.0455184
-0.20444
-0.393675
-0.495209
-0.564467
-0.508158
-0.320002
-0.135967
0.0399267
0.233086
0.388182
0.462345
0.484418
0.460089
0.334913
0.134299
-0.0509139
-0.153919
-0.175403
-0.0996696
0.0546417
0.1394
0.0795591
-0.0469899
-0.0973152
-0.0445374
-0.036297
-0.0885843
-0.110166
-0.0732807
-0.0031392
0.0038259
-0.0541512
-0.0741636
-0.0497367
0.0101043
0.0927045
0.131454
0.155096
0.10585
-0.018639
-0.0730845
-0.0342369
0.11154
0.350217
0.468526
0.341682
0.0633726
-0.212779
-0.348745
-0.286942
-0.140283
-0.0266832
-0.0028449
-0.0231516
0.0010791
0.0342369
-0.0085347
-0.134201
-0.270854
-0.288316
-0.154213
0.0564075
0.32216
0.584872
0.706811
0.627251
0.354043
0.0025506
-0.258199
-0.302933
-0.0977076
0.0887805
0.0919197
0.0885843
0.109382
0.0454203
-0.0593505
-0.132337
-0.177463
-0.254471
-0.305091
-0.277231
-0.203263
-0.076518
0.0984924
0.247016
0.255256
0.136163
0.025506
0.0443412
0.11566
0.0870147
-0.0247212
-0.0905463
-0.194728
-0.34335
-0.323534
-0.184722
-0.103888
-0.103397
-0.106929
-0.118309
-0.154409
-0.171871
-0.216507
-0.269284
-0.216703
-0.111049
-0.0870147
-0.111442
-0.0895653
0.0177561
0.129394
0.0746541
-0.136065
-0.349628
-0.386906
-0.298224
-0.220136
-0.0969228
0.0555246
0.13891
0.162552
0.120369
0.0973152
0.126941
0.225041
0.32942
0.257807
0.0522873
-0.0770085
0.0596448
0.301363
0.389261
0.311075
0.214152
0.183153
0.10791
0.0103005
-0.0170694
0.0232497
0.096138
0.142245
0.0827964
-0.0590562
-0.096138
0.0580752
0.210621
0.299597
0.327262
0.321964
0.356986
0.385533
0.436839
0.432915
0.28861
0.11615
0.0767142
0.0543474
-0.157745
-0.41977
-0.440763
-0.244367
-0.125862
-0.170105
-0.193453
-0.162061
0.0006867
0.386122
0.703181
0.662567
0.405153
0.226317
0.141755
0.0105948
-0.0770085
-0.084366
-0.14352
-0.0982962
0.112815
0.185703
0.102318
-0.0566037
-0.207089
-0.265557
-0.432817
-0.578201
-0.449298
-0.0502272
0.462738
0.697589
0.522284
0.176874
-0.210326
-0.453516
-0.311566
0.0103986
0.105163
0.0884862
0.258493
0.552107
0.735848
0.619502
0.221412
-0.242994
-0.636963
-0.852391
-0.834733
-0.713677
-0.529053
-0.102024
0.500702
0.888492
0.807167
0.318335
-0.358359
-0.977468
-1.1563
-0.700924
-0.0074556
0.533075
0.888492
1.12285
1.08538
0.616166
-0.0603315
-0.700532
-1.19319
-1.4716
-1.48386
-1.06645
-0.297341
0.363559
0.642653
0.644419
0.620286
0.707497
0.839932
0.861024
0.568489
0.025506
-0.366894
-0.468918
-0.441744
-0.336385
-0.174716
-0.0823059
-0.053955
0.0998658
0.431934
0.764493
0.874758
0.575553
0.0711225
-0.311369
-0.517183
-0.476864
-0.195121
0.0665118
0.273797
0.599195
0.968934
1.11147
0.899577
0.301756
-0.509728
-0.960595
-0.813641
-0.458912
-0.185605
0.0187371
0.139204
0.0496386
-0.0797553
-0.0691605
-0.0901539
-0.047088
0.294496
0.750269
0.900656
0.60665
0.082404
-0.295281
-0.409666
-0.468427
-0.598802
-0.70789
-0.7125
-0.471469
-0.0205029
0.363657
0.528367
0.457735
0.180798
-0.182074
-0.407115
-0.317354
-0.0129492
0.318825
0.610476
0.652659
0.207383
-0.589189
-1.16023
-1.08548
-0.552794
0.0744579
0.625191
0.922925
0.877799
0.555148
0.112913
-0.277329
-0.491285
-0.531211
-0.379157
-0.0493443
0.234263
0.290474
0.195611
0.0190314
-0.317746
-0.509629
-0.279291
0.0161865
-0.01962
-0.469507
-1.06821
-1.35407
-1.13639
-0.530623
0.149602
0.56535
0.651973
0.589189
0.364834
-0.104476
-0.499427
-0.477158
-0.140675
0.128805
0.175893
0.270854
0.477943
0.614695
0.681501
0.588796
0.207678
-0.206893
-0.509433
-0.624897
-0.412314
-0.0232497
0.314214
0.558778
0.566429
0.17452
-0.447728
-0.963931
-1.23557
-1.14355
-0.626663
-0.094176
0.266145
0.465681
0.295085
-0.0934893
-0.421732
-0.522481
-0.29067
0.051993
0.312252
0.513063
0.715639
0.801477
0.56074
0.0527778
-0.428403
-0.800987
-1.00886
-0.996794
-0.797259
-0.360125
0.169909
0.500506
0.607239
0.704554
0.849154
0.830417
0.736044
0.608514
0.168536
-0.39397
-0.773518
-1.00582
-1.09264
-0.765572
-0.218469
-0.0557208
-0.210326
-0.244073
-0.0592524
0.192472
0.427127
0.6712
0.770379
0.614302
0.417121
0.235734
-0.0356103
-0.29381
-0.347961
-0.325201
-0.397599
-0.530721
-0.628232
-0.509335
-0.11929
0.173048
0.1084
0.0214839
0.154507
0.406428
0.580752
0.360812
-0.0671985
-0.176482
0.0854451
0.477551
0.687681
0.620875
0.432032
0.232595
-0.0053955
-0.336287
-0.486968
-0.304699
0.0913311
0.479807
0.525326
0.162061
-0.293025
-0.511591
-0.456557
-0.312841
-0.234557
-0.237402
-0.351394
-0.488342
-0.420555
-0.24888
-0.179033
-0.1962
-0.312154
-0.393087
-0.291161
-0.232007
-0.332068
-0.309505
-0.111147
-0.0243288
-0.175893
-0.501291
-0.753899
-0.607828
-0.0776952
0.510807
0.954022
1.05114
0.760864
0.265066
-0.266047
-0.717503
-0.989437
-0.981294
-0.650207
-0.0346293
0.647362
0.975899
0.744971
0.25143
-0.119192
-0.241228
-0.231025
-0.218174
-0.269579
-0.385435
-0.600666
-0.77656
-0.569667
-0.144796
-0.0158922
-0.176482
-0.397894
-0.585951
-0.529446
-0.0895653
0.608122
1.19653
1.22213
0.593211
-0.340701
-1.1567
-1.5694
-1.36545
-0.771655
-0.273503
0.0234459
0.162748
0.227494
0.40996
0.508158
0.260946
-0.100454
-0.395932
-0.675124
-0.929596
-0.903599
-0.56947
-0.267813
-0.119584
-0.0383571
0.05886
0.143618
0.338543
0.790097
1.22547
1.26971
1.00199
0.659036
0.34541
0.0769104
-0.103986
-0.199928
-0.23907
-0.145188
0.139694
0.433602
0.47863
0.2633
0.0037278
-0.0734769
-0.0238383
-0.0644517
-0.103986
-0.0826002
-0.0708282
-0.002943
0.115071
0.012753
-0.366698
-0.667865
-0.721133
-0.635296
-0.38622
0.0368856
0.405938
0.426539
0.229456
0.154115
0.136653
0.13322
0.100062
-0.134593
-0.547692
-0.828258
-0.545534
0.204931
0.682482
0.399267
-0.40633
-1.22968
-1.81936
-1.98878
-1.70017
-1.06389
-0.299696
0.276642
0.494718
0.327262
-0.0715149
-0.432425
-0.627448
-0.721722
-0.820607
-0.769889
-0.406919
0.0417906
0.302835
0.421928
0.596939
0.847878
1.04633
1.136
0.986101
0.688466
0.468526
0.387985
0.559562
0.866223
1.01534
1.01484
0.987671
1.00543
1.02622
0.778424
0.264379
-0.113894
-0.275465
-0.553186
-1.0276
-1.41313
-1.37193
-0.8261
-0.124979
0.266734
0.100945
-0.297635
-0.44557
-0.371407
-0.166672
0.285765
0.815701
1.20349
1.28482
0.992183
0.568293
0.130865
-0.191491
-0.276642
-0.347666
-0.46156
-0.349138
-0.121742
-0.17295
-0.456852
-0.622346
-0.605375
-0.499721
-0.191884
0.269186
0.515614
0.223374
-0.366502
-0.639023
-0.384356
0.406821
1.63856
2.78074
3.13027
2.50479
1.42333
0.554755
0.141264
0.100553
0.313528
0.63147
1.08391
1.74461
2.37696
2.64507
2.54766
2.35921
2.24247
2.08884
1.83555
1.53301
1.23155
0.917725
0.596154
0.289297
0.0839736
0.0817173
0.209149
0.464504
0.830024
1.10598
1.13207
0.995323
0.90664
0.7693
0.314312
-0.141755
-0.175893
0.152938
0.554755
0.643046
0.208561
-0.518557
-1.14473
-1.40489
-1.25607
-0.708282
0.108989
1.17092
2.39511
3.20934
3.33677
2.99038
2.179
0.848467
-0.589581
-1.23292
-0.651875
0.286746
0.717503
0.558287
0.188646
0.158432
0.535332
1.06203
1.50819
1.43648
0.747914
-0.230731
-1.0842
-1.43501
-1.31631
-0.942937
-0.428305
-0.0170694
0.241326
0.3046
0.160688
0.0306072
-0.0953532
-0.286452
-0.454301
-0.820999
-1.38684
-1.95729
-2.59347
-3.19835
-3.44969
-3.15764
-2.3181
-1.1718
-0.101533
0.645007
0.697197
0.111049
-0.345803
-0.245642
0.166083
0.733886
1.46218
2.19057
2.65243
2.65674
1.99653
0.772047
-0.454203
-1.18417
-1.54282
-1.86174
-2.01762
-1.65691
-1.26833
-1.64926
-2.07805
-1.71322
-1.10775
-0.16265
0.984335
0.328831
-2.48193
-4.74078
-4.18965
-2.0963
-2.0551
-3.57614
-3.10084
-1.23684
-0.944997
-2.06167
-2.32477
-0.909976
0.85504
0.943918
-0.509041
-0.935776
0.174226
0.749092
0.784604
1.81671
2.46162
0.915077
-0.10742
1.01965
1.88666
2.50881
3.76655
4.08479
4.36231
3.97864
1.15856
0.0292338
-2.93653
-4.33308
-5.16595
-2.55992
0.85298
0.824432
2.01645
-0.942349
-1.87528
-2.17802
-0.37278
0.280664
-1.01592
-1.44923
0.131356
1.65769
1.83712
1.45502
1.32602
1.13247
0.781268
1.30296
2.68117
3.45979
3.13067
2.45711
1.97956
1.40548
0.481965
-0.392106
-0.583008
-0.252607
-0.185899
-0.763316
-2.0137
-3.50394
-4.35329
-4.05948
-2.89493
-1.71096
-1.28462
-1.6623
-2.24482
-2.29426
-1.38488
0.183545
1.7398
2.67852
2.84441
2.41954
1.45737
0.0582714
-1.38252
-2.26297
-2.25316
-1.66633
-1.01367
-0.645792
-0.987769
-1.84585
-2.41365
-2.31261
-1.76315
-1.25813
-1.10372
-1.30708
-1.73617
-2.18743
-2.56659
-2.62584
-2.1273
-1.34299
-0.510807
0.416533
1.20526
1.63592
1.63503
1.28845
0.858473
0.465975
0.4182
0.841404
1.31895
1.49936
1.36683
1.01112
0.71976
0.808344
1.32837
1.96112
2.39717
2.43445
2.07952
1.40234
0.575651
-0.186684
-0.638533
-0.483241
0.29842
1.38527
2.20264
2.23256
1.70203
1.15474
0.769693
0.55917
0.647166
0.92832
1.08901
1.03849
0.895359
0.385827
-0.624406
-1.65622
-2.33723
-2.58356
-2.52107
-2.29279
-1.8845
-1.39891
-1.00543
-0.992183
-1.36124
-1.60021
-1.389
-0.832869
-0.264379
-0.0786762
-0.442431
-1.11461
-1.66564
-1.79886
-1.5697
-0.9087
0.279095
1.66034
2.66548
2.98616
2.57571
1.45875
0.0590562
-1.02956
-1.35044
-0.949019
-0.322553
0.305287
0.916744
1.3478
1.55528
1.46542
1.02828
0.355711
-0.305582
-0.772832
-0.988554
-0.855138
-0.433406
0.080442
0.507471
0.601745
0.169124
-0.499721
-0.930184
-1.00013
-0.705633
-0.0289395
0.900166
1.74775
2.03195
1.48631
0.23181
-1.24783
-2.37843
-2.73856
-2.26582
-1.5437
-1.00327
-0.87515
-1.34034
-2.00104
-2.27062
-1.92963
-1.15366
-0.52974
-0.696314
-1.43775
-2.16389
-2.51548
-2.28779
-1.42775
-0.321179
0.588011
1.16033
1.32837
1.15415
1.21516
1.91521
2.94957
3.81119
4.10048
3.71171
2.91485
2.05019
1.38292
0.890846
0.357673
-0.316765
-0.909583
-1.15434
-1.00729
-0.66757
-0.399365
-0.423007
-0.891435
-1.83937
-2.77564
-3.16314
-2.93103
-2.16546
-1.06674
-0.17246
0.264085
0.472057
0.779012
1.10755
1.14836
0.905463
0.65727
0.537686
0.368758
-0.0587619
-0.698668
-1.38625
-1.97515
-2.43926
-2.68902
-2.50194
-1.87881
-1.18191
-0.803929
-0.70838
-0.660115
-0.441254
0.103986
0.938621
1.82662
2.63811
3.08858
2.82871
2.10258
1.34122
0.597821
0.0425754
-0.0491481
0.228279
0.673653
1.17828
1.48308
1.29139
0.496876
-0.712304
-1.84703
-2.4833
-2.62898
-2.35254
-1.83741
-1.39547
-1.24175
-1.26206
-1.27461
-1.04006
-0.517281
-0.0170694
0.117916
-0.258395
-0.915371
-1.29924
-1.04094
-0.0711225
1.32729
2.45064
2.633
1.89451
1.017
0.615381
0.674143
1.26235
2.19911
2.95811
3.29018
3.24544
2.99892
2.59602
1.7604
0.481965
-0.739478
-1.45698
-1.86988
-2.27337
-2.5404
-2.32144
-1.55175
-0.567803
0.258003
0.717602
0.722212
0.13371
-0.91439
-1.94493
-2.5197
-2.39011
-1.79631
-1.04967
-0.209149
0.654621
1.2238
1.19868
0.678165
0.196396
-0.107714
-0.261437
-0.27674
-0.378764
-0.633039
-1.00945
-1.36496
-1.40411
-0.865046
0.326182
1.92462
3.48255
4.4352
4.20604
2.92799
1.36604
0.102514
-0.476962
-0.187861
0.631372
1.57921
2.19361
1.93169
0.927241
-0.148425
-0.96187
-1.46365
-1.67859
-1.75511
-1.66888
-1.35927
-0.773028
0.0154998
0.836891
1.47562
1.63091
1.19554
0.490304
0.0109872
0.0728883
0.583106
1.05477
1.0636
0.426343
-0.678165
-1.72607
-2.14162
-1.97868
-1.64622
-1.29414
-1.09352
-0.998854
-0.793237
-0.448219
0.0149112
0.596154
1.26392
1.84811
2.28916
2.69785
2.95683
2.5713
1.53889
0.656779
0.52199
0.275367
-0.63765
-1.50044
-0.386906
-1.41656
-3.34168
-3.47352
-0.144109
0.877308
1.08126
1.41755
2.26415
3.10634
2.72963
0.982472
-0.768712
-2.00938
-2.49164
-2.41709
-2.18508
-2.04901
-1.87724
-1.72391
-1.65995
-1.51604
-1.07822
-0.414276
0.266342
0.825806
1.01239
0.698766
0.070632
-0.646773
-1.337
-1.91315
-2.34694
-2.36705
-1.71498
-0.67895
0.212485
0.583008
0.673555
0.894966
1.22615
1.59658
1.98496
2.14672
1.73715
0.778424
-0.349334
-1.20702
-1.33308
-0.602923
0.598018
1.69615
2.32458
2.51558
2.30035
1.59981
0.576141
-0.327654
-0.766946
-0.715738
-0.496386
-0.334031
-0.237108
-0.163336
-0.139989
-0.198456
-0.237402
-0.0012753
0.600274
1.38743
2.04568
2.272
2.10287
1.69007
1.07243
0.41977
-0.0391419
-0.442137
-0.940485
-1.31209
-1.32543
-1.00366
-0.555638
-0.0780876
0.352571
0.590366
0.674438
0.786173
0.922532
1.01779
1.03809
1.16052
1.51967
1.83555
1.71234
1.01936
0.0383571
-0.646087
-0.631077
-0.0589581
0.740949
1.65848
2.46829
2.71609
2.41699
1.8536
0.919687
-0.200909
-0.936168
-0.904188
-0.146561
0.913605
1.69635
1.81318
1.24597
0.323141
-0.365815
-0.639122
-0.603315
-0.321376
-0.0129492
0.154311
0.203754
0.34747
0.658545
0.872698
0.564467
-0.361891
-1.54763
-2.5249
-3.02688
-2.98646
-2.4161
-1.49965
-0.634315
-0.200516
-0.249468
-0.489225
-0.569372
-0.281841
0.309898
0.949902
1.36281
1.47974
1.41107
1.23959
0.966383
0.550243
0.0077499
-0.650011
-1.35358
-2.0345
-2.47398
-2.44887
-2.07069
-1.44129
-0.721329
-0.336483
-0.345606
-0.336581
0.0381609
0.785585
1.63837
2.01811
1.67084
0.987376
0.415453
0.286452
0.83179
1.79876
2.7315
3.29861
3.17059
2.37765
1.47601
1.0326
1.1048
1.36104
1.47111
1.01632
-0.0524835
-1.11206
-1.6315
-1.60158
-1.29011
-0.881232
-0.563683
-0.522088
-0.669631
-0.748503
-0.751446
-0.729962
-0.546907
-0.155783
0.281547
0.601059
0.773518
0.771458
0.421143
-0.180308
-0.912232
-1.62326
-2.03508
-1.81328
-1.03417
-0.0347274
1.00915
1.83486
2.09326
1.74667
1.15091
0.586638
0.17609
-0.0986886
-0.422811
-0.917039
-1.51192
-2.12799
-2.7521
-3.29851
-3.5162
-3.21699
-2.59563
-1.95592
-1.30179
-0.757822
-0.48275
-0.359242
-0.245937
-0.127824
-0.0548379
0.0052974
0.161963
0.465485
0.966481
1.76109
2.8399
3.88123
4.40469
4.04074
2.89366
1.45188
0.241718
-0.637159
-1.48592
-2.28063
-2.88306
-3.19286
-3.04522
-2.48203
-1.61688
-0.697491
-0.0347274
0.213367
0.0217782
-0.506392
-1.10215
-1.54184
-1.69105
-1.55891
-1.25205
-0.881232
-0.365815
0.294398
0.841011
1.15552
1.25764
1.12305
0.753506
0.188941
-0.348647
-0.585853
-0.597233
-0.503155
-0.644026
-1.20339
-1.7091
-1.81367
-1.61414
-1.29512
-0.869951
-0.19571
0.767436
1.81534
2.5921
2.75377
2.21431
1.37389
0.819822
0.732317
0.985513
1.35574
1.74167
2.05412
2.10591
1.709
0.985709
0.210915
-0.31961
-0.613615
-0.993459
-1.51927
-1.93914
-2.08776
-1.88136
-1.48494
-1.03162
-0.495699
0.0740655
0.593996
1.00984
1.31209
1.5748
1.76433
1.79199
1.68497
1.40185
0.896242
0.370426
-0.0720054
-0.419966
-0.642849
-0.83022
-1.11314
-1.40116
-1.5902
-1.61787
-1.43746
-1.20261
-1.16298
-1.51457
-2.19685
-2.69775
-2.50332
-1.6473
-0.61597
0.151859
0.413786
0.293908
0.045126
-0.0214839
0.285667
0.795689
1.16984
1.1309
0.62421
-0.0308034
-0.408685
-0.26487
0.315391
0.8571
0.792059
-0.0299205
-1.28109
-2.4835
-3.27762
-3.44665
-2.75014
-1.22341
0.731532
2.36303
3.00382
2.68853
1.86645
0.895162
0.0462051
-0.53798
-0.782446
-0.542199
0.097119
0.799515
1.18985
1.19711
1.01377
0.815505
0.712795
0.739968
0.907327
1.17465
1.39479
1.42167
1.27628
1.14934
1.10824
1.01857
0.668355
0.0103005
-0.780484
-1.50878
-1.9932
-2.17213
-2.17478
-2.05794
-1.59825
-0.626368
0.529936
1.44109
1.86155
1.86449
1.72715
1.36957
0.61391
-0.130375
-0.439586
-0.427716
-0.367875
-0.342565
-0.340505
-0.419083
-0.404172
-0.116347
0.0341388
-0.285177
-0.793629
-1.15591
-1.18044
-0.89114
-0.487655
0.0018639
0.546221
0.93813
1.03603
0.884666
0.596154
0.244171
0.0276642
0.114777
0.478924
0.970209
1.30326
1.26284
0.98718
0.717405
0.609593
0.7177
0.889375
0.94333
0.811679
0.429874
-0.181191
-0.819233
-1.29168
-1.45659
-1.20025
-0.587227
0.0491481
0.380236
0.401033
0.302737
0.0213858
-0.509924
-1.01023
-1.12648
-0.83228
-0.399267
-0.0263889
0.0997677
-0.135574
-0.505607
-0.762826
-0.869951
-0.890159
-0.855628
-0.758215
-0.543572
-0.204539
0.0897615
0.175893
0.0894672
-0.10997
-0.377194
-0.403387
0.0754389
0.817958
1.41323
1.65975
1.59864
1.35172
0.891729
0.240247
-0.471959
-1.13237
-1.68055
-2.02086
-1.9877
-1.52457
-0.739282
0.128119
0.735063
0.807461
0.467741
0.191491
0.230535
0.522382
0.918118
1.2494
1.38998
1.37026
1.28472
1.07547
0.560642
-0.206108
-0.967462
-1.53811
-1.83496
-1.8383
-1.64102
-1.37134
-1.12011
-0.984335
-0.925966
-0.823353
-0.640887
-0.359536
0.0183447
0.413197
0.740459
0.817958
0.542983
0.165985
0.0219744
0.137046
0.268009
0.213171
-0.0057879
-0.158824
-0.140087
-0.120859
-0.177561
-0.218763
-0.116347
0.205519
0.63402
1.03172
1.29551
1.33445
1.11805
0.595173
-0.0826002
-0.515221
-0.466956
-0.077499
0.322357
0.472646
0.397796
0.293613
0.204048
0.169909
0.26124
0.442529
0.664922
0.826885
0.793138
0.44302
-0.156175
-0.640985
-0.806774
-0.765965
-0.618128
-0.525914
-0.58242
-0.712696
-0.829337
-0.757528
-0.369248
0.153134
0.607533
0.894181
0.953728
0.803439
0.555246
0.327065
0.180504
0.0194238
-0.267617
-0.605866
-0.779699
-0.653444
-0.390046
-0.11154
0.146071
0.175305
-0.0782838
-0.433406
-0.807755
-1.06733
-1.04192
-0.711519
-0.247604
0.0983943
0.23956
0.253098
0.169419
-0.00981
-0.211798
-0.27468
-0.136457
0.0383571
0.118799
0.148425
0.233478
0.365717
0.442627
0.409567
0.311075
0.184624
0.0345312
-0.0714168
-0.060822
0.0604296
0.222393
0.311664
0.271639
0.144403
0.0317844
-0.0552303
-0.24888
-0.529053
-0.647558
-0.476374
-0.185605
-0.0129492
0.0238383
0.0504234
0.174422
0.372093
0.497759
0.42232
0.127039
-0.246722
-0.469605
-0.438507
-0.268303
-0.0820116
0.0698472
0.123508
0.0772047
0.114483
0.292338
0.43164
0.409371
0.2685
0.0838755
-0.144403
-0.429874
-0.761452
-1.04653
-1.21595
-1.27981
-1.11589
-0.629508
0.0108891
0.553284
0.779208
0.658349
0.381609
0.193453
0.211405
0.46264
0.813936
1.01298
0.88447
0.432915
-0.143128
-0.670513
-1.07959
-1.27864
-1.21036
-1.05722
-1.09381
-1.2958
-1.34946
-0.929301
-0.0565056
0.885451
1.59844
1.83633
1.46767
0.758411
0.102711
-0.253098
-0.217095
0.103496
0.552107
0.844249
0.724076
0.261731
-0.289395
-0.697785
-0.911251
-0.949706
-0.682972
-0.171381
0.320787
0.552597
0.523167
0.449985
0.482063
0.628036
0.788135
0.852783
0.844837
0.818743
0.777541
0.632156
0.294006
-0.18433
-0.630685
-0.912919
-0.977076
-0.821882
-0.508943
-0.207776
-0.0623916
-0.0723978
-0.143324
-0.15696
-0.0675909
0.130179
0.356986
0.44508
0.324221
0.163729
0.188156
0.413197
0.714757
0.962851
1.02897
0.880153
0.623229
0.409469
0.338347
0.376508
0.434681
0.416042
0.176972
-0.316765
-0.939111
-1.46601
-1.70851
-1.6264
-1.27285
-0.830024
-0.547987
-0.45126
-0.329322
-0.0581733
0.305091
0.711814
1.14561
1.451
1.2854
0.479709
-0.632353
-1.51878
-1.86822
-1.70017
-1.16405
-0.599587
-0.359438
-0.408881
-0.427716
-0.25506
0.0425754
0.40633
0.834635
1.21673
1.36408
1.21428
0.898302
0.551518
0.228475
0.0222687
-0.0544455
-0.0785781
-0.0282528
0.0684738
0.158333
0.322062
0.542885
0.717602
0.832182
0.797161
0.555835
0.182564
-0.294104
-0.83748
-1.25911
-1.394
-1.1411
-0.583106
-0.0150093
0.353945
0.465877
0.371995
0.16265
-0.0993753
-0.227592
-0.0400248
0.410352
0.931656
1.23547
1.10323
0.645302
0.160001
-0.188548
-0.377293
-0.424479
-0.36248
-0.213564
-0.0125568
0.147739
0.283803
0.40633
0.44302
0.39034
0.283411
0.0687681
-0.243484
-0.575553
-0.877995
-1.11
-1.24067
-1.19623
-0.856707
-0.328046
0.0546417
0.153821
0.12135
0.0798534
0.0131454
-0.123116
-0.331087
-0.623622
-0.879761
-0.967953
-0.868774
-0.630783
-0.347176
-0.0750465
0.131356
0.181976
0.0432621
-0.16265
-0.219842
-0.101926
-0.0265851
-0.102809
-0.290866
-0.484614
-0.55299
-0.502566
-0.417121
-0.347568
-0.288218
-0.180504
0.0241326
0.267224
0.500702
0.686504
0.752819
0.670219
0.396128
-0.0022563
-0.362774
-0.669238
-0.896536
-0.903697
-0.64334
-0.271148
0.0252117
0.183839
0.252019
0.232301
0.106046
-0.0622935
-0.230633
-0.349923
-0.322259
-0.118309
0.195023
0.513063
0.721133
0.659428
0.279977
-0.239658
-0.673849
-0.83385
-0.574081
0.0047088
0.55348
0.794806
0.669631
0.322847
-0.0319806
-0.192865
-0.0317844
0.395147
0.870834
1.19182
1.26284
1.04643
0.647558
0.282724
0.077499
0.0567018
0.118603
0.11723
0.0161865
-0.0855432
-0.0114777
0.254079
0.544259
0.702102
0.677381
0.544651
0.420457
0.385435
0.457833
0.455969
0.230045
-0.143815
-0.569569
-0.919884
-1.04221
-0.943035
-0.798632
-0.624799
-0.365226
-0.129983
-0.0231516
-0.0229554
-0.0980019
-0.206599
-0.229652
-0.103594
0.0591543
0.157156
0.176482
0.202675
0.256728
0.203459
-0.0185409
-0.315588
-0.569667
-0.726234
-0.707988
-0.458225
-0.13685
0.0164808
-0.0018639
-0.0741636
-0.118897
-0.0035316
0.266734
0.500604
0.535037
0.357869
0.0957456
-0.063765
-0.0664137
0.0290376
0.112324
0.10428
0.0348255
-0.0181485
0.0276642
0.188646
0.360125
0.465975
0.486184
0.367483
0.16883
0.0883881
0.212092
0.489911
0.760962
0.927143
0.877701
0.482063
-0.0478728
-0.436447
-0.629508
-0.648049
-0.525227
-0.410843
-0.429089
-0.593701
-0.775088
-0.789999
-0.553774
-0.1652
0.150682
0.238873
0.129884
0.0295281
0.0525816
0.144894
0.196985
0.131552
-0.0171675
-0.181976
-0.336385
-0.367875
-0.187861
0.0842679
0.271933
0.267715
0.0690624
-0.22406
-0.486968
-0.604688
-0.582027
-0.521794
-0.464896
-0.419672
-0.34953
-0.204539
-0.060822
-0.0229554
-0.0978057
-0.226611
-0.357476
-0.466858
-0.51787
-0.418691
-0.127726
0.203459
0.397697
0.441352
0.390438
0.315686
0.248291
0.121448
-0.11772
-0.385827
-0.522579
-0.44714
-0.199143
0.0564075
0.188646
0.260652
0.360517
0.471272
0.579379
0.732022
0.898694
0.939209
0.78323
0.554755
0.405643
0.317255
0.218763
0.150485
0.114188
0.0440469
-0.0178542
-0.0311958
-0.099081
-0.270069
-0.398973
-0.363559
-0.211896
-0.0366894
0.117426
0.221608
0.261633
0.29999
0.423301
0.604492
0.675222
0.506981
0.14146
-0.285961
-0.65727
-0.88339
-0.919786
-0.767044
-0.452535
-0.0462051
0.32991
0.617343
0.802556
0.899479
0.880448
0.706614
0.440567
0.200124
0.105163
0.144992
0.14715
0.0469899
-0.0654327
-0.0768123
-0.0154017
0.07848
0.178738
0.212779
0.194434
0.228181
0.3666
0.51424
0.500212
0.27674
-0.0013734
-0.160492
-0.114973
0.0876033
0.201988
0.064746
-0.223079
-0.505902
-0.689839
-0.76724
-0.816977
-0.849546
-0.80442
-0.691311
-0.599293
-0.598999
-0.685327
-0.760765
-0.70789
-0.510414
-0.257905
-0.0303129
0.150584
0.243484
0.241032
0.237108
0.284196
0.339328
0.383767
0.346685
0.149112
-0.0976095
-0.187763
-0.0806382
0.119486
0.222785
0.0665118
-0.287433
-0.639906
-0.878093
-0.975114
-0.963931
-0.862789
-0.675615
-0.454988
-0.27105
-0.168732
-0.119486
0.0444393
0.377881
0.726332
0.943624
0.993949
0.932441
0.790392
0.575357
0.339426
0.12753
-0.0051993
0.0072594
0.155979
0.38102
0.641084
0.927241
1.19643
1.28511
1.08773
0.759784
0.453026
0.165495
-0.0545436
-0.164318
-0.203656
-0.212975
-0.148033
0.0391419
0.249566
0.3356
0.267126
0.0812268
-0.137732
-0.245446
-0.17707
0.0296262
0.31549
0.578888
0.735259
0.73212
0.542591
0.199437
-0.185703
-0.466858
-0.560445
-0.450279
-0.148229
0.243877
0.588502
0.78892
0.773813
0.573885
0.292142
-0.0074556
-0.270364
-0.431542
-0.501585
-0.557895
-0.647656
-0.755861
-0.881625
-1.00464
-1.02583
-0.862789
-0.63559
-0.546025
-0.604885
-0.754291
-0.930969
-1.0325
-0.957358
-0.660507
-0.238677
0.142932
0.409273
0.538961
0.513553
0.365521
0.126255
-0.146758
-0.34747
-0.413688
-0.32736
-0.137929
0.0684738
0.23907
0.322553
0.276151
0.179425
0.181289
0.318923
0.459108
0.506687
0.479317
0.433896
0.414276
0.426146
0.432425
0.375331
0.18433
-0.147052
-0.530623
-0.864948
-1.04741
-1.06026
-0.961674
-0.7745
-0.515123
-0.216605
0.0917235
0.345312
0.482358
0.516987
0.516889
0.544063
0.559072
0.486576
0.309505
0.0481671
-0.231418
-0.389065
-0.338347
-0.0776952
0.2685
0.444687
0.317746
-0.0413982
-0.429286
-0.620973
-0.538275
-0.261142
0.0699453
0.333736
0.428305
0.379647
0.369739
0.461266
0.615185
0.759196
0.76518
0.557208
0.197279
-0.142932
-0.323141
-0.354435
-0.289297
-0.171675
-0.0889767
-0.0710244
-0.0808344
-0.0764199
-0.0363951
0.0251136
0.0994734
0.15853
0.179915
0.227886
0.365128
0.552401
0.705633
0.733984
0.58085
0.279683
-0.0374742
-0.224747
-0.226807
-0.120565
-0.007848
0.0857394
0.13891
0.106929
-0.0119682
-0.152055
-0.243975
-0.278408
-0.333148
-0.48844
-0.712795
-0.865831
-0.79824
-0.515908
-0.184232
0.0934893
0.298322
0.37435
0.278996
0.0543474
-0.186096
-0.3511
-0.444099
-0.502959
-0.511788
-0.425067
-0.172754
0.201007
0.515417
0.671887
0.672868
0.531015
0.297047
0.116347
0.0963342
0.201792
0.352375
0.462443
0.442823
0.268892
0.0249174
-0.237696
-0.503155
-0.650599
-0.587619
-0.364245
-0.0995715
0.0547398
0.0440469
-0.0309996
-0.0389457
0.0699453
0.203459
0.276838
0.28086
0.180504
0.0191295
-0.0722016
-0.0253098
0.17501
0.42026
0.533958
0.481965
0.330597
0.14921
0.0593505
0.200222
0.557895
0.8932
1.0018
0.873777
0.583205
0.252902
0.0330597
-0.0820116
-0.170596
-0.265851
-0.398678
-0.548085
-0.666884
-0.740459
-0.718975
-0.557012
-0.322455
-0.139008
-0.10585
-0.252215
-0.491089
-0.678165
-0.722801
-0.600961
-0.335796
-0.0199143
0.239854
0.359046
0.273209
0.0143226
-0.296556
-0.531604
-0.595761
-0.513946
-0.395834
-0.324122
-0.317648
-0.333932
-0.324515
-0.259769
-0.146267
-0.0337464
0.0906444
0.283705
0.505313
0.630979
0.570942
0.361793
0.148131
0.0282528
0.0263889
0.111638
0.217586
0.310683
0.39858
0.457833
0.433504
0.321277
0.171773
-0.0248193
-0.29636
-0.543964
-0.63765
-0.530427
-0.265557
0.0389457
0.317844
0.559562
0.689741
0.635982
0.477158
0.305876
0.182368
0.202282
0.305091
0.328046
0.258886
0.212877
0.267421
0.39809
0.527582
0.58448
0.513063
0.286746
-0.0033354
-0.201792
-0.187469
0.0609201
0.429187
0.726136
0.806088
0.658545
0.396716
0.140872
-0.0877014
-0.286648
-0.387691
-0.324809
-0.124293
0.108204
0.278408
0.331872
0.218174
-0.0928026
-0.539844
-0.942937
-1.11098
-0.99081
-0.704652
-0.4492
-0.32942
-0.312939
-0.331774
-0.299597
-0.135574
0.168732
0.531506
0.771458
0.702886
0.305974
-0.189725
-0.549262
-0.704456
-0.719956
-0.662764
-0.577122
-0.48275
-0.358948
-0.213956
-0.097119
-0.0713187
-0.186488
-0.390732
-0.583205
-0.691409
-0.663548
-0.500899
-0.259474
0.0155979
0.293319
0.52611
0.638337
0.587129
0.412609
0.217586
0.044145
-0.134201
-0.297635
-0.345214
-0.245348
-0.0875052
0.0110853
-0.0025506
-0.0427716
0.0064746
0.140185
0.261927
0.257512
0.0875052
-0.116249
-0.202478
-0.13891
0.0207972
0.184232
0.292534
0.294006
0.140577
-0.108793
-0.3511
-0.468231
-0.355024
-0.07848
0.163729
0.266832
0.249566
0.134691
-0.0504234
-0.204244
-0.210228
-0.0242307
0.298813
0.608514
0.731237
0.591347
0.272914
-0.0425754
-0.241816
-0.299794
-0.234459
-0.103397
0.0244269
0.136261
0.253392
0.364441
0.452241
0.53543
0.618619
0.613714
0.424283
0.103005
-0.204833
-0.398188
-0.4337
-0.325103
-0.201497
-0.176384
-0.210621
-0.204931
-0.0940779
0.0904482
0.268205
0.401033
0.48844
0.554265
0.625976
0.688956
0.721526
0.717405
0.654916
0.517772
0.322062
0.109185
-0.0561132
-0.175501
-0.305582
-0.460285
-0.599391
-0.642849
-0.503547
-0.191982
0.174618
0.460972
0.612634
0.619796
0.466171
0.201988
-0.0593505
-0.23593
-0.272228
-0.178346
-0.0831888
-0.0673947
-0.0861318
-0.0826002
-0.0473823
-0.0229554
-0.0649422
-0.184722
-0.335698
-0.450671
-0.49668
-0.474019
-0.408587
-0.32736
-0.285569
-0.295575
-0.296262
-0.251823
-0.166966
-0.0478728
0.0572904
0.061803
-0.0764199
-0.292142
-0.473627
-0.50855
-0.383571
-0.168928
0.0609201
0.250351
0.351198
0.356397
0.31343
0.248291
0.15647
0.0642555
0.0077499
-0.0270756
-0.0501291
-0.0906444
-0.19051
-0.33972
-0.489421
-0.61185
-0.694842
-0.731728
-0.724272
-0.658251
-0.515614
-0.341388
-0.198947
-0.0903501
0.0247212
0.137536
0.214839
0.255747
0.265851
0.253785
0.218174
0.136065
0.025506
-0.062784
-0.105163
-0.10634
-0.114679
-0.1704
-0.272031
-0.378274
-0.437624
-0.424381
-0.329812
-0.158922
0.0471861
0.223766
0.333834
0.390046
0.408685
0.393871
0.358556
0.294006
0.173931
0.0041202
-0.159216
-0.243582
-0.233772
-0.171479
-0.0856413
-0.0182466
-0.0443412
-0.171675
-0.305483
-0.379549
-0.410843
-0.386808
-0.240934
0.0511101
0.427225
0.800692
1.03407
0.99238
0.703966
0.358359
0.104476
0.003924
0.0444393
0.193257
0.393479
0.555148
0.596644
0.473332
0.270756
0.13891
0.127432
0.194728
0.246329
0.222981
0.165985
0.126549
0.0813249
0.0424773
0.0841698
0.200516
0.317059
0.372486
0.324907
0.214545
0.0914292
-0.0452241
-0.170792
-0.214348
-0.117818
0.0649422
0.184428
0.167162
0.064746
-0.0316863
-0.0790686
-0.0890748
-0.0866223
-0.0499329
0.045126
0.162552
0.255649
0.296262
0.220431
-0.0064746
-0.308426
-0.577711
-0.728294
-0.716228
-0.553186
-0.319315
-0.121742
-0.0052974
0.0737712
0.157647
0.20758
0.162944
0.0376704
-0.101239
-0.229358
-0.359929
-0.484712
-0.578398
-0.639808
-0.624995
-0.497858
-0.298616
-0.0865242
0.0685719
0.101828
0.0292338
-0.0800496
-0.204244
-0.327654
-0.402995
-0.417808
-0.387593
-0.318825
-0.220333
-0.114581
-0.0551322
-0.0888786
-0.191099
-0.289886
-0.361793
-0.427127
-0.478336
-0.487361
-0.446257
-0.363068
-0.234067
-0.0820116
0.0828945
0.236813
0.294104
0.19257
-0.0436545
-0.297635
-0.438016
-0.38877
-0.186488
0.0447336
0.165789
0.146071
0.0623916
-0.0036297
0.001962
0.0861318
0.210915
0.306464
0.313822
0.239266
0.130669
0.0400248
0.0227592
0.0969228
0.209345
0.262418
0.181485
-0.0084366
-0.196396
-0.2788
-0.199732
0.0010791
0.185115
0.250744
0.213269
0.144011
0.117328
0.16059
0.20238
0.194238
0.180504
0.212583
0.29793
0.394068
0.458618
0.486478
0.476864
0.421438
0.340603
0.249861
0.15333
0.0751446
0.0473823
0.10016
0.222393
0.341094
0.381413
0.337758
0.251823
0.158235
0.0700434
0.0092214
0.0170694
0.0840717
0.161865
0.226513
0.25143
0.231222
0.18639
0.0988848
-0.0171675
-0.0959418
-0.0970209
0.0013734
0.173539
0.330401
0.43164
0.506392
0.548183
0.514535
0.382296
0.145384
-0.16265
-0.433798
-0.558778
-0.526307
-0.378077
-0.190314
-0.0434583
0.0481671
0.075537
-0.0103986
-0.199928
-0.401033
-0.502763
-0.467937
-0.316961
-0.0890748
0.145875
0.316961
0.372584
0.314705
0.200516
0.0945684
0.0575847
0.0865242
0.0939798
0.0261927
-0.0966285
-0.230241
-0.324221
-0.362283
-0.326771
-0.217488
-0.124489
-0.142147
-0.255354
-0.398776
-0.526307
-0.584676
-0.540139
-0.406624
-0.244465
-0.130081
-0.0782838
-0.0790686
-0.124096
-0.185409
-0.263987
-0.345606
-0.392302
-0.408096
-0.389653
-0.326575
-0.243582
-0.152447
-0.0585657
0.0138321
0.0740655
0.139891
0.190804
0.206599
0.158137
0.0272718
-0.15745
-0.350217
-0.481082
-0.4802
-0.346685
-0.142539
0.070632
0.223079
0.26124
0.175991
0.0043164
-0.189922
-0.358457
-0.439194
-0.399954
-0.302148
-0.20395
-0.111343
-0.0377685
-0.0005886
0.0152055
0.0383571
0.0812268
0.114679
0.11929
0.137046
0.231222
0.410647
0.603609
0.714168
0.694156
0.55505
0.369739
0.236127
0.197966
0.239364
0.284392
0.253196
0.148033
0.0106929
-0.126745
-0.238677
-0.278408
-0.229554
-0.137634
-0.037278
0.0707301
0.156273
0.172067
0.111638
-0.0229554
-0.184526
-0.291651
-0.274484
-0.116837
0.0998658
0.257414
0.3098
0.287237
0.257807
0.270069
0.315784
0.338445
0.283411
0.143226
-0.0272718
-0.169615
-0.268402
-0.305483
-0.251038
-0.0945684
0.125372
0.324907
0.445374
0.47294
0.440665
0.408783
0.384062
0.324024
0.201399
0.014715
-0.206991
-0.39809
-0.489715
-0.483731
-0.421438
-0.326084
-0.261731
-0.293417
-0.39083
-0.474412
-0.488538
-0.4234
-0.293221
-0.115758
0.0682776
0.239953
0.41045
0.567116
0.672083
0.697687
0.624505
0.458814
0.246525
0.0600372
-0.062784
-0.0950589
-0.0228573
0.0872109
0.176972
0.254962
0.348059
0.437526
0.465975
0.369739
0.130865
-0.185605
-0.453222
-0.556227
-0.48069
-0.324024
-0.207972
-0.178052
-0.195317
-0.218763
-0.222981
-0.186096
-0.107125
-0.0045126
0.086328
0.134986
0.154115
0.161571
0.191393
0.243779
0.242307
0.136163
-0.0400248
-0.203263
-0.264576
-0.208561
-0.0926064
0.0241326
0.0974133
0.114777
0.10634
0.112226
0.139106
0.154409
0.136555
0.0945684
0.0122625
-0.118014
-0.25457
-0.345018
-0.355024
-0.301167
-0.235538
-0.190608
-0.177757
-0.185703
-0.17089
-0.109872
-0.0387495
0.0194238
0.0868185
0.17295
0.227003
0.214839
0.157549
0.0692586
-0.0561132
-0.179033
-0.211798
-0.101828
0.0793629
0.226513
0.301658
0.294987
0.194434
0.0126549
-0.186488
-0.342761
-0.442137
-0.464307
-0.381511
-0.221117
-0.0655308
0.0389457
0.0975114
0.129688
0.134986
0.114483
0.091233
0.0867204
0.0903501
0.100454
0.11203
0.107027
0.106439
0.11566
0.0777933
-0.0535626
-0.234361
-0.371799
-0.431934
-0.432523
-0.383865
-0.307642
-0.246427
-0.213466
-0.187763
-0.15539
-0.112815
-0.0544455
-0.0124587
-0.0302148
-0.113894
-0.213367
-0.280468
-0.314116
-0.332363
-0.343742
-0.340505
-0.305091
-0.240443
-0.159118
-0.0881919
-0.0581733
-0.0530721
-0.0364932
-0.013734
0.0118701
0.0767142
0.174226
0.229162
0.184134
0.0477747
-0.125176
-0.254373
-0.26536
-0.159216
-0.0218763
0.059841
0.0640593
0.0352179
0.0063765
-0.0056898
0.0260946
0.0890748
0.16265
0.226219
0.253098
0.240836
0.219057
0.19571
0.151172
0.0889767
0.0511101
0.0572904
0.0827964
0.107321
0.124096
0.134495
0.135672
0.113207
0.0827964
0.0717111
0.0851508
0.122919
0.162552
0.166672
0.122331
0.0573885
0.0021582
-0.0220725
-0.0062784
0.0347274
0.0553284
0.0160884
-0.05886
-0.107027
-0.113698
-0.095157
-0.0613125
-0.0234459
0.0113796
0.0659232
0.164416
0.285569
0.399659
0.483829
0.508256
0.457735
0.365619
0.266636
0.181093
0.128707
0.129296
0.164023
0.183251
0.165985
0.132337
0.128903
0.18276
0.270364
0.346882
0.392989
0.41977
0.468526
0.551911
0.632451
0.650403
0.588502
0.495895
0.420751
0.380922
0.353847
0.285569
0.173147
0.0586638
-0.0479709
-0.126058
-0.138321
-0.0949608
-0.0373761
-0.0106929
-0.0365913
-0.0872109
-0.149799
-0.213269
-0.234067
-0.202576
-0.15539
-0.137732
-0.142932
-0.112324
-0.0434583
0.0341388
0.107321
0.13322
0.0567999
-0.116935
-0.312252
-0.428991
-0.417121
-0.300284
-0.141362
-0.0162846
0.0190314
-0.0317844
-0.124783
-0.203754
-0.207874
-0.132043
-0.010791
0.0981
0.135574
0.102318
0.0518949
0.0164808
-0.0365913
-0.142932
-0.276151
-0.385729
-0.436349
-0.405349
-0.291749
-0.146561
-0.0398286
-0.0077499
-0.0425754
-0.125372
-0.234165
-0.321277
-0.347764
-0.325692
-0.30411
-0.304012
-0.307053
-0.293711
-0.267028
-0.240247
-0.221216
-0.222098
-0.232987
-0.229848
-0.220921
-0.228769
-0.240836
-0.235734
-0.204931
-0.137438
-0.0253098
0.103397
0.216997
0.295673
0.315686
0.256924
0.143913
0.0276642
-0.0624897
-0.100945
-0.0693567
0.0084366
0.119486
0.277623
0.444982
0.554657
0.568882
0.473921
0.301167
0.129786
0.0277623
0.0109872
0.0654327
0.160786
0.267715
0.348353
0.385631
0.387201
0.346391
0.2375
0.044145
-0.188058
-0.383669
-0.49256
-0.497759
-0.416042
-0.283215
-0.141656
-0.0359046
0.0180504
0.0180504
-0.0458127
-0.15284
-0.25094
-0.300578
-0.30205
-0.263595
-0.179719
-0.0708282
0.0138321
0.038259
0.016677
-0.0226611
-0.0518949
-0.0291357
0.0704358
0.21425
0.325594
0.347568
0.272914
0.135869
0.0102024
-0.0261927
0.0334521
0.145188
0.270265
0.369935
0.406526
0.354141
0.206893
0.0271737
-0.0866223
-0.0883881
-0.0061803
0.0954513
0.15539
0.147248
0.0903501
0.0112815
-0.0493443
-0.0471861
0.0322749
0.166378
0.299892
0.371701
0.379451
0.364736
0.336973
0.276544
0.16059
-0.0004905
-0.162159
-0.261731
-0.248978
-0.144403
-0.0160884
0.112324
0.226807
0.269971
0.210719
0.0866223
-0.0388476
-0.128707
-0.176874
-0.171773
-0.120271
-0.0787743
-0.0826002
-0.119192
-0.149799
-0.145973
-0.123704
-0.0986886
-0.0631764
-0.0287433
-0.0108891
-0.0072594
-0.0236421
-0.0681795
-0.112521
-0.128609
-0.127236
-0.12959
-0.119093
-0.0831888
-0.0474804
-0.0361989
-0.0434583
-0.0616068
-0.0778914
-0.077499
-0.0809325
-0.104182
-0.13528
-0.150878
-0.121153
-0.0479709
0.0321768
0.104771
0.162944
0.175109
0.120761
0.0181485
-0.0848565
-0.169517
-0.25143
-0.312841
-0.305091
-0.225728
-0.125372
-0.0641574
-0.0453222
-0.0283509
0.0113796
0.0683757
0.129786
0.18845
0.238873
0.259965
0.251038
0.242699
0.236911
0.200811
0.0979038
-0.0678852
-0.242503
-0.372976
-0.418495
-0.375134
-0.292436
-0.20444
-0.0916254
0.050031
0.174618
0.241326
0.25663
0.243582
0.216703
0.177561
0.127824
0.0817173
0.040221
0.0063765
-0.0169713
-0.0347274
-0.0309996
-0.0012753
0.0111834
-0.0142245
-0.0542493
-0.0835812
-0.0985905
-0.100651
-0.0864261
-0.0693567
-0.0498348
-0.0277623
-0.0258984
-0.0426735
-0.03924
0.0001962
0.0375723
0.0557208
0.0711225
0.0896634
0.104869
0.109283
0.10173
0.0668061
0.0075537
-0.0312939
-0.0253098
0.016677
0.0757332
0.132631
0.169419
0.181779
0.167064
0.119682
0.0342369
-0.0994734
-0.252706
-0.365913
-0.397501
-0.341977
-0.225924
-0.0856413
0.0507177
0.173147
0.271148
0.316471
0.300873
0.234361
0.117426
-0.0335502
-0.154213
-0.170007
-0.0817173
0.0569961
0.201497
0.315882
0.352768
0.289886
0.152938
0.0045126
-0.0936855
-0.115954
-0.0752427
0.003924
0.0883881
0.145188
0.129884
0.0199143
-0.12753
-0.231908
-0.233968
-0.130179
0.0167751
0.131748
0.179327
0.169615
0.124979
0.0731826
0.03924
0.042183
0.0890748
0.141362
0.175697
0.189824
0.153527
0.060822
-0.0439488
-0.133024
-0.184134
-0.189627
-0.165887
-0.130277
-0.094176
-0.0628821
-0.0398286
-0.0404172
-0.0724959
-0.12753
-0.186782
-0.210817
-0.177169
-0.0908406
0.0169713
0.0997677
0.109872
0.0398286
-0.0619011
-0.15284
-0.217782
-0.23593
-0.199535
-0.149995
-0.127432
-0.131258
-0.144796
-0.15539
-0.149602
-0.124293
-0.084366
-0.0474804
-0.0428697
-0.0829926
-0.152251
-0.215231
-0.234263
-0.199633
-0.119976
-0.0190314
0.0810306
0.179817
0.267421
0.311664
0.289101
0.197181
0.0636669
-0.0556227
-0.106929
-0.0820116
-0.0172656
0.0330597
0.0417906
0.0321768
0.0283509
0.0251136
0.024525
0.0505215
0.0914292
0.124979
0.163827
0.209444
0.236421
0.224747
0.171969
0.0847584
-0.0311958
-0.156175
-0.258788
-0.286354
-0.221608
-0.102613
0.0089271
0.0494424
0.0042183
-0.0787743
-0.143324
-0.180896
-0.206501
-0.216605
-0.194925
-0.145188
-0.0834831
-0.0185409
0.0296262
0.0503253
0.0620973
0.06867
0.0552303
0.0341388
0.0260946
0.0329616