-0.0113796
-0.0192276
-0.0148131
0.0060822
0.0202086
0.0126549
0.0015696
0.0025506
-0.0002943
-0.0174618
-0.0302148
-0.0287433
-0.015696
0.0079461
0.0363951
0.0563094
0.061803
0.0523854
0.0200124
-0.0179523
-0.037278
-0.0459108
-0.0434583
-0.0202086
0.0014715
0.0007848
-0.011772
-0.0179523
-0.0149112
-0.0084366
0.001962
0.0183447
0.0310977
0.0327654
0.0315882
0.0297243
0.022563
0.0087309
-0.0124587
-0.0278604
-0.0197181
0.004905
0.0305091
0.0476766
0.0425754
0.0191295
-0.0047088
-0.0173637
-0.017658
-0.0133416
-0.0018639
0.0214839
0.0356103
0.0267813
0.0103986
0.000981
0.0031392
0.0081423
0.0124587
0.0220725
0.0217782
0.0017658
-0.0280566
-0.055917
-0.065727
-0.0452241
0.0050031
0.0553284
0.0668061
0.0310977
-0.025506
-0.0610182
-0.0564075
-0.0325692
-0.0110853
0.0067689
0.0243288
0.0349236
0.0367875
0.0280566
0.0085347
-0.0052974
-0.0075537
-0.0046107
0.0001962
0.0097119
0.0193257
0.0273699
0.0291357
0.0063765
-0.0273699
-0.0346293
-0.0124587
0.0007848
-0.0111834
-0.0297243
-0.0408096
-0.0373761
-0.0194238
0.0051012
0.0223668
0.0159903
-0.0101043
-0.0256041
-0.0230535
-0.0210915
-0.0140283
0.0140283
0.03924
0.02943
9.81e-05
-0.0141264
-0.0071613
0.0112815
0.0336483
0.0511101
0.0505215
0.0275661
-0.0123606
-0.0487557
-0.0569961
-0.0365913
0.0025506
0.0471861
0.0738693
0.0693567
0.0423792
0.0012753
-0.0309015
-0.045126
-0.0477747
-0.0299205
0.0074556
0.0366894
0.0383571
0.0212877
0.0040221
-0.0123606
-0.0258003
-0.0181485
0.0093195
0.0222687
0.0034335
-0.0280566
-0.0465975
-0.033354
0.0022563
0.0331578
0.0418887
0.0316863
0.0062784
-0.0328635
-0.0606258
-0.0445374
0.000981
0.031392
0.0423792
0.0477747
0.0417906
0.0268794
0.0219744
0.0197181
9.81e-05
-0.027468
-0.0302148
0.0077499
0.0557208
0.0650403
0.028449
-0.0121644
-0.0361008
-0.0620973
-0.0868185
-0.0792648
-0.0468918
-0.0244269
-0.0112815
0.0077499
0.0358065
0.0700434
0.0897615
0.0770085
0.0409077
-0.0089271
-0.0770085
-0.136948
-0.139891
-0.0947646
-0.0422811
0.007848
0.0440469
0.0584676
0.0498348
0.024525
0.0085347
0.0033354
0.0046107
0.0110853
0.0241326
0.0415944
0.0405153
0.0227592
-0.0133416
-0.0626859
-0.100062
-0.112324
-0.0820116
-0.0126549
0.0574866
0.103299
0.11772
0.0852489
0.0220725
-0.0184428
-0.0406134
-0.064746
-0.0638631
-0.0226611
0.0271737
0.0465975
0.02943
-0.001962
-0.0364932
-0.066708
-0.0741636
-0.048069
0.0192276
0.108989
0.161276
0.135378
0.0512082
-0.0473823
-0.121938
-0.133514
-0.0787743
-0.0051993
0.040221
0.0503253
0.0285471
0.0106929
0.0293319
0.0583695
0.0756351
0.0949608
0.109578
0.0761256
-0.0042183
-0.0720054
-0.112619
-0.14352
-0.153036
-0.134887
-0.0968247
-0.0449298
0.0172656
0.0741636
0.0953532
0.0704358
0.0200124
-0.0262908
-0.0582714
-0.0672966
-0.030411
0.0340407
0.0830907
0.0841698
0.045126
0.0079461
-0.0012753
0.0091233
0.0041202
-0.037278
-0.104869
-0.150191
-0.104476
0.0108891
0.0965304
0.0948627
0.0270756
-0.0507177
-0.0921159
-0.0690624
0.0036297
0.0787743
0.138615
0.170988
0.12753
-0.0017658
-0.154115
-0.236127
-0.215035
-0.131356
-0.0130473
0.11615
0.20964
0.231222
0.162061
0.0132435
-0.15127
-0.24937
-0.218076
-0.0742617
0.0991791
0.210523
0.220234
0.158432
0.0610182
-0.0487557
-0.122331
-0.131062
-0.108695
-0.0671004
-0.006867
0.0363951
0.0371799
0.0257022
0.0298224
0.033354
0.0398286
0.0433602
0.0295281
0.0018639
-0.0165789
-0.0193257
-0.0290376
-0.0422811
-0.0532683
-0.0531702
-0.016677
0.0545436
0.131944
0.169419
0.12753
0.0341388
-0.0595467
-0.139106
-0.175991
-0.142735
-0.0452241
0.0879957
0.187273
0.200516
0.13322
0.006867
-0.112128
-0.139891
-0.0806382
0.0273699
0.119388
0.121938
0.0486576
-0.0468918
-0.10742
-0.0921159
-0.0324711
0.0303129
0.100749
0.178346
0.20964
0.149701
0.0314901
-0.0624897
-0.116249
-0.157254
-0.169713
-0.150584
-0.122429
-0.0705339
0.00981
0.0966285
0.157647
0.162257
0.130865
0.095157
0.0554265
-0.0067689
-0.0605277
-0.0550341
0.0084366
0.0548379
0.0278604
-0.0483633
-0.129983
-0.136457
-0.0485595
0.0208953
0.0340407
0.0266832
-0.0061803
-0.0792648
-0.173931
-0.202871
-0.119388
0.0118701
0.154802
0.274484
0.264379
0.131062
0.0084366
-0.0720054
-0.102809
-0.0688662
-0.0056898
0.0318825
0.0122625
-0.0189333
-0.0298224
-0.0075537
0.0567018
0.108989
0.115267
0.0495405
-0.0929988
-0.193159
-0.186684
-0.1239
-0.0438507
0.0290376
0.0840717
0.0883881
0.0183447
-0.0574866
-0.123116
-0.15696
-0.0728883
0.0809325
0.162061
0.10634
0.0272718
0.0467937
0.109676
0.123606
0.0736731
0.0305091
0.0330597
0.0108891
-0.043164
-0.0465975
-0.0121644
-0.0381609
-0.128315
-0.178444
-0.131846
-0.0442431
0.0522873
0.121546
0.132043
0.122134
0.0948627
0.0499329
0.011772
0.0045126
-0.0038259
-0.0440469
-0.0726921
-0.0635688
-0.0521892
-0.042183
-0.0407115
-0.0619011
-0.040221
0.0136359
0.054936
0.154311
0.247997
0.206304
0.0964323
-0.0148131
-0.100062
-0.12341
-0.0335502
0.0954513
0.113306
0.0311958
-0.0610182
-0.125274
-0.142441
-0.116935
-0.0331578
0.123116
0.24937
0.25663
0.175697
0.0694548
-0.0364932
-0.142637
-0.164219
-0.0501291
0.0368856
0.0429678
0.0424773
0.0399267
0.0359046
-0.0427716
-0.174029
-0.22769
-0.206599
-0.127432
-0.0520911
0.0031392
0.0645498
0.0465975
-0.0303129
-0.044145
-0.0133416
-0.0034335
0.0219744
0.0754389
0.0635688
-0.0512082
-0.119878
-0.0610182
0.0122625
0.0770085
0.165298
0.255551
0.291455
0.159413
-0.103986
-0.289395
-0.318923
-0.316863
-0.32324
-0.201792
-0.0217782
0.0671985
0.108499
0.094176
0.0080442
-0.0877014
-0.128021
-0.112226
-0.0381609
0.0855432
0.14097
0.0520911
-0.109872
-0.250351
-0.337072
-0.29842
-0.102711
0.118407
0.220136
0.188842
0.149995
0.12184
0.0243288
-0.0425754
-0.0415944
-0.0454203
-0.0089271
0.0757332
0.105457
0.0552303
-0.0403191
-0.14146
-0.150387
-0.054936
0.0763218
0.212779
0.318236
0.340407
0.202871
-0.0695529
-0.333932
-0.463817
-0.408292
-0.277329
-0.158922
0.0366894
0.272914
0.378568
0.318531
0.173048
-0.000981
-0.171577
-0.290082
-0.345606
-0.319414
-0.181387
-0.0230535
0.0825021
0.218959
0.29636
0.237893
0.207776
0.244956
0.247604
0.16883
0.0631764
-0.0072594
-0.0761256
-0.155587
-0.265262
-0.396716
-0.375723
-0.145875
0.0759294
0.216409
0.364441
0.464504
0.404074
0.197475
-0.0249174
-0.200222
-0.298616
-0.303619
-0.258984
-0.204539
-0.142539
-0.0910368
-0.0129492
0.11615
0.182564
0.0620973
-0.151564
-0.222098
-0.0976095
0.0464013
0.0877014
0.0671985
0.0870147
0.0929988
-0.0473823
-0.216114
-0.232301
-0.15647
-0.0958437
-0.0592524
0.0003924
0.0651384
0.0605277
-0.0066708
-0.0409077
0.0165789
0.0673947
0.0348255
0.0292338
0.104476
0.0888786
-0.10016
-0.226219
-0.141853
0.0317844
0.203852
0.317648
0.338249
0.272424
0.051993
-0.253687
-0.404859
-0.333148
-0.134397
0.103692
0.259376
0.242896
0.0867204
-0.135967
-0.35885
-0.474117
-0.467152
-0.373565
-0.136948
0.205029
0.477551
0.585853
0.558778
0.45901
0.330597
0.176188
-0.0102024
-0.0841698
0.0190314
0.118995
0.124587
-0.0131454
-0.222196
-0.297537
-0.274778
-0.22769
-0.114188
0.026487
0.183349
0.29018
0.200222
0.0126549
-0.0720054
-0.0739674
-0.0630783
-0.0384552
0.0146169
0.0995715
0.148327
0.127922
0.0688662
-0.02943
-0.0993753
-0.0074556
0.220136
0.35522
0.277034
0.13322
0.0597429
0.0422811
0.0067689
-0.0708282
-0.0748503
0.0162846
0.0241326
-0.0698472
-0.122919
-0.125078
-0.0445374
0.0903501
0.152055
0.205225
0.238383
0.137732
-0.0661194
-0.23495
-0.279389
-0.250155
-0.157843
0.0171675
0.148818
0.181289
0.172264
0.157941
0.169124
0.237598
0.247997
0.132337
0.0114777
-0.0037278
0.0448317
0.103496
0.186881
0.274974
0.295772
0.190608
0.0082404
-0.0675909
-0.0492462
-0.0455184
0.0486576
0.169419
0.150485
0.0691605
-0.0344331
-0.133318
-0.122821
-0.0478728
-0.0534645
-0.142147
-0.162552
-0.0619011
0.076518
0.191295
0.235146
0.161767
-0.0159903
-0.167064
-0.179915
-0.148131
-0.147935
-0.0850527
0.0160884
0.0521892
0.0718092
0.0396324
-0.152644
-0.338739
-0.376213
-0.295477
-0.155685
-0.0287433
0.123312
0.304404
0.445963
0.446551
0.213171
-0.128511
-0.388574
-0.462934
-0.348059
-0.191393
-0.0415944
0.162846
0.388966
0.540531
0.537882
0.37278
0.149799
-0.0602334
-0.269284
-0.556227
-0.808344
-0.824531
-0.636767
-0.360812
-0.0786762
0.0732807
0.0453222
-0.0566037
-0.0975114
-0.0489519
-0.020601
-0.0301167
0.0337464
0.0877995
0.0206991
-0.152055
-0.297341
-0.26899
-0.06867
0.218959
0.439096
0.431738
0.232399
-0.0312939
-0.240737
-0.284784
-0.191785
-0.0561132
0.130375
0.405153
0.631274
0.660017
0.493443
0.222491
-0.0617049
-0.285471
-0.362676
-0.308034
-0.218469
-0.0557208
0.0811287
0.0963342
0.133514
0.229064
0.309309
0.331578
0.233674
0.0594486
-0.115071
-0.260456
-0.287335
-0.122036
0.0877995
0.185801
0.209836
0.180013
-0.0070632
-0.306661
-0.475785
-0.348844
-0.121252
-0.0223668
0.0083385
0.131062
0.258395
0.230437
0.116837
0.0350217
0.0177561
0.041202
0.0099081
-0.133024
-0.285569
-0.363362
-0.397697
-0.386514
-0.262319
-0.0261927
0.170498
0.183741
0.145678
0.244858
0.364245
0.291455
0.082404
-0.124096
-0.270265
-0.311958
-0.29067
-0.256532
-0.188744
-0.0888786
0.042183
0.170596
0.249272
0.280075
0.18433
-0.110461
-0.458618
-0.58036
-0.430463
-0.289003
-0.293711
-0.331382
-0.331676
-0.327654
-0.30774
-0.186881
0.0174618
0.140675
0.0875052
-0.0766161
-0.258984
-0.378862
-0.465386
-0.541022
-0.475
-0.248684
0.0062784
0.189039
0.294398
0.336483
0.248978
0.0723978
-0.108597
-0.232399
-0.20444
-0.0702396
0.0985905
0.206108
0.142834
0.0180504
-0.072594
-0.178248
-0.278996
-0.296066
-0.153232
0.162944
0.516202
0.755076
0.806971
0.602236
0.188548
-0.319217
-0.843758
-1.11393
-0.896242
-0.308132
0.425165
1.04104
1.27265
1.10078
0.648147
0.0829926
-0.400052
-0.620679
-0.564467
-0.386024
-0.149308
0.131454
0.275367
0.186881
-0.0328635
-0.256433
-0.327948
-0.226709
-0.0482652
0.258395
0.714462
1.09381
1.22134
1.10039
0.772537
0.289984
-0.251725
-0.675909
-0.865242
-0.755174
-0.403485
0.0528759
0.522284
0.800006
0.81011
0.664333
0.441254
0.222687
-0.0064746
-0.258592
-0.434289
-0.407606
-0.0357084
0.497465
0.745658
0.678263
0.602236
0.583106
0.518753
0.378764
0.297537
0.439782
0.690035
0.865144
1.05134
1.25656
1.30198
1.10725
0.745266
0.245642
-0.384062
-0.860337
-0.877897
-0.519047
-0.0035316
0.54161
0.834831
0.581831
-0.22926
-1.12462
-1.39086
-0.691899
0.764003
2.23531
2.716
1.67035
-0.56329
-2.84804
-3.86279
-3.18962
-1.42677
0.389457
1.36222
1.18946
0.32736
-0.39809
-0.612831
-0.492658
-0.344331
-0.417415
-0.77087
-1.15866
-1.35133
-1.41647
-1.37468
-1.10676
-0.650795
-0.125568
0.285079
0.458127
0.520911
0.469016
0.137536
-0.332657
-0.712598
-0.934991
-0.882017
-0.576337
-0.334521
-0.345018
-0.550047
-0.807559
-0.991202
-0.990418
-0.873875
-0.795983
-0.796474
-0.925574
-1.11226
-1.14777
-1.00768
-0.692782
-0.13734
0.482554
0.880153
0.862299
0.385141
-0.305582
-0.929988
-1.33092
-1.45325
-1.291
-0.939994
-0.538079
-0.170302
0.112226
0.306464
0.467937
0.45744
0.236029
-0.0629802
-0.447827
-0.960301
-1.24234
-0.519243
1.32729
2.5972
1.3889
-1.21968
-1.80435
0.253687
1.3321
-0.536999
-2.2251
-0.975899
0.973348
0.845033
-0.0560151
0.300284
1.11343
0.889865
0.077499
-0.413786
-0.583989
-0.594388
-0.423007
-0.227003
-0.137046
-0.0339426
0.18276
0.337072
0.278015
0.193944
0.199437
0.212288
0.351492
0.679441
0.998952
1.27039
1.57401
1.76011
1.67035
1.38321
1.04839
0.835616
0.710244
0.552892
0.45332
0.49099
0.543278
0.487753
0.414276
0.528367
0.839442
1.14306
1.12854
0.698472
0.2375
0.129688
0.273993
0.457048
0.600568
0.660605
0.574376
0.329027
0.144011
0.186586
0.258199
0.275072
0.395637
0.455576
0.271345
-0.0084366
-0.160001
-0.134887
-0.0116739
0.159314
0.366403
0.461364
0.294791
-0.162454
-0.757626
-1.11167
-0.993557
-0.526012
0.112521
0.843562
1.37242
1.18956
0.219253
-0.924396
-1.46277
-1.09391
-0.207972
0.46676
0.412805
-0.39603
-1.46797
-1.93218
-1.15464
0.412903
1.21409
0.158039
-1.81946
-2.44514
-0.633726
2.04794
3.03963
1.83359
0.211896
-0.0805401
0.847584
1.49573
0.899479
-0.342173
-0.970013
-0.545828
0.345704
0.972563
1.06595
0.836891
0.599489
0.450573
0.239364
-0.139891
-0.563977
-0.79824
-0.690232
-0.34698
0.0217782
0.312252
0.43213
0.383473
0.283607
0.158333
-0.0773028
-0.43527
-0.762139
-0.932342
-0.999443
-1.0845
-1.10892
-0.929596
-0.535724
-0.0387495
0.355907
0.519145
0.442039
0.187077
-0.0652365
-0.121153
0.0465975
0.395834
0.740066
0.825413
0.602628
0.0864261
-0.595173
-1.1204
-1.16474
-0.738987
-0.0704358
0.66865
1.20898
1.29737
1.07557
0.797455
0.572119
0.441744
0.283117
0.0247212
-0.255551
-0.500997
-0.800692
-1.12952
-1.37193
-1.52487
-1.52595
-1.18829
-0.473725
0.404466
1.1257
1.38478
1.23008
0.980411
0.781857
0.589973
0.397796
0.406428
0.841404
1.49347
1.85438
1.85801
1.62709
1.1873
0.65933
0.29999
0.165102
0.212583
0.32216
0.333638
0.257807
0.221412
0.227396
0.207089
0.190706
0.232595
0.269383
0.156568
-0.226905
-0.691213
-0.988652
-1.07979
-1.04575
-1.00209
-0.886137
-0.594977
-0.837578
-2.05382
-2.68431
-1.91609
-1.10775
-4.32307
-3.18236
-1.58412
-1.64602
-0.505804
-1.12589
0.495503
1.28334
0.525914
0.788626
0.893299
0.63559
0.686406
0.916843
1.10735
1.31797
1.48916
1.45885
1.24479
1.08813
1.19407
1.52408
1.97985
2.41248
2.62898
2.48095
1.84389
0.937934
0.267519
-0.0232497
-0.193453
-0.529544
-1.0119
-1.34191
-1.44864
-1.50534
-1.69075
-1.97711
-2.127
-2.04117
-1.92158
-1.93218
-1.95798
-1.93355
-1.98515
-2.08835
-2.14859
-2.18371
-2.15594
-2.03214
-1.79935
-1.5075
-1.26255
-1.14443
-1.10627
-1.00621
-0.863967
-0.786272
-0.746247
-0.765965
-0.894083
-0.983943
-0.895261
-0.594584
-0.172264
0.236617
0.591052
0.853862
1.05487
1.22282
1.27304
1.22311
1.27039
1.47297
1.63631
1.46503
0.96962
0.486478
0.265655
0.256532
0.272718
0.235146
0.154704
-0.038259
-0.402995
-0.753212
-0.775481
-0.450279
-0.0957456
0.160884
0.603805
1.39959
2.07266
1.90657
0.83797
-0.497956
-1.1615
-0.744187
0.0768123
0.331186
0.0831888
0.200909
0.787056
1.04359
0.729668
0.366305
0.225532
0.0719073
-0.263006
-0.443804
-0.252607
-0.0258984
-0.0689643
-0.345901
-0.697883
-1.13884
-1.68967
-2.18734
-2.47575
-2.3441
-1.78042
-0.984728
-0.001962
1.19005
2.19273
2.78437
2.9687
2.76613
2.32409
1.7762
1.19829
0.75743
0.523167
0.483927
0.573787
0.674732
0.681893
0.619109
0.518655
0.361793
0.147248
-0.0642555
-0.210424
-0.31441
-0.406036
-0.429678
-0.403191
-0.560151
-0.973348
-1.44737
-1.74029
-1.75138
-1.46503
-0.953826
-0.280762
0.306759
0.561426
0.360616
-0.118309
-0.618717
-0.973839
-1.04064
-0.711519
-0.153036
0.3356
0.539746
0.500408
0.394558
0.334227
0.366992
0.484516
0.5989
0.664529
0.699453
0.754193
0.810404
0.802556
0.837676
1.01239
1.16229
1.01357
0.493737
-0.101337
-0.49982
-0.783623
-1.17279
-1.64131
-1.88068
-1.63739
-1.09607
-0.618422
-0.277525
-0.0167751
0.186979
0.39446
0.60204
0.878976
1.3064
1.89637
2.44838
2.93172
3.7588
3.66148
4.91236
4.40626
4.27873
3.08887
2.43288
2.05049
1.21722
0.328439
-0.604787
-1.36957
-1.78071
-1.71861
-1.38488
-1.04163
-0.714266
-0.253196
0.374938
0.976193
1.27864
1.208
0.966383
0.746639
0.534743
0.223374
-0.135476
-0.416238
-0.553971
-0.619502
-0.716424
-0.782053
-0.642849
-0.358752
-0.0280566
0.494914
1.24999
1.97622
2.28642
2.03754
1.47591
0.91802
0.440273
0.0067689
-0.305189
-0.46676
-0.661783
-1.14522
-1.92374
-2.69186
-3.15911
-3.2423
-3.06494
-2.8036
-2.59445
-2.61446
-2.90572
-3.20395
-3.28772
-3.08966
-2.68519
-2.23619
-1.67368
-0.816486
0.127432
0.843562
1.36025
1.8275
2.21363
2.31693
1.97721
1.32043
0.586344
-0.115856
-0.707497
-0.981491
-0.830318
-0.470978
-0.283019
-0.399071
-0.610574
-0.862789
-1.24783
-1.54341
-1.38135
-0.771164
-0.1394
0.218763
0.278212
0.189824
0.0957456
0.0787743
0.198162
0.510218
0.940583
1.35074
1.72313
2.07815
2.30211
2.21412
1.76099
1.08244
0.436643
-0.0191295
-0.256139
-0.307151
-0.180602
0.1136
0.587913
1.18446
1.62748
1.50584
0.91645
0.572315
0.567508
-0.0775971
-1.64847
-3.00255
-3.1496
-2.55148
-2.05647
-1.35496
-0.0148131
1.40656
2.25316
2.47251
2.4009
2.08256
1.44403
0.700336
-0.0055917
-0.633628
-1.04535
-1.12854
-0.86171
-0.497465
-0.241228
-0.0592524
-0.137929
-0.789901
-1.92492
-3.13959
-4.07203
-4.4712
-4.1924
-3.31441
-2.07256
-0.799515
0.192276
0.761354
1.03947
1.28658
1.70998
2.33556
2.9791
3.45626
3.68287
3.57261
2.97802
2.00624
0.981785
0.217684
-0.164514
-0.358948
-0.578201
-0.864359
-1.28678
-1.78258
-2.18616
-2.30721
-2.1016
-1.57097
-0.760864
0.191001
1.18642
2.08315
2.66214
2.87256
2.77201
2.52097
2.26533
1.98152
1.61826
1.26745
0.958241
0.643046
0.413492
0.325398
0.241424
0.130767
-0.0385533
-0.36709
-0.869558
-1.42353
-1.82466
-1.9515
-1.80553
-1.45188
-1.03329
-0.638729
-0.237696
0.140283
0.354533
0.240737
-0.180406
-0.616068
-0.784604
-0.682384
-0.307544
0.243386
0.562211
0.487067
0.218273
-0.242994
-0.877603
-1.39979
-1.47327
-1.16101
-0.773518
-0.480101
-0.27056
-0.179131
-0.205127
-0.275269
-0.334129
-0.362774
-0.3511
-0.271737
-0.196985
-0.144207
-0.128511
-0.232497
-0.543278
-0.982962
-1.32621
-1.36565
-1.12825
-0.784898
-0.310486
0.278408
0.726627
0.898007
0.789411
0.422811
-0.0534645
-0.35522
-0.385533
-0.214152
0.048069
0.212485
0.0761256
-0.334521
-0.722899
-0.895064
-0.878878
-0.71044
-0.313822
0.251725
0.773518
1.11795
1.2495
1.24047
1.14738
0.933814
0.603413
0.267617
-0.118603
-0.620875
-0.985905
-1.03603
-0.814917
-0.409567
-0.042183
0.103299
0.0354141
-0.191001
-0.541218
-0.948431
-1.30434
-1.48877
-1.45237
-1.14296
-0.646185
-0.223962
-0.0092214
-0.0047088
-0.250351
-0.705339
-1.21889
-1.67437
-1.96573
-1.97907
-1.76256
-1.58019
-1.64592
-1.92717
-2.14388
-2.06844
-1.68604
-1.13237
-0.573296
-0.106046
0.198947
0.315588
0.344331
0.365128
0.350511
0.299205
0.246231
0.200026
0.159216
0.0996696
0.0583695
0.134593
0.275563
0.385631
0.438899
0.387887
0.302246
0.385729
0.725449
1.30532
2.0031
2.5661
2.8245
2.78055
2.39374
1.6005
0.601059
-0.2272
-0.524933
-0.295673
0.141558
0.508747
0.694254
0.683168
0.560838
0.390929
0.271639
0.222
0.205225
0.224943
0.144796
-0.147248
-0.529348
-0.840423
-0.974035
-0.897811
-0.73575
-0.660703
-0.745756
-0.932441
-1.06017
-0.973642
-0.727608
-0.454693
-0.200124
-0.0445374
-0.0867204
-0.334521
-0.644713
-0.784408
-0.669631
-0.423007
-0.150584
0.117131
0.339622
0.495797
0.579673
0.62372
0.636669
0.630881
0.643438
0.614793
0.40015
0.0013734
-0.358359
-0.494326
-0.36503
-0.0014715
0.53798
1.18044
1.7605
1.99143
1.79582
1.36673
0.893102
0.499918
0.353945
0.517576
0.841698
1.17004
1.35162
1.33406
1.17416
0.950393
0.714855
0.560249
0.559072
0.742225
1.02279
1.26117
1.35908
1.27716
1.02927
0.719564
0.40172
0.0380628
-0.378175
-0.711323
-0.804322
-0.67689
-0.467937
-0.226022
0.0277623
0.232595
0.293123
0.116641
-0.210817
-0.487949
-0.56123
-0.38053
-0.0526797
0.313626
0.645302
0.770674
0.535626
-0.0046107
-0.616362
-1.09735
-1.29816
-1.17239
-0.799319
-0.31343
0.116052
0.36091
0.380628
0.193257
-0.0741636
-0.267224
-0.335698
-0.300873
-0.225924
-0.167849
-0.119093
-0.0540531
0.0564075
0.224551
0.384356
0.465877
0.437036
0.322749
0.223864
0.242994
0.409469
0.633235
0.812562
0.922336
0.931165
0.750269
0.373565
-0.0052974
-0.207776
-0.214937
-0.134593
-0.0543474
0.0031392
-0.0023544
-0.0133416
0.0737712
0.225336
0.359929
0.391125
0.291259
0.151074
0.0212877
-0.144894
-0.372191
-0.589679
-0.652365
-0.469899
-0.153723
0.118995
0.256924
0.242307
0.086328
-0.149504
-0.351689
-0.473234
-0.492756
-0.353945
-0.0957456
0.102809
0.125862
0.0259965
-0.10016
-0.219744
-0.313135
-0.355907
-0.316667
-0.117426
0.210424
0.478728
0.570059
0.524933
0.404074
0.246722
0.0982962
-0.0004905
-0.0307053
-0.0105948
0.0341388
0.143815
0.3356
0.493934
0.534351
0.479415
0.33923
0.124293
-0.12753
-0.391517
-0.598018
-0.634903
-0.508747
-0.352081
-0.261927
-0.206402
-0.106046
0.0083385
0.0914292
0.156764
0.217488
0.28086
0.294202
0.220921
0.105654
0.0135378
0.0187371
0.172754
0.387691
0.485006
0.350609
-0.0016677
-0.439488
-0.834635
-1.09391
-1.12629
-0.896634
-0.495699
-0.0675909
0.281351
0.464994
0.392989
0.0959418
-0.247506
-0.459697
-0.505019
-0.46882
-0.37435
-0.172852
0.178346
0.57722
0.850527
0.951374
0.90046
0.659919
0.209444
-0.355514
-0.826885
-0.968149
-0.803929
-0.511788
-0.13734
0.281155
0.622444
0.739282
0.588894
0.30568
0.0746541
-0.0394362
-0.0229554
0.155096
0.432817
0.666786
0.815505
0.854451
0.752329
0.512965
0.190118
-0.181681
-0.544357
-0.73624
-0.677773
-0.438703
-0.137634
0.0822078
0.159118
0.136457
0.0355122
-0.109774
-0.231614
-0.236029
-0.106242
0.0460089
0.0697491
-0.0359046
-0.189039
-0.37896
-0.540825
-0.528563
-0.312056
-0.0721035
-0.010791
-0.117328
-0.242601
-0.333344
-0.434681
-0.56535
-0.633235
-0.597135
-0.549458
-0.567312
-0.638337
-0.637356
-0.470488
-0.185899
0.0950589
0.309702
0.419868
0.366796
0.116347
-0.230829
-0.455576
-0.446551
-0.251528
0.0339426
0.280174
0.404466
0.40996
0.303718
0.113207
-0.093195
-0.250155
-0.343644
-0.407017
-0.407213
-0.278114
-0.0319806
0.266047
0.489519
0.514731
0.317942
-0.016677
-0.303718
-0.40584
-0.371407
-0.257218
-0.0673947
0.131356
0.278015
0.327556
0.256237
0.127138
0.0287433
0.0054936
0.0142245
-0.0340407
-0.190216
-0.439194
-0.693861
-0.843268
-0.802458
-0.57104
-0.238285
0.0546417
0.186881
0.162552
0.0428697
-0.137929
-0.335993
-0.504038
-0.606552
-0.681108
-0.769006
-0.808835
-0.704162
-0.485987
-0.268009
-0.107518
-0.0024525
0.080442
0.134201
0.133318
0.107518
0.111638
0.150682
0.171381
0.168241
0.154998
0.106733
0.0393381
0.0106929
0.0553284
0.169713
0.294594
0.36297
0.379843
0.382001
0.367483
0.304797
0.175991
0.0434583
-0.0378666
-0.0744579
-0.0564075
0.0130473
0.0968247
0.191884
0.292044
0.373271
0.422222
0.393185
0.263006
0.0635688
-0.143226
-0.290965
-0.360517
-0.362676
-0.291455
-0.131258
0.0799515
0.233674
0.236225
0.0708282
-0.208953
-0.463326
-0.55554
-0.462051
-0.251038
-0.0395343
0.0808344
0.129198
0.120074
0.0398286
-0.0464013
0.0007848
0.199928
0.3769
0.407213
0.292436
0.0820116
-0.176972
-0.434289
-0.59478
-0.613027
-0.553971
-0.532192
-0.55554
-0.566724
-0.552499
-0.522873
-0.466171
-0.368562
-0.21013
-0.0074556
0.138321
0.168438
0.151564
0.141068
0.11978
0.0906444
0.100651
0.156862
0.177659
0.0788724
-0.0981
-0.240737
-0.274288
-0.201301
-0.0688662
0.0880938
0.254668
0.425852
0.571727
0.657074
0.677773
0.602923
0.439782
0.285373
0.212485
0.219155
0.248978
0.260652
0.2943
0.370327
0.438507
0.441646
0.32216
0.0774009
-0.194827
-0.413295
-0.547692
-0.561623
-0.423792
-0.193846
0.0087309
0.126255
0.216605
0.339034
0.438507
0.450573
0.384846
0.258101
0.107616
0.0118701
0.0113796
0.0703377
0.0542493
-0.0907425
-0.258395
-0.353749
-0.341682
-0.182564
0.0970209
0.377881
0.564369
0.6144
0.507471
0.274974
0.0636669
0.0291357
0.176972
0.386514
0.557208
0.639416
0.61754
0.505019
0.362872
0.240541
0.144501
0.0726921
0.0574866
0.0646479
0.0219744
-0.0679833
-0.117916
-0.064746
0.056898
0.193649
0.330008
0.441941
0.480886
0.424969
0.265753
0.0214839
-0.222393
-0.382688
-0.420555
-0.37896
-0.339917
-0.344625
-0.387887
-0.426735
-0.421339
-0.397207
-0.400542
-0.419279
-0.398482
-0.310781
-0.194336
-0.100945
-0.0487557
-0.0201105
0.0073575
0.0026487
-0.0736731
-0.160492
-0.150878
-0.0540531
-9.81e-05
-0.0702396
-0.199437
-0.314312
-0.422419
-0.516104
-0.49462
-0.27674
0.0609201
0.38102
0.574866
0.59478
0.452535
0.210621
-0.0405153
-0.208561
-0.225924
-0.0983943
0.060822
0.139694
0.138321
0.0969228
0.0263889
-0.0503253
-0.0713187
-0.0206991
0.0592524
0.129296
0.158628
0.154704
0.168634
0.192963
0.164612
0.0737712
-0.0114777
-0.047088
-0.0535626
-0.0119682
0.119486
0.317255
0.495994
0.574474
0.546123
0.436643
0.261829
0.0671004
-0.0914292
-0.193747
-0.242503
-0.241326
-0.200222
-0.165593
-0.132239
-0.0252117
0.137536
0.239953
0.234753
0.13577
-0.0320787
-0.169321
-0.171184
-0.0630783
0.0653346
0.157254
0.221608
0.255943
0.21945
0.126941
0.0383571
-0.0189333
-0.0557208
-0.0840717
-0.0671985
0.0120663
0.070632
0.0452241
-0.0305091
-0.10222
-0.138517
-0.134986
-0.110166
-0.0651384
0.0026487
0.0913311
0.134887
0.0998658
0.0429678
-0.0138321
-0.0673947
-0.0822078
-0.022563
0.0886824
0.160786
0.153232
0.13685
0.15696
0.194042
0.212485
0.185017
0.124587
0.0477747
-0.0212877
-0.0499329
-0.074556
-0.191589
-0.371603
-0.493247
-0.470782
-0.313135
-0.0741636
0.208855
0.441941
0.490108
0.317648
0.0504234
-0.152447
-0.213466
-0.146463
-0.0280566
0.0776952
0.190314
0.277329
0.238972
0.0517968
-0.195219
-0.377979
-0.436447
-0.38877
-0.259082
-0.0860337
0.0764199
0.133514
0.0149112
-0.233086
-0.47451
-0.609397
-0.631175
-0.539452
-0.340505
-0.142049
-0.0112815
0.0491481
0.046107
0.0553284
0.0894672
0.075537
0.0458127
0.08829
0.202576
0.271541
0.213269
0.065727
-0.0792648
-0.179033
-0.263693
-0.34953
-0.388574
-0.361106
-0.259965
-0.0655308
0.166574
0.359046
0.459795
0.418887
0.22563
-0.061803
-0.348549
-0.550537
-0.615774
-0.544455
-0.401131
-0.274386
-0.202871
-0.155292
-0.0580752
0.108499
0.296066
0.427029
0.479513
0.475295
0.41565
0.294104
0.143913
0.0410058
0.0321768
0.0857394
0.154507
0.203165
0.215133
0.195121
0.147542
0.0914292
0.0579771
0.073575
0.1239
0.1652
0.173245
0.142245
0.122429
0.169026
0.246918
0.284588
0.268009
0.216703
0.122331
-0.007848
-0.144403
-0.254177
-0.289493
-0.229554
-0.105556
0.0070632
0.0437526
0.0152055
-0.0141264
-0.0052974
-0.007848
-0.0636669
-0.117328
-0.162257
-0.244171
-0.319904
-0.30568
-0.177169
0.0366894
0.25918
0.413197
0.481573
0.446551
0.291651
0.090252
-0.0605277
-0.0989829
-0.0268794
0.0890748
0.210424
0.316765
0.360812
0.330107
0.25094
0.169124
0.139596
0.158726
0.179719
0.168438
0.116249
0.0611163
0.0447336
0.0601353
0.0956475
0.13783
0.142441
0.0465975
-0.134986
-0.260063
-0.224551
-0.0558189
0.158824
0.33972
0.436545
0.39603
0.206402
-0.0440469
-0.232203
-0.287727
-0.237696
-0.164612
-0.108695
-0.0426735
0.0338445
0.0672966
0.0459108
0.0157941
-0.0183447
-0.0986886
-0.237304
-0.367188
-0.389457
-0.266342
-0.0521892
0.166083
0.287237
0.252019
0.0640593
-0.179229
-0.336483
-0.347666
-0.248193
-0.092214
0.0397305
0.0719073
-0.0322749
-0.211013
-0.360419
-0.424283
-0.394362
-0.281253
-0.155685
-0.101141
-0.134201
-0.24525
-0.39446
-0.503645
-0.511591
-0.400935
-0.23181
-0.109382
-0.0610182
-0.0257022
0.0110853
-0.00981
-0.108499
-0.194336
-0.19571
-0.113207
0.0413001
0.246427
0.438213
0.545142
0.52405
0.410156
0.254962
0.0660213
-0.121546
-0.236617
-0.260161
-0.227494
-0.182564
-0.148621
-0.109283
-0.0439488
0.0222687
0.0589581
0.0762237
0.121742
0.216016
0.339328
0.449004
0.489519
0.460579
0.394166
0.287531
0.113698
-0.111147
-0.301756
-0.359733
-0.249076
-0.0242307
0.209444
0.370916
0.444393
0.427127
0.287727
0.0837774
-0.0723978
-0.148523
-0.162257
-0.13116
-0.0926064
-0.0620973
-0.0607239
-0.0919197
-0.128021
-0.155489
-0.148523
-0.118407
-0.111736
-0.100945
-0.024525
0.112423
0.233674
0.262712
0.212779
0.13891
0.0577809
-0.0380628
-0.126157
-0.172852
-0.16471
-0.129688
-0.0846603
-0.0102024
0.0781857
0.106242
0.0415944
-0.064746
-0.142539
-0.168045
-0.147444
-0.0809325
0.0075537
0.0640593
0.0751446
0.0621954
0.0183447
-0.0865242
-0.238873
-0.374938
-0.448121
-0.448121
-0.383571
-0.268696
-0.118112
0.0041202
0.0258003
-0.0565056
-0.172165
-0.254471
-0.302933
-0.309309
-0.232497
-0.0937836
0.0183447
0.0791667
0.165691
0.312252
0.445963
0.479513
0.388476
0.215526
0.0291357
-0.0994734
-0.127138
-0.0859356
-0.02943
0.0134397
0.0139302
-0.0090252
-9.81e-05
0.0644517
0.18227
0.309015
0.373074
0.349628
0.273307
0.18276
0.117916
0.0918216
0.0675909
0.0218763
-0.0292338
-0.0708282
-0.0900558
-0.0769104
-0.0174618
0.0872109
0.195808
0.263398
0.284098
0.277329
0.262221
0.232791
0.176972
0.0981
0.0174618
-0.0399267
-0.0472842
0.0020601
0.0675909
0.107027
0.127726
0.122919
0.0582714
-0.0579771
-0.156666
-0.199045
-0.21013
-0.208266
-0.18433
-0.132631
-0.0756351
-0.0375723
-0.0007848
0.0541512
0.105948
0.102024
0.008829
-0.153232
-0.336875
-0.496582
-0.568784
-0.516987
-0.371995
-0.195513
-0.0440469
0.0387495
0.0397305
-0.022563
-0.0644517
-0.0473823
-0.0275661
-0.0229554
0.0124587
0.0792648
0.150584
0.205814
0.247801
0.261633
0.204833
0.0867204
-0.0119682
-0.0074556
0.0987867
0.21631
0.275465
0.25506
0.160099
0.0101043
-0.118701
-0.159314
-0.108793
0.0295281
0.19669
0.254864
0.150584
-0.0664137
-0.291553
-0.419181
-0.397599
-0.236813
-0.0220725
0.142245
0.197377
0.148916
0.0349236
-0.0910368
-0.158039
-0.14872
-0.0929988
-0.0293319
-0.0006867
-0.0253098
-0.0974133
-0.212288
-0.339818
-0.42595
-0.43939
-0.384552
-0.280174
-0.164121
-0.0778914
-0.0201105
0.0209934
0.0223668
0.0120663
0.0477747
0.0947646
0.0957456
0.0744579
0.0571923
0.060822
0.0897615
0.149504
0.230535
0.2685
0.216507
0.0975114
-0.0439488
-0.16834
-0.242699
-0.266047
-0.242797
-0.160295
-0.0405153
0.0628821
0.109087
0.0923121
0.0393381
-0.0163827
-0.0635688
-0.108891
-0.129001
-0.0845622
0.008829
0.0967266
0.159314
0.20238
0.204048
0.142343
0.0222687
-0.107321
-0.177953
-0.172264
-0.12184
-0.0355122
0.0726921
0.156273
0.154017
0.0818154
0.0240345
0.0201105
0.0828945
0.195415
0.285569
0.30048
0.249468
0.169124
0.0649422
-0.059841
-0.171871
-0.221216
-0.181093
-0.0714168
0.0660213
0.184526
0.238187
0.21376
0.1239
0.0140283
-0.0491481
-0.0564075
-0.0393381
0.0002943
0.0397305
0.0430659
-0.0052974
-0.0950589
-0.188646
-0.254668
-0.274091
-0.233968
-0.14872
-0.0732807
-0.051993
-0.061803
-0.0629802
-0.0432621
-0.0022563
0.0530721
0.080442
0.0330597
-0.0649422
-0.136555
-0.138713
-0.107518
-0.0826983
-0.0439488
0.0069651
0.0216801
-0.0246231
-0.125372
-0.231222
-0.296066
-0.331186
-0.337856
-0.300677
-0.236323
-0.171871
-0.10379
-0.0157941
0.0699453
0.111638
0.0969228
0.0371799
-0.0173637
-0.0278604
0.0079461
0.0962361
0.22406
0.297243
0.235538
0.0749484
-0.0810306
-0.188156
-0.232595
-0.183839
-0.0375723
0.162846
0.343154
0.404466
0.302933
0.0898596
-0.142245
-0.293319
-0.278015
-0.11566
0.103888
0.313233
0.458912
0.494032
0.39603
0.198751
-0.0236421
-0.191491
-0.25506
-0.211209
-0.0918216
0.0596448
0.177953
0.20758
0.162552
0.0851508
0.0010791
-0.086328
-0.166476
-0.197475
-0.163435
-0.0772047
0.0376704
0.136065
0.183251
0.166083
0.080442
-0.0364932
-0.141558
-0.210915
-0.200713
-0.0861318
0.111049
0.313331
0.419181
0.391321
0.277623
0.136065
0.0095157
-0.0643536
-0.0493443
0.043164
0.129394
0.115856
-0.0126549
-0.165397
-0.253
-0.272522
-0.235832
-0.144501
-0.0254079
0.0655308
0.0797553
0.0502272
0.0571923
0.103005
0.142637
0.145973
0.10379
0.0183447
-0.0743598
-0.113109
-0.0501291
0.0777933
0.177659
0.177267
0.0751446
-0.0769104
-0.217095
-0.299009
-0.295772
-0.207089
-0.0521892
0.0946665
0.172362
0.176286
0.103397
-0.0226611
-0.121055
-0.111736
0.0097119
0.169713
0.28812
0.306661
0.239462
0.138615
0.0433602
-0.0041202
0.0217782
0.0974133
0.156568
0.148425
0.0911349
0.0083385
-0.0904482
-0.142932
-0.0846603
0.0279585
0.0897615
0.064746
-0.010791
-0.0885843
-0.156273
-0.224649
-0.274582
-0.284
-0.27311
-0.261044
-0.238187
-0.196789
-0.11929
-0.018639
0.080442
0.186979
0.28655
0.332363
0.291847
0.174127
0.0237402
-0.119192
-0.24319
-0.327163
-0.339132
-0.284882
-0.198751
-0.118799
-0.0807363
-0.0861318
-0.090252
-0.0585657
-0.0067689
0.026487
0.0266832
0.0022563
-0.0282528
-0.0396324
-0.0093195
0.0536607
0.128119
0.185017
0.214545
0.213662
0.1704
0.085347
-0.0126549
-0.0947646
-0.148033
-0.179033
-0.194925
-0.197279
-0.187077
-0.168241
-0.14146
-0.0947646
-0.0311958
0.0180504
0.0211896
-0.0138321
-0.0371799
-0.0350217
-0.0197181
0.0057879
0.0248193
0.0303129
0.040221
0.0625878
0.0887805
0.0921159
0.0337464
-0.0877995
-0.222883
-0.302737
-0.293908
-0.195023
-0.0387495
0.105948
0.208168
0.251528
0.215133
0.120761
0.0308034
-0.0081423
-0.0036297
0.0227592
0.0757332
0.136359
0.168634
0.15647
0.119584
0.109382
0.123998
0.110264
0.0537588
-0.0126549
-0.0639612
-0.0906444
-0.099081
-0.107616
-0.118799
-0.11409
-0.0923121
-0.0642555
-0.0218763
0.0250155
0.0661194
0.126157
0.20807
0.286746
0.336777
0.338641
0.295477
0.220725
0.136555
0.0799515
0.0660213
0.0672966
0.0584676
0.0487557
0.0458127
0.0178542
-0.0380628
-0.0775971
-0.081423
-0.0740655
-0.0798534
-0.0930969
-0.0903501
-0.0767142
-0.0599391
-0.0466956
-0.0484614
-0.0581733
-0.0669042
-0.0770085
-0.0792648
-0.0624897
-0.0208953
0.0388476
0.0979038
0.146659
0.161669
0.120173
0.0357084
-0.0845622
-0.203754
-0.268696
-0.267617
-0.185899
-0.0397305
0.0927045
0.164514
0.173245
0.142637
0.0991791
0.044145
-0.0307053
-0.107321
-0.149406
-0.144109
-0.100847
-0.0344331
0.0346293
0.0878976
0.111245
0.129492
0.170302
0.210523
0.202478
0.130964
0.0216801
-0.0896634
-0.181387
-0.248193
-0.286648
-0.273895
-0.206893
-0.121252
-0.0530721
-0.0050031
0.0240345
0.0288414
0.026487
0.0569961
0.126549
0.196102
0.227886
0.192963
0.0887805
-0.0458127
-0.156175
-0.19051
-0.13783
-0.0361008
0.0528759
0.0761256
0.0119682
-0.113894
-0.230241
-0.265459
-0.191982
-0.0356103
0.144403
0.29224
0.368954
0.366796
0.30048
0.210424
0.134201
0.0694548
0.0129492
-0.010791
0.0038259
0.046107
0.0857394
0.0958437
0.0822078
0.0744579
0.0845622
0.0921159
0.0675909
0.0217782
0.0024525
0.0226611
0.0472842
0.0600372
0.0493443
0.0157941
-0.0237402
-0.0600372
-0.0799515
-0.0813249
-0.0685719
-0.0116739
0.0884862
0.180602
0.225728
0.227592
0.190903
0.105457
-0.0089271
-0.0998658
-0.140479
-0.111638
-0.0113796
0.113404
0.212485
0.262908
0.245544
0.147346
-0.0002943
-0.127138
-0.194336
-0.208855
-0.195808
-0.165789
-0.131356
-0.120859
-0.131846
-0.123606
-0.0789705
-0.0100062
0.0683757
0.141755
0.190412
0.201497
0.170007
0.103299
0.0226611
-0.0516987
-0.122723
-0.187763
-0.218861
-0.197279
-0.144305
-0.0909387
-0.0478728
-0.0092214
0.0181485
0.0170694
-0.0089271
-0.0433602
-0.0642555
-0.0633726
-0.0553284
-0.0624897
-0.0984924
-0.139008
-0.168241
-0.179915
-0.151172
-0.0845622
-0.013734
0.0275661
0.0300186
0.0059841
-0.0379647
-0.105359
-0.180798
-0.24525
-0.29224
-0.310388
-0.298224
-0.274189
-0.245937
-0.213367
-0.179915
-0.144207
-0.097119
-0.0346293
0.0405153
0.127236
0.204342
0.225238
0.158726
0.0349236
-0.0871128
-0.170105
-0.194238
-0.158922
-0.0778914
0.031392
0.134593
0.1962
0.184526
0.114777
0.0631764
0.0767142
0.135869
0.205127
0.258984
0.28037
0.26536
0.209836
0.119192
0.0292338
-0.0234459
-0.0463032
-0.0458127
-0.0105948
0.0511101
0.110853
0.161178
0.213171
0.234067
0.183938
0.0823059
-0.0170694
-0.0697491
-0.0530721
0.0152055
0.107714
0.198162
0.240247
0.197279
0.0775971
-0.0550341
-0.140087
-0.164906
-0.131258
-0.0599391
0.0154017
0.0699453
0.100454
0.101337
0.0672966
0.0033354
-0.0548379
-0.0750465
-0.0750465
-0.0797553
-0.102318
-0.146954
-0.18227
-0.197868
-0.19669
-0.147444
-0.0620973
-0.004905
0.0016677
-0.0153036
-0.0085347
0.0369837
0.100847
0.175697
0.250744
0.299401
0.292828
0.221314
0.120369
0.0218763
-0.0764199
-0.16883
-0.227592
-0.244171
-0.218959
-0.156077
-0.0672966
0.0322749
0.107125
0.127138
0.111736
0.0883881
0.0693567
0.0495405
0.0339426
0.0320787
0.03924
0.0483633
0.0501291
0.0167751
-0.0585657
-0.155194
-0.23132
-0.238775
-0.165985
-0.0560151
0.0422811
0.107223
0.136457
0.130081
0.0982962
0.0691605
0.0644517
0.0789705
0.101435
0.122233
0.125764
0.0893691
0.0133416
-0.0754389
-0.135182
-0.13165
-0.0805401
-0.0390438
-0.0317844
-0.0361008
-0.027468
0.0051012
0.069651
0.141264
0.18845
0.218273
0.240149
0.229064
0.16265
0.0573885
-0.0511101
-0.141656
-0.198358
-0.196789
-0.11409
0.0297243
0.166378
0.237991
0.227984
0.146463
0.0277623
-0.0817173
-0.137242
-0.122429
-0.0592524
0.0053955
0.0381609
0.0266832
-0.0250155
-0.10997
-0.20032
-0.268794
-0.300677
-0.300088
-0.287237
-0.279781
-0.264576
-0.216605
-0.124391
0.001962
0.127922
0.195317
0.180995
0.111736
0.0144207
-0.0848565
-0.14872
-0.156273
-0.101141
-0.0014715
0.0928026
0.116052
0.0410058
-0.0929007
-0.216016
-0.269971
-0.226905
-0.104673
0.0371799
0.127922
0.138321
0.074556
-0.0361989
-0.143226
-0.205618
-0.218861
-0.197279
-0.165985
-0.139008
-0.110755
-0.0866223
-0.079461
-0.0926064
-0.128609
-0.176972
-0.210719
-0.208659
-0.160492
-0.0707301
0.0282528
0.114875
0.182564
0.219548
0.221412
0.196592
0.162846
0.138517
0.122723
0.107714
0.0897615
0.0702396
0.0602334
0.0583695
0.0542493
0.0532683
0.0535626
0.0469899
0.0190314
-0.0233478
-0.0589581
-0.0890748
-0.111343
-0.106537
-0.0707301
-0.0150093
0.0336483
0.0535626
0.0389457
-0.015696
-0.0862299
-0.133122
-0.139498
-0.111343
-0.0740655
-0.0318825
0.0212877
0.0620973
0.0782838
0.0812268
0.0689643
0.0301167
-0.031392
-0.0679833
-0.0376704
0.0442431
0.133514
0.203459
0.242503
0.235538
0.173147
0.0942741
0.0445374
0.0486576
0.106635
0.191295
0.259573
0.282822
0.254079
0.177365
0.0699453
-0.0263889
-0.06867
-0.0425754
0.0329616
0.125666
0.202871
0.238383
0.221902
0.162159
0.0788724
0.0093195
-0.0113796
0.0130473
0.0587619
0.102024
0.124293
0.122919
0.105654
0.0855432
0.0572904
0.0111834
-0.0503253
-0.125666
-0.198162
-0.239462
-0.250646
-0.244171
-0.223276
-0.179915
-0.108695
-0.0306072
0.026487
0.0522873
0.0497367
0.0452241
0.0533664
0.064746
0.069651
0.0592524
0.0187371
-0.0415944
-0.0996696
-0.141656
-0.163042
-0.162257
-0.132827
-0.0721035
0.0076518
0.0766161
0.110264
0.109087
0.0803439
0.0411039
0.0145188
-0.0013734
-0.0150093
-0.0202086
-0.0157941
-0.0283509
-0.082404
-0.148621
-0.185409
-0.17501
-0.120859
-0.0476766
0.0152055
0.0442431
0.0336483
-0.0011772
-0.0407115
-0.0665118
-0.073575
-0.0713187
-0.0675909
-0.0604296
-0.0506196
-0.0434583
-0.0370818
-0.0145188
0.0269775
0.0697491
0.095157
0.0995715
0.100945
0.0969228
0.0731826
0.0471861
0.0257022
0.0104967
0.0154017
0.0360027
0.0458127
0.0269775
-0.0092214
-0.0335502
-0.0331578
-0.0066708
0.0335502
0.0599391
0.0550341
0.0280566
-0.0113796
-0.0432621
-0.0515025
-0.0354141
-0.0008829
0.0350217
0.0522873
0.0523854
0.0391419
0.0248193
0.0217782
0.0244269
0.0249174
0.0136359
-0.0154017
-0.056898
-0.108793
-0.162552
-0.199339
-0.195023
-0.141362
-0.0610182
0.014715
0.0699453
0.0860337
0.0684738
0.0435564
0.0208953
-0.0084366
-0.0434583
-0.0699453
-0.0681795
-0.0398286
-0.0023544
0.032373
0.0661194
0.0889767
0.0914292
0.0700434
0.0306072
-0.0034335
-0.0140283
-0.0109872
-0.0116739
-0.0262908
-0.0479709
-0.0589581
-0.0528759
-0.0358065
-0.0090252
0.0154017
0.0083385
-0.035316
-0.0834831
-0.102318
-0.0819135
-0.0358065
0.0256041
0.0774009
0.0822078
0.0361008
-0.0299205
-0.081423
-0.0940779
-0.0672966
-0.0136359
0.0486576
0.0982962
0.116837
0.0988848
0.0526797
-0.0045126
-0.0700434
-0.140577
-0.200124
-0.229946
-0.220529
-0.175599
-0.105261
-0.0267813
0.0312939
0.0511101
0.0411039
0.0307053
0.0373761
0.0474804
0.0503253
0.0532683
0.0558189
0.0361989
-0.018639
-0.079461
-0.112226
-0.120663
-0.115464
-0.0878976
-0.0305091
0.0440469
0.111147
0.163925
0.193159
0.181681
0.133416
0.0812268
0.0463032
0.0335502
0.0388476
0.0619011
0.102514
0.148523
0.171086
0.163925
0.141068
0.111245
0.0840717
0.071613
0.0662175
0.0495405
0.0154998
-0.0129492
-0.0110853
0.0208953
0.0674928
0.122134
0.173441
0.181387
0.127922
0.0534645
0.004905
-0.0113796
-0.015696
-0.0202086
-0.0312939
-0.0484614
-0.059841
-0.057879
-0.0569961
-0.0656289
-0.0795591
-0.0946665
-0.0960399
-0.0753408
-0.0440469
-0.0064746
0.0271737
0.0396324
0.0169713
-0.0379647
-0.0894672
-0.104673
-0.0913311
-0.0577809
-0.0022563
0.0555246
0.0844641
0.0820116
0.0649422
0.0355122
-0.0071613
-0.0377685
-0.0297243
0.0113796
0.0505215
0.0624897
0.0526797
0.0417906
0.0195219
-0.0283509
-0.0703377
-0.0773028
-0.059841
-0.0331578
-0.0030411
0.0144207
0.0001962
-0.0373761
-0.085347
-0.130375
-0.160001
-0.159216
-0.11566
-0.0383571
0.0447336
0.0947646
0.0818154
0.020601
-0.0517968
-0.103201
-0.1084
-0.0719073
-0.018639
0.0370818
0.0796572
0.0950589
0.0940779
0.0952551
0.0998658
0.0994734
0.0907425
0.0822078
0.0674928
0.0415944
0.0109872
-0.0228573
-0.0589581
-0.0830907
-0.077499
-0.0422811
-0.0022563
0.0192276
0.0163827
-9.81e-05
-0.0203067
-0.0299205
-0.0150093
0.0151074
0.0270756
0.0093195
-0.0257022
-0.0632745
-0.0945684
-0.107518
-0.0862299
-0.0232497
0.0550341
0.104476
0.108891
0.0854451
0.0536607
0.0258003
-0.0040221
-0.0330597
-0.0497367
-0.057879
-0.0775971
-0.111343
-0.144698
-0.171086
-0.183938
-0.159805
-0.0952551
-0.0169713
0.0536607
0.101828
0.108597
0.0796572
0.0326673
-0.0178542
-0.0593505
-0.0781857
-0.0734769
-0.0562113
-0.0325692
-0.008829
0
-0.014715
-0.0491481
-0.0826983
-0.100258
-0.094176
-0.0729864
-0.0602334
-0.0710244
-0.0939798
-0.111442
-0.1239
-0.13783
-0.130865
-0.0713187
0.0364932
0.142539
0.205225
0.224453
0.206697
0.150093
0.0675909
-0.0224649
-0.0904482
-0.107027
-0.0806382
-0.0417906
-0.0118701
-0.0085347
-0.0356103
-0.0736731
-0.0959418
-0.0844641
-0.0314901
0.0521892
0.129884
0.157549
0.127628
0.0520911
-0.0560151
-0.15745
-0.204735
-0.180602
-0.101043
-0.0108891
0.0727902
0.152251
0.206402
0.210032
0.173147
0.122233
0.075537
0.037278
0.0014715
-0.027468
-0.0415944
-0.0531702
-0.0736731
-0.0889767
-0.0757332
-0.0430659
-0.0145188
0.007848
0.0358065
0.0615087
0.064746
0.0511101
0.024525
-0.0270756
-0.0848565
-0.116249
-0.104378
-0.0512082
0.006867
0.0365913
0.0426735
0.0338445
0.0093195
-0.0214839
-0.0247212
0.010791
0.0645498
0.113109
0.144305
0.151957
0.128119
0.0770085
0.0145188
-0.0502272
-0.0987867
-0.116052
-0.103201
-0.0655308
-0.0077499
0.0511101
0.0926064
0.110363
0.105065
0.0736731
0.0195219
-0.040221
-0.0747522
-0.0626859
-0.0083385
0.0596448
0.10634
0.100356
0.0428697
-0.0303129
-0.0865242
-0.108989
-0.0940779
-0.0481671
0.0149112
0.0687681
0.0867204
0.0708282
0.0485595
0.0381609
0.0413982
0.0528759
0.0622935
0.0542493
0.0305091
0.0148131
0.0217782
0.0342369
0.0314901
0.0133416
-0.0103986
-0.0407115
-0.0664137
-0.0661194
-0.0308034
0.0181485
0.0544455
0.061803
0.0452241
0.026487
0.0207972
0.0241326
0.0303129
0.0276642
0.0111834
-0.0104967
-0.0226611
-0.0177561
-0.0004905
0.0236421
0.0517968
0.079461
0.100945
0.10585
0.087309
0.0464013
-0.0027468
-0.0457146
-0.0702396