0.000589
0.0005886
0.0005886
0.0005886
0.0006867
0.0006867
0.0006867
0.0006867
0.000687
0.0006867
0.0006867
0.0006867
0.0006867
0.0006867
0.0006867
0.0007848
0.0007848
0.0007848
0.0007848
0.0007848
0.0007848
0.0007848
0.000785
0.0007848
0.0007848
0.0008829
0.0008829
0.0008829
0.0008829
0.0008829
0.0008829
0.0008829
0.0008829
0.0008829
0.0008829
0.0008829
0.000981
0.000981
0.000981
0.000981
0.000981
0.000981
0.000981
0.000981
0.000981
0.000981
0.00108
0.0010791
0.0010791
0.0010791
0.0010791
0.00108
0.0010791
0.0010791
0.0010791
0.0010791
0.0010791
0.0010791
0.0011772
0.00118
0.0011772
0.0011772
0.0011772
0.0011772
0.0011772
0.00118
0.00118
0.0011772
0.00118
0.00118
0.0011772
0.0011772
0.0011772
0.00118
-0.0172656
-0.0560151
-0.0452241
0.0077499
0.0509
0.0871
0.0619011
0.017
0.0118
0.0291357
0.0819
0.0988848
0.0685
0.0363951
0.0271737
0.104378
0.148818
0.0827964
0.0204
0.0066708
0.000392
0.0322749
0.0796572
0.0895
0.0566
-0.00893
-0.0587619
-0.0546417
-0.0100062
0.0035316
0.0105948
0.099
0.126
0.011772
-0.0062784
0.00206
-0.002943
-0.0429
-0.0359
0.0881919
0.0414963
-0.0818154
-0.0446355
0.00294
-0.045
-0.084366
-0.0065727
0.0845
0.0248
-0.069
-0.0471
-0.0301
-0.0786
0.0022563
0.0772047
0.0239
0.00294
-0.022563
-0.0499329
0.0119682
-0.0262908
-0.0162846
0.0800496
0.0386514
0.0081423
0.0046107
-0.0224649
-0.142
-0.153
-0.0189333
-0.0806
-0.0525816
0.117131
0.113796
0.0345
-0.083385
-0.0623916
-0.0335
-0.153919
-0.102
0.0052974
-0.0330597
-0.0327654
0.0056898
0.0013734
-0.0464
-0.0256
0.0167
0.055
0.103299
0.106
0.0373
-0.296
-0.342
0.011
0.142735
0.0173
-0.0640593
0.0659
0.0549
-0.192
-0.0266832
0.29
0.0744
-0.226219
0.002943
0.118799
-0.221019
-0.308132
-0.0479709
0.0329616
-0.225532
-0.15902
0.0655308
0.0572904
0.0012753
-0.0157941
0.066708
0.0311
-0.126
-0.0272718
0.188156
0.177169
0.0077499
-0.173735
-0.0876033
0.167457
0.348157
0.301
0.110853
-0.0478728
0.089
0.0683757
-0.151663
-0.0261927
0.134005
0.0410058
-0.132631
0.0364932
0.0988848
-0.0050031
0.008829
0.300382
0.483339
0.142735
-0.0277
0.148523
0.109
-0.116543
-0.188
-0.225
-0.271443
0.0373761
0.336973
0.174618
-0.173
-0.422026
-0.391
-0.11154
0.21994
0.16265
-0.14097
-0.399267
-0.256
0.172
0.342369
0.0687
-0.157549
0.0754
0.333
0.31
0.125862
-0.182074
-0.458618
0.00157
0.447336
0.218469
-0.197
-0.285
0.0282
0.0986
-0.0102
-0.0971
-0.13
-0.110657
-0.0942741
0.276348
0.330793
0.0254079
-0.0707
0.0341388
0.00726
-0.222883
-0.0379
0.112
0.0583695
-0.202
-0.387299
-0.372
-0.416
-0.132
0.239
0.338
0.0565056
-0.358
-0.235734
-0.0808
-0.0631
0.0920178
0.0413
-0.282
-0.273012
0.124
0.212
0.156077
0.331
0.604
0.42026
-0.0988848
-0.263
-0.135476
-0.255256
-0.376312
-0.305
-0.207874
-0.227102
-0.153
0.26
0.353258
0.132533
-0.0438507
-0.23
-0.157
0.219842
0.417808
-0.0331578
-0.484
-0.099081
0.237598
0.152
-0.0359
0.087309
0.14303
-0.137634
-0.186782
-0.107
0.0549
-0.159118
-0.189529
0.222
0.236813
0.182
0.301
-0.0452
-0.537
-0.314312
0.0582
0.11203
0.0153036
-0.308
-0.397501
-0.0445374
0.394
0.395637
0.0290376
-0.162454
-0.144
-0.0746541
-0.156175
-0.216801
-0.163729
-0.115
-0.198
-0.146
0.0149
0.0451
0.0498
-0.0216
0.0554
0.0680814
-0.0526797
-0.107027
0.199
0.33
-0.27262
-0.883292
-0.616
0.108302
0.29067
0.504
0.374252
-0.216801
-0.0618
0.295
0.298
0.0869166
-0.205814
-0.185998
0.226
0.356888
0.212975
0.0935874
-0.196
-0.236
0.195
0.272031
-0.112226
-0.288218
-0.0777933
0.0483
0.0322749
0.0083385
-0.4
-0.607
-0.461
0.0573885
0.315195
0.297
0.32
0.103888
-0.0183447
-0.192
0.105261
0.521
0.360027
-0.0403
-0.183
-0.112
0.0102024
-0.0121
0.142
0.248487
0.057
0.149014
0.347
0.382
0.0454203
-0.251
-0.135
0.184232
0.0237
-0.201007
0.0530721
0.344822
0.360419
0.211994
-0.243582
-0.453418
-0.0973
0.0416925
-0.375429
-0.600078
-0.15
-0.0400248
-0.385337
-0.431
0.168
0.613
0.228377
-0.209934
-0.171969
-0.149897
-0.123998
0.0844
0.340113
-0.140283
-0.848074
-0.637159
0.20758
0.508
-0.0349
-0.42389
-0.300578
-0.149
-0.0766
0.184
-0.0939
-0.387
-0.0515
0.11
-0.258
-0.204
0.0387495
0.183
0.266243
0.0158
-0.0212877
-0.0607
0.214447
0.386
-0.137
-0.214545
0.264576
-0.0060822
-0.0828
0.277
0.169
-0.0912
-0.124195
0.695137
0.818
0.0440469
-0.591641
-0.636
-0.411
-0.125
0.36297
0.0709
-0.732
-0.958437
-0.0361989
0.559
0.0803439
-0.142932
-0.0453222
-0.0026487
0.0087309
0.0176
0.123508
0.0250155
0.441548
0.361597
-0.137144
-0.283705
-0.500604
-0.144698
0.254177
0.536705
0.371701
0.1394
0.169419
0.228377
0.449102
0.399169
0.0694548
-0.286942
-0.267126
0.0440469
-0.260946
-0.633824
-0.554854
-0.46882
-0.379941
-0.427127
-0.0690624
-0.0697491
-0.583401
-0.271345
0.214447
0.276151
-0.0678852
0.0653346
0.0652365
-0.205912
0.0383571
0.458814
0.596546
0.227298
-0.43733
-0.689251
0.0316863
0.673849
0.51218
-0.138713
-0.267028
-0.101337
0.0837774
0.127039
0.135476
0.094176
0.0307053
-0.281449
-0.36454
-0.184428
0.125176
0.0778914
-0.125274
0.148523
0.566527
0.531898
-0.301756
-0.673358
-0.319315
0.497858
0.905365
1.02191
0.92057
0.477453
0.0857394
-0.047088
-0.144403
-0.245348
-0.193649
-0.327458
-0.613321
-0.780582
-0.732513
-0.501095
-0.256826
-0.031392
0.130964
0.347274
0.304
0.248487
0.220234
0.419868
1.00523
1.06458
0.739183
-0.20189
-0.959614
-0.179621
0.537392
-0.263693
-1.27039
-1.61473
-0.512867
0.926751
1.57745
1.98996
2.01821
1.44629
0.373663
0.185998
0.530034
0.197377
-0.158235
0.485791
0.756743
-0.189137
-1.0479
-0.783623
-0.638042
-0.671789
0.483927
1.54792
1.68349
1.20663
0.740851
0.347666
0.0653346
-0.188842
-0.279683
0.309309
-0.0035316
-0.489519
-0.0113796
0.265949
0.181976
0.158333
0.852293
0.758019
-0.180504
-0.8932
-1.0481
-0.445766
0.306563
0.322553
-0.122331
-0.593211
-1.4147
-1.44756
-0.922
-0.547987
-0.0700434
0.307053
0.562015
1.02681
0.934403
0.198849
-0.245544
-0.136653
0.51944
0.639808
0.0838755
0.298518
0.567803
-0.467446
-1.53693
-1.72165
-1.5644
-1.20143
-0.857983
-0.781661
-0.203656
-0.250351
-0.862005
-0.464111
0.0487557
0.250351
-0.0302148
-0.149799
-0.0471861
0.19002
1.13551
1.29904
0.44351
-0.12596
-0.150387
0.27105
0.259278
-0.500212
-0.440371
-0.311173
-0.721427
-0.769202
-0.510709
-0.26899
-0.430953
0.425067
1.76933
2.58444
2.7623
2.54991
2.36853
1.40214
0.0360027
-1.36398
-2.22873
-1.51054
-0.403878
-0.399365
-0.938523
-1.0996
-1.24273
-1.62512
-0.860729
0.0193257
-0.0170694
-0.247899
-0.487655
0.151466
0.800006
0.926947
0.97168
0.685425
0.627251
0.95775
1.38341
1.44374
0.94333
0.525914
0.224845
0.433798
0.840717
0.892612
1.25382
1.26745
0.810895
0.0948627
-0.674732
-1.25244
-1.66907
-1.51672
-1.33338
-1.54566
-1.46238
-1.04133
-0.591151
-0.24888
-0.0443412
-0.189235
-0.521401
-0.678852
-0.91233
-0.647558
0.675909
1.69252
1.97505
1.60678
0.328831
-0.404957
-0.251136
0.616657
0.916156
0.334913
0.0977076
0.185605
-0.145286
-1.35829
-2.02155
-1.82711
-1.21615
-0.205716
1.23449
2.16732
2.10032
2.16055
1.31493
0.0453222
-0.258003
0.27517
0.584382
-0.07848
0.035316
0.50188
0.135476
-0.654033
-0.914783
-0.372191
0.0097119
0.549851
1.47797
2.14496
2.85677
3.07818
2.15987
1.14718
0.670906
0.473234
0.933912
2.215
1.98741
1.63376
-1.24371
-3.99522
-2.09914
-2.17615
-2.63222
-3.7534
-3.13665
-3.91448
-3.33942
-1.14355
-2.48115
-0.663156
1.2394
2.70079
3.11428
0.879663
-0.6196
1.68497
1.47434
0.505019
0.550341
0.994145
0.427225
-0.214937
-0.169909
0.820607
3.78695
0.751054
2.66852
1.69948
-0.865733
-1.74706
-2.96713
-3.3303
-3.38082
-3.20826
-2.26905
-2.76926
-2.89061
-3.74477
-1.68781
-0.547202
0.833065
0.812857
-0.135084
-0.608711
0.486968
1.58451
2.28151
2.44171
1.7038
0.180504
-1.56185
-2.29358
-2.01409
-1.1413
-0.541022
-1.08489
-1.84909
-1.05399
1.22468
2.58552
2.55482
2.54442
2.01291
0.740066
-0.130277
0.0812268
1.0845
1.92276
2.15143
2.29377
3.14
4.03662
4.18475
2.57473
-0.332068
-2.25973
-2.0293
-0.798926
-0.33972
-0.65727
-0.819822
-0.657957
-0.813347
-1.59138
-2.29407
-2.03273
-1.10882
-0.797945
-1.26647
-1.0689
-1.14237
-2.65302
-4.48886
-4.76364
-3.71259
-2.07275
-0.739282
0.889473
1.47425
0.876622
0.55711
1.94081
3.00833
2.40522
3.4801
4.58402
2.92917
1.78836
0.133416
-2.39442
-1.61119
0.656681
0.944016
-0.124195
-1.35996
-2.15742
-2.50557
-2.41875
-1.72479
-1.06919
-0.450671
0.430659
1.03
1.0277
1.04074
1.18907
1.40342
1.45855
0.797945
-0.47039
-1.61443
-2.01056
-1.76482
-1.14777
-0.448415
-0.0733788
0.0995715
0.347863
0.209345
0.0980019
0.686013
0.742617
0.314705
0.410941
0.578888
0.689251
0.182662
-0.476374
-0.503744
-0.284882
-0.212877
-0.523952
-0.966285
-1.00239
-0.441352
-0.166966
-0.548968
-1.81269
-3.49236
-4.52496
-5.01781
-4.92894
-4.50966
-3.75635
-2.69069
-1.41441
0.375233
1.87351
2.69952
2.62565
1.79356
1.00131
0.210817
-0.291063
-0.414276
-0.731041
-1.51005
-1.9052
-1.27471
-0.0135378
1.0224
1.05693
0.170988
-0.687289
-0.804322
-0.466073
-0.0502272
0.174127
0.207678
-0.226219
-1.08636
-1.67722
-1.40646
-0.77862
-0.742127
-0.890846
-1.09852
-0.976782
-0.157549
0.750857
1.40715
1.63307
1.93041
2.56149
3.03796
3.19237
2.98342
2.99637
3.36316
3.06808
1.87557
0.742617
0.666393
1.41735
1.74245
0.661096
-1.31238
-2.35342
-1.89863
-1.27491
-1.88087
-2.90543
-2.96193
-2.63683
-2.29093
-1.43854
0.102514
1.25676
0.996696
-0.139792
-0.629115
-0.681599
-1.03103
-1.00356
-0.899969
-0.832477
-0.852489
-0.930478
-0.997971
-1.37948
-1.33544
-0.984532
-0.791275
-0.595467
0.261044
1.451
1.94218
1.7454
1.11304
0.541022
0.690918
1.50731
2.41042
3.06052
3.62705
3.8312
3.2012
2.65164
2.52715
1.97544
0.88908
0.200909
0.27311
0.704947
1.13816
1.16082
0.741047
-0.252706
-1.80249
-3.02109
-3.72201
-3.72211
-2.74189
-1.43216
-0.127922
1.16484
2.04764
1.95994
1.03348
0.0693567
-0.211896
0.715639
1.7504
1.9467
1.55724
0.348942
-0.872599
-1.3323
-1.13835
-0.252902
1.06164
2.07707
2.02478
1.09646
0.317648
0.309505
1.07037
1.84124
2.23393
2.33684
2.10297
1.54194
0.81266
-0.116052
-1.00023
-1.09372
-0.0438507
0.541022
0.0109872
-0.0822078
0.602138
1.01681
0.651973
0.467937
0.680912
1.07626
1.82584
2.37274
1.9824
1.32631
1.11844
1.63945
2.26974
2.06971
1.86851
2.34518
2.92907
2.72757
1.68241
0.505509
-0.190706
-0.61803
-1.42176
-2.64144
-3.81256
-4.3523
-4.10921
-3.6349
-3.08632
-1.98486
-0.968541
-0.373271
0.0087309
0.230339
0.737025
1.53595
1.93434
1.57627
1.13531
0.68101
-0.0712206
-1.01808
-2.02155
-2.65076
-2.51587
-1.74177
-1.02269
-0.718484
-0.24525
0.478041
0.892808
1.03083
1.06645
0.987475
0.483731
-0.124783
-0.423694
-0.538177
-0.162552
0.593897
1.0376
1.0015
0.942054
1.31032
1.61904
1.52261
1.31866
1.3061
1.26814
1.26892
1.20732
0.545044
-0.199045
-0.801281
-1.24665
-1.57254
-1.99751
-2.43955
-2.71688
-2.84107
-2.76446
-2.13358
-1.62728
-1.89833
-1.99231
-1.30895
-0.450083
-0.451947
-1.0325
-1.12118
-0.738399
-0.0815211
0.623524
1.15974
1.4352
1.56676
1.47484
0.959026
0.756841
1.01524
1.06664
1.06076
1.65034
1.98692
1.57696
1.1513
1.04378
0.850527
0.0962361
-0.338249
-0.263006
-0.250351
-0.477943
-0.873286
-1.23214
-1.70282
-1.81122
-1.90177
-2.34714
-2.05029
-1.32749
-0.931067
-0.958633
-1.20604
-1.3063
-1.54978
-1.56626
-1.06134
-0.58448
-0.97531
-1.83153
-1.7918
-0.473627
1.16209
1.75854
1.36899
0.950491
1.0169
0.935482
0.986788
1.39145
0.782446
-0.190706
0.220431
1.41745
2.01193
1.22066
0.483241
0.787056
0.260848
-0.487655
-0.324319
-0.150093
-0.275661
0.615283
1.50015
1.33171
2.21775
3.05886
1.94778
0.970601
1.15464
0.602138
-0.536705
-0.0531702
0.545142
-0.199732
-0.130571
0.57055
0.757234
1.05026
1.26441
1.32396
1.55704
1.69115
1.59981
0.935874
0.395834
0.770674
1.30875
1.57539
1.37762
0.931165
0.582027
0.170498
0.16834
0.24162
-0.309604
-1.2907
-1.65024
-1.23341
-0.931165
-0.96962
-1.01161
-0.575062
-0.144894
-0.544651
-1.45306
-2.01752
-1.9
-2.00222
-2.70432
-3.01324
-2.46731
-1.27893
-0.637944
-0.803831
-0.704162
-0.338445
-0.157549
-0.12135
-0.263987
-0.640789
-1.00003
-1.04977
-0.565448
-0.189039
-0.0917235
0.146071
0.387593
0.422222
0.256728
0.0413982
-0.379745
-1.03858
-1.43628
-1.19731
-0.782838
-0.51581
-0.662077
-1.24979
-1.4971
-1.39312
-1.47454
-1.22939
-0.339622
0.0271737
0.0830907
0.318236
0.161473
0.180308
0.620384
0.952551
0.544749
-0.166476
-0.102907
0.414374
0.873679
1.05958
1.10804
1.13315
1.04261
0.919687
0.536313
0.0525816
0.0038259
0.0141264
-0.0687681
0.0764199
0.234753
0.0116739
-0.397403
-0.556227
-0.543376
-0.549066
-0.693861
-0.911938
-0.875346
-0.517085
-0.22975
-0.195023
-0.0283509
0.410941
0.691114
0.675713
0.499427
0.565546
0.736044
0.492658
0.144501
-0.101141
-0.211405
-0.10634
-0.127628
-0.553578
-1.25303
-1.62483
-1.56156
-1.16562
-0.609005
-0.190706
0.263006
0.431738
0.0782838
-0.358752
-0.464209
-0.39191
-0.347764
-0.0276642
0.434583
0.388378
0.0756351
0.182172
0.810797
1.47395
1.75079
1.51231
1.11451
1.18328
1.44815
1.27677
0.590268
-0.105359
-0.291357
-0.0090252
0.220921
0.182074
-0.250351
-0.511886
-0.417023
-0.163238
0.0425754
-0.0228573
-0.110166
-0.353945
-0.918608
-1.554
-1.91942
-1.66907
-0.815015
-0.14921
-0.293319
-0.663745
-0.797455
-0.935089
-1.0273
-1.19898
-1.21055
-1.13453
-0.953434
-0.517085
0.0169713
0.507569
0.413982
-0.220234
-0.71819
-0.953532
-0.916744
-0.71976
-0.533958
-0.483437
-0.854647
-1.15601
-0.930577
-0.626074
-0.561917
-0.373761
-0.276936
0.0173637
0.528367
0.69808
0.573493
0.120271
-0.350021
-0.548673
-0.391713
-0.0654327
0.126451
0.122233
0.453516
1.03908
1.61394
2.23648
2.1685
1.26549
0.674339
0.825806
1.18848
1.37821
1.36467
1.29835
1.20408
1.21095
1.0637
0.622837
0.160393
-0.183839
-0.0949608
0.741342
1.5284
1.55901
1.41794
1.3374
1.36241
1.48053
1.54292
1.54969
1.46601
1.34956
1.03201
0.522186
0.253196
0.130081
0.0281547
-0.0888786
-0.391223
-0.429776
-0.202184
-0.228671
-0.541708
-1.06654
-1.62669
-1.86419
-1.65573
-1.15532
-0.617441
-0.475687
-0.726627
-0.99905
-0.905071
-0.387985
0.101926
0.6454
0.80599
0.105654
-0.26075
0.0368856
0.576436
0.495895
-0.0444393
0.0052974
0.477845
1.20084
1.18475
0.131846
-0.98257
-1.18122
-0.526797
-0.1291
-0.956573
-2.43023
-2.6591
-1.07665
1.07763
2.46614
3.01638
3.22867
2.9841
1.28746
-1.87969
-3.91596
-3.89614
-2.65292
-1.20457
-0.0249174
0.872403
0.658349
-1.10578
-2.1736
-0.878976
0.822274
1.70861
1.4407
0.728392
0.0587619
0.528072
1.52889
1.49583
1.32602
0.975801
-0.0521892
-1.09519
-0.892906
-0.0101043
0.550537
0.841992
0.0651384
-1.26059
-1.58216
-0.117328
1.81632
2.1735
1.45325
0.2788
-0.22926
0.24162
0.615381
-0.132729
-1.15081
-1.59373
-1.513
-1.00111
-0.458421
-0.323534
-0.33717
-0.0307053
0.434681
1.05801
1.18976
0.996794
0.8003
0.566135
0.224845
0.225826
0.289984
-0.138027
-0.605179
-1.03388
-1.10775
-0.671102
0.100847
0.647852
0.873286
1.0533
1.17681
0.748993
-0.271639
-1.14865
-1.14816
-0.73781
-0.626368
-0.57879
-1.15366
-1.85507
-1.68899
-0.719367
0.288316
0.98306
1.14865
0.524639
-0.225139
-0.462738
-0.292044
-0.436643
-0.719465
-0.500212
-0.0969228
-0.0626859
-0.211405
-0.0136359
0.167162
0.142441
0.147052
0.040221
-0.417023
-1.05153
-1.42137
-1.3168
-0.907033
-0.543082
-0.468035
-0.607631
-0.557502
-0.539256
-0.646773
-0.51169
-0.247212
-0.318923
-0.567018
-0.577515
-0.457931
-0.383473
-0.530231
-0.951276
-1.32563
-1.26971
-1.05997
-0.614302
0.169222
0.814622
0.972661
0.579967
0.13116
0.23544
0.731237
1.07106
0.960889
0.595075
0.604002
0.867596
0.76881
0.469507
0.40378
0.693273
1.22743
1.39586
0.757136
0.115758
0.378666
0.963636
1.23371
0.811091
0.386514
0.606749
0.985611
1.27108
1.36192
1.23802
0.714364
0.0935874
-0.270167
-0.0399267
0.551126
0.953336
0.770575
0.605964
1.12638
1.61129
1.45365
0.591641
-0.442431
-0.607926
-0.135182
-0.151761
-0.295575
-0.456754
-0.652169
-0.612733
-0.41771
-0.500997
-0.860827
-0.920374
-0.809619
-0.754683
-0.479611
0.0967266
0.482358
0.795199
0.893887
0.614106
0.398973
0.239854
0.113306
0.193846
0.0959418
-0.522775
-1.15032
-1.17259
-0.768025
-0.257807
0.442922
0.620188
0.198947
-0.154802
-0.252019
-0.20032
-0.165397
-0.314901
-0.303227
-0.132043
-0.414473
-0.811189
-0.732022
-0.423694
-0.658741
-1.03289
-0.893102
-0.649226
-0.707301
-0.631372
-0.0682776
0.343742
0.353847
0.258395
0.428893
0.816094
0.997481
0.639416
-0.13528
-0.686013
-0.731336
-0.518557
-0.573689
-0.760667
-0.915862
-0.895751
-0.418397
0.129198
0.427127
0.606356
0.634315
0.293025
-0.329322
-0.601647
-0.740949
-0.93038
-0.865438
-0.785291
-0.748307
-0.730453
-0.875935
-0.935972
-0.556914
-0.209542
-0.384258
-0.563781
-0.398188
-0.196592
-0.0347274
0.145188
0.239266
0.145875
0.0650403
0.0359046
-0.261044
-0.66708
-0.707105
-0.35159
-0.197671
-0.200222
-0.159609
-0.111049
-0.181387
-0.324122
-0.273307
-0.273012
-0.264183
-0.165298
-0.126353
-0.320885
-0.601549
-0.722605
-0.564958
-0.446061
-0.410254
-0.208757
0.020601
0.083385
0.124391
0.458323
0.849154
0.961772
0.939209
0.950295
0.82355
0.787547
0.862299
0.66757
0.415257
0.436839
0.550439
0.61028
0.708086
0.689545
0.55711
0.660507
1.02662
1.13659
0.857394
0.650894
0.550047
0.490108
0.585951
0.605866
0.491775
0.499329
0.68876
0.708576
0.440567
0.226611
0.311173
0.402995
0.358163
0.300971
0.256139
0.156175
-0.0551322
-0.105261
0.119388
0.375429
0.464602
0.491383
0.587619
0.745756
0.845033
0.810993
0.794806
0.86534
0.75331
0.522579
0.222883
0.0752427
0.118112
0.225532
0.0561132
-0.436349
-0.642947
-0.576534
-0.490696
-0.33197
-0.154409
-0.0888786
-0.0325692
-0.0962361
-0.107223
0.138713
0.410745
0.412707
0.240345
0.270265
0.306268
0.288414
0.373467
0.351296
0.238089
0.217978
0.260357
0.238481
0.0981981
-0.0032373
-0.0374742
-0.0715149
0.0075537
0.0827964
-0.0542493
-0.327752
-0.633628
-0.876131
-0.997285
-1.04516
-1.07851
-1.07459
-1.07567
-1.0533
-0.83954
-0.588306
-0.415355
-0.369837
-0.480984
-0.532487
-0.403485
-0.332265
-0.340505
-0.465877
-0.738104
-0.554461
-0.147444
-0.229162
-0.430267
-0.412314
-0.388966
-0.327262
-0.18845
-0.152938
-0.161669
0.0306072
0.342958
0.477355
0.433013
0.473627
0.436251
0.41202
0.66865
0.999933
1.02465
0.769791
0.641574
0.634118
0.570452
0.535822
0.669336
0.70014
0.576926
0.488734
0.583695
0.754193
0.870834
1.01602
1.06684
1.12962
1.16101
1.05811
1.03535
1.02387
0.921551
0.817762
0.701219
0.489127
0.17452
0.0848565
0.157647
0.0488538
-0.213171
-0.230535
-0.0433602
0.127138
0.118309
-0.139008
-0.289787
-0.255354
-0.294987
-0.429089
-0.533664
-0.615872
-0.56329
-0.524933
-0.555638
-0.604787
-0.648637
-0.62215
-0.719956
-0.820901
-0.748993
-0.795885
-0.886922
-0.685327
-0.454792
-0.467839
-0.62941
-0.65884
-0.624897
-0.666884
-0.743598
-0.818154
-0.758019
-0.77087
-0.769496
-0.807363
-0.842679
-0.741636
-0.718092
-0.714658
-0.569667
-0.286844
-0.246427
-0.404074
-0.551813
-0.604198
-0.524148
-0.41614
-0.312154
-0.227886
-0.122821
0.150878
0.469997
0.608711
0.526307
0.493051
0.467643
0.275759
0.197475
0.267421
0.420751
0.432523
0.284392
0.294594
0.36709
0.356594
0.315588
0.274876
0.212288
0.276348
0.428108
0.357182
0.247997
0.233184
0.169026
0.0175599
-0.0067689
0.0295281
-0.0984924
-0.404859
-0.707301
-0.822372
-0.832771
-0.893985
-0.966776
-0.77342
-0.538177
-0.475589
-0.487851
-0.527288
-0.577711
-0.626663
-0.672377
-0.739968
-0.819822
-0.757136
-0.683365
-0.796572
-0.859062
-0.748209
-0.56535
-0.4182
-0.44557
-0.542297
-0.577122
-0.510218
-0.393087
-0.322749
-0.316078
-0.289689
-0.13734
-0.0089271
0.0348255
-0.073575
-0.146365
0.0059841
0.207089
0.305582
0.357771
0.473332
0.535234
0.575749
0.68464
0.856119
0.871815
0.734082
0.670219
0.706222
0.869264
1.00592
1.04094
1.08175
1.11157
1.12472
1.10922
1.13904
1.14208
1.03809
0.984433
1.01592
1.08106
1.0636
0.942545
0.803831
0.689545
0.646577
0.590464
0.522088
0.532487
0.51218
0.443412
0.346587
0.24888
0.186096
0.131846
0.10997
0.110363
0.12135
0.0781857
0.0321768
-0.0017658
-0.0324711
-0.0448317
-0.0748503
-0.100454
-0.142441
-0.207776
-0.276642
-0.349628
-0.437918
-0.511395
-0.528465
-0.486086
-0.425362
-0.443706
-0.48687
-0.474412
-0.457342
-0.481573
-0.498937
-0.460383
-0.40996
-0.356005
-0.337464
-0.363362
-0.381805
-0.37072
-0.322945
-0.267519
-0.230927
-0.232497
-0.232791
-0.197671
-0.172754
-0.1652
-0.14303
-0.112324
-0.0865242
-0.0575847
-0.036297
-0.0417906
-0.0474804
-0.0576828
-0.0685719
-0.0673947
-0.0584676
-0.0654327
-0.0899577
-0.114483
-0.113502
-0.0974133
-0.0999639
-0.105654
-0.115169
-0.128021
-0.135672
-0.140283
-0.14921
-0.168732
-0.185409
-0.194925
-0.195023
-0.194532
-0.199143
-0.205618
-0.211013
-0.214348
-0.21013
-0.206991
-0.208561
-0.210424
-0.207678
-0.202871
-0.197573
-0.191589
-0.181093
-0.169811
-0.158922
-0.147542
-0.134005
-0.11821
-0.0994734
-0.0799515
-0.059841
-0.0383571
-0.0152055
0.006867
0.0300186
0.0536607
0.0786762
0.103005
0.126843
0.150387
0.17501
0.199633
0.224257
0.247016
0.269677
0.291553
0.313331
0.333638
0.35316
0.371014
0.388182
0.403976
0.419083
0.432032
0.444001
0.454105
0.46313
0.469997
0.475785
0.479317
0.481867
0.482162
0.481279
0.478237
0.474117
0.467741
0.460383
0.450868
0.440371
0.42801
0.414669
0.399463
0.383473
0.365913
0.347568
0.327752
0.307445
0.285765
0.260554
0.238089
0.21533
0.191687
0.167947
0.14352
0.119192
0.0943722
0.0698472
0.0448317
0.0205029
-0.0042183
-0.0281547
-0.0522873
-0.0754389
-0.0986886
-0.120859
-0.142834
-0.163729
-0.18433
-0.203754
-0.222687
-0.240345
-0.257611
-0.273307
-0.28861
-0.302344
-0.315588
-0.327262
-0.338347
-0.347961
-0.356888
-0.364245
-0.371014
-0.376213
-0.380824
-0.383865
-0.386318
-0.387299
-0.387691
-0.38671
-0.385141
-0.382296
-0.378862
-0.374153
-0.369052
-0.362676
-0.356005
-0.348059
-0.339917
-0.330695
-0.321277
-0.310781
-0.300284
-0.288708
-0.277231
-0.26487
-0.252607
-0.239462
-0.226611
-0.212877
-0.199535
-0.185507
-0.171773
-0.157549
-0.143716
-0.129394
-0.115562
-0.101239
-0.0875052
-0.0734769
-0.0599391
-0.0462051
-0.0331578
-0.0198162
-0.0072594
0.0054936
0.0175599
0.0296262
0.0410058
0.0523854
0.0628821
0.073575
0.0832869
0.0929988
0.101926
0.110755
0.118701
0.126549
0.133514
0.140479
0.146463
0.152349
0.157352
0.162356
0.166279
0.170302
0.173245
0.176188
0.178248
0.18021
0.181289
0.182368
0.182564
0.182662
0.181976
0.181289
0.179719
0.178248
0.175893
0.173637
0.170498
0.167653
0.163827
0.160295
0.155979
0.151761
0.146954
0.142343
0.136948
0.131944
0.126157
0.120761
0.114777
0.108989
0.102711
0.0968247
0.0903501
0.0842679
0.0776952
0.071613
0.0650403
0.05886
0.0522873
0.0462051
0.0397305
0.0337464
0.0273699
0.021582
0.0154017
0.00981
0.003924
-0.0013734
-0.0069651
-0.0119682
-0.0172656
-0.0218763
-0.0268794
-0.0310977
-0.0356103
-0.0394362
-0.0435564
-0.0469899
-0.0507177
-0.0536607
-0.056898
-0.0593505
-0.0621954
-0.0642555
-0.0665118
-0.0680814
-0.0699453
-0.0711225
-0.0724959
-0.0731826
-0.0741636
-0.0743598
-0.0748503
-0.0747522
-0.0748503
-0.0742617
-0.0739674
-0.0730845
-0.0723978
-0.0711225
-0.0701415
-0.0684738
-0.0671985