-0.0004905
-0.0004905
-0.0004905
-0.0004905
-0.0004905
-0.0004905
-0.000392
-0.0003924
-0.0003924
-0.0003924
-0.000392
-0.000392
-0.000392
-0.000294
-0.0002943
-0.000294
-0.000294
-0.0002943
-0.000294
-0.0002943
-0.0001962
-0.000196
-0.0001962
-0.000196
-0.000196
-0.0001962
-0.0001962
-9.81e-05
-9.81e-05
-9.81e-05
-9.81e-05
-9.81e-05
-9.81e-05
0
0
0
0
0
0
9.81e-05
9.81e-05
9.81e-05
9.81e-05
9.81e-05
0.0001962
0.0001962
0.0001962
0.0001962
0.0001962
0.0002943
0.0002943
0.0002943
0.0002943
0.0002943
0.0003924
0.000392
0.0003924
0.0003924
0.000392
0.0004905
0.0004905
0.0004905
0.0004905
0.0005886
0.0005886
0.0005886
0.0005886
0.0006867
0.0006867
0.0006867
0.0006867
0.0006867
0.0007848
0.0007848
-0.027468
-0.0129492
-0.0082404
-0.0349236
-0.0394362
0.0229554
0.0447
0.0177561
0.0027468
0.0341388
0.0552
0.0238383
0.0366894
0.0537588
0.0306072
-0.0004905
0.0065727
0.0486576
0.0623916
0.0041202
-0.0575847
-0.0298224
0.0321
0.0344331
0.0333
0.0122625
-0.0167751
-0.0167751
0.0073575
0.0272718
-0.0132435
-0.034335
-0.0011772
0.0337464
0.0537
0.036
-0.0332559
-0.0399267
-0.0207972
0.00294
0.020601
-0.0380628
-0.0587619
0.0175599
0.064746
0.0249174
-0.0456
-0.0396
0.0586638
0.0757332
0.020601
0.0251136
0.0334521
-0.0217
-0.0481671
-0.027468
0.0308034
0.0754389
0.0249174
-0.011772
0.022563
0.021582
0.006867
0.0134397
0.072594
0.0478728
-0.0432621
-0.0318
-0.00726
0.0535626
0.0366894
-0.0192
0.0257
0.0720054
0.0453222
-0.0415944
-0.0563
-0.0407115
-0.0376704
-0.016677
0.0717111
0.0569961
0.0211896
-0.0164808
-0.0472842
0.0231
0.0051993
-0.027468
-0.0244269
0.0545436
0.0889767
0.135084
0.0723978
-0.0210915
-0.0109872
0.0077499
-0.0091233
-0.00824
0.006867
0.0400248
0.0981981
0.0839736
0.0264
-0.0424773
-0.0314901
-0.0135378
-0.0157941
-0.031392
-0.0467937
-0.0796
-0.0261927
0.0802458
0.163238
0.0449298
-0.0619011
0.0907
0.138517
0.0741636
-0.0289395
-0.151368
-0.128315
0.0850527
0.168
0.0921159
-0.0987867
-0.361302
-0.207
0.168
0.202184
0.0228573
-0.145
-0.0894672
0.01962
0.126058
0.147052
-0.0641574
-0.242699
-0.132631
0.174
0.147
-0.0101
-0.0678
-0.0377
0.0555
0.15
-0.0502272
-0.454595
-0.452045
-0.0496386
0.262221
0.133
-0.15647
-0.31549
-0.147052
0.227
0.36454
0.14146
-0.170302
-0.38
-0.1
0.36709
0.211013
-0.220921
-0.268794
0.0885843
0.260652
0.139694
-0.0195219
-0.0688662
-0.0565056
0.0133416
0.0223668
-0.0364932
-0.0409
0.0226611
0.130473
0.0120663
-0.0829
-0.0067689
0.144
0.116739
-0.038259
-0.0454
0.0209934
0.157254
0.106
-0.0233478
0.124293
0.162454
-0.0394
-0.24113
-0.0982
0.0621954
0.0615087
0.0955494
-0.027468
-0.0527
-0.0489
0.0244
0.147641
0.0785
-0.0795591
-0.111932
-0.0394362
-0.0055917
-0.0403
0.101632
0.22
0.131
0.106
0.0030411
-0.173
-0.158
-0.053955
-0.145
-0.292
-0.141264
-0.0665118
-0.146561
-0.114
0.0306072
0.0281547
-0.113
-0.292
-0.287335
0.000981
0.00834
-0.0396324
-0.0485595
0.0198162
0.0780876
-0.0432621
-0.22151
-0.208953
-0.0354141
0.065727
-0.00422
0.00235
0.0526797
-0.0996696
-0.155
0.0119682
0.124881
-0.0010791
-0.0641
0.125
0.182
0.0033354
-0.173
0.0771066
0.325398
0.244
0.183153
-0.0032373
-0.231
-0.189824
0.138027
0.114
-0.0608
-0.00128
0.0844641
0.068
0.0687681
0.0731
-0.0749
-0.168
-0.196789
-0.128511
0.0553284
0.121055
0.0104
-0.168928
-0.155
-0.171
-0.15127
0.0074556
-0.0174618
-0.0212877
0.0693
0.059841
-0.0439488
-0.210523
-0.111
0.0414
-0.0420849
-0.0201105
0.0935874
0.153232
0.104182
0.142
0.182368
0.217095
0.239
0.0511101
-0.157352
-0.0872109
0.0114777
-0.0890748
-0.090252
-0.048069
-0.230437
-0.370818
-0.232497
-0.138027
-0.104
0.0567999
0.129394
0.0954513
0.0554265
0.0376704
-0.0546417
-0.168536
-0.267715
-0.299
-0.197671
-0.0891729
0.0649
0.160393
0.23593
0.0868185
-0.106242
-0.0194
0.0800496
0.0158922
-0.214839
-0.453026
-0.431346
0.0551322
0.296066
-0.0077499
-0.270854
-0.0992772
0.0984
0.0668061
0.0684738
-0.0376704
-0.0854
-0.1239
-0.222
-0.235734
0.0008829
-0.0343
-0.218
-0.178934
-0.0502272
0.123017
-0.0209
-0.243288
-0.172558
-0.0109872
-0.125862
-0.16
0.0172656
0.244269
0.327065
-0.0102024
-0.315882
-0.0335
0.427225
0.206206
-0.276446
-0.284588
0.0829926
0.240247
-0.0468918
-0.215722
-0.206402
-0.160001
-0.0838
0.236813
0.330597
-0.242699
-0.534547
-0.116347
0.422811
0.58703
0.279291
-0.0002943
-0.0115758
0.0850527
0.165985
0.0729
0.185311
0.14
0.0053
-0.0074556
-0.0608
-0.143
-0.292142
0.129786
0.306857
0.0254079
-0.203263
-0.535
-0.687583
-0.395343
-0.0038259
0.146954
-0.0943722
-0.0936
0.207678
0.392204
0.421143
0.0174618
-0.228
-0.156568
-0.094176
0.0292338
0.254962
0.23338
0.191491
0.226807
0.0318825
-0.265262
-0.422615
-0.174618
-0.0345312
-0.146463
0.164906
0.534449
0.427422
0.0130473
-0.0777933
0.187665
0.243288
0.11203
-0.0297243
-0.104673
-0.158726
-0.175893
0.130081
0.082404
-0.31392
-0.434387
-0.179621
0.0212877
-0.206206
-0.296949
-0.312252
0.0432621
0.549556
0.653738
0.361597
0.0179523
-0.154606
-0.105359
0.093195
-0.0404172
-0.206697
0.108008
0.375625
0.162356
0.0308034
0.164023
0.334
0.291553
0.102613
-0.0220725
-0.08829
-0.0872109
-0.071613
-0.0499329
-0.0535626
-0.159118
-0.0251136
0.108891
0.0703377
0.0924102
0.0266832
-0.0040221
0.197671
0.190903
-0.0739674
-0.1704
-0.0797553
-0.0400248
-0.185311
-0.120271
-0.140577
0.0481671
0.283215
0.0136359
-0.105261
0.380922
0.73938
0.4595
0.0589581
0.0477747
0.241424
0.241816
0.273209
0.24731
0.0361008
0.0250155
0.0303129
-0.162748
-0.285
-0.224649
-0.225139
-0.348942
-0.116739
0.0562113
-0.1136
-0.0632745
0.155881
0.272424
0.333638
0.30048
0.0933912
-0.153527
-0.189922
0.146071
0.572414
0.702494
0.270658
-0.338249
-0.35267
0.0471861
0.124391
-0.109676
-0.0368856
0.17089
0.16314
0.263104
0.532094
0.679735
0.396324
-0.258003
-0.654327
-0.560543
-0.271345
0.0418887
0.092214
0.0184428
0.442039
0.811385
0.6609
0.12753
0.0495405
-0.0050031
-0.165691
-0.217095
-0.399365
-0.4802
-0.533958
-0.454203
-0.0499329
0.451162
0.420457
0.0817173
-0.082404
0.202478
0.32324
0.363755
0.271443
0.541022
0.769202
0.623033
0.0586638
-0.418004
-0.31343
-0.195906
-0.041202
-0.0740655
0.235244
0.183055
-0.24682
-0.287629
-0.179915
0.0184428
0.090252
-0.217782
-0.241032
0.143226
0.266342
-0.0282528
0.172165
0.254766
-0.211994
-0.45489
-0.495209
-0.103692
-0.14146
-0.492462
-0.404368
-0.160884
-0.320689
-0.633922
-0.651482
-0.260456
-0.0171675
0.0958437
0.519832
0.833654
0.890258
0.924691
0.286256
-0.190706
0.226709
0.429089
0.587129
0.512278
0.53592
0.727117
0.788037
0.329027
0.152349
0.495111
0.34335
-0.264281
-0.59792
-0.553774
-0.700238
-1.03535
-1.39959
-0.97482
0.12547
0.840521
0.629606
0.413393
0.385631
0.0699453
-0.3614
-0.614302
-0.51581
-0.426146
-0.0727902
0.379255
0.103692
-0.439978
-0.864457
-1.11402
-0.57
0.269383
0.78843
0.684934
0.135574
-0.229848
-0.400935
-0.395637
-0.237108
-0.0932931
0.161669
0.556914
0.434583
0.196102
0.490794
0.738301
0.790294
0.992183
1.24842
1.28423
1.12629
0.946665
0.72437
0.174716
-0.599685
-0.960988
-0.72957
-0.29999
0.0433602
0.320296
0.725155
1.12118
1.23959
1.05026
0.732317
0.375919
-0.102122
-0.464504
-0.462443
-0.318335
0.0483633
0.588011
0.729766
0.230045
-0.562702
-0.949412
-0.942839
-0.754487
-0.533075
-0.605473
-0.765278
-0.898988
-0.963931
-0.879957
-0.531113
0.0810306
0.472842
0.208561
-0.284098
-0.199437
0.917235
2.81439
4.27893
3.93204
1.39047
-1.12854
-1.50888
0.244367
2.02282
1.65661
0.184036
-0.292044
0.819724
1.90196
1.38301
0.515025
0.352179
0.431738
-0.0348255
-1.31817
-2.15379
-1.66633
-1.04908
-1.94385
-3.41162
-3.12949
-2.11847
-2.31163
-2.52156
-1.26323
0.906444
2.14633
2.2978
2.73728
3.42094
3.55926
2.99009
2.30025
1.80955
0.872011
-0.591543
-1.9106
-2.68284
-3.22062
-3.55436
-2.95771
-1.12334
1.21399
2.71541
2.17782
-0.169124
-2.46986
-3.34904
-3.12694
-2.48448
-1.65034
-1.15052
-1.4353
-2.06922
-2.16124
-1.20369
0.328439
1.60972
2.06608
1.2755
-0.334031
-1.79121
-2.44975
-2.17517
-1.80014
-1.36016
-0.340996
0.874463
2.1531
2.82234
2.14623
0.553774
-0.773126
-1.17916
-1.06046
-0.600568
0.334815
0.99905
0.48481
-0.570844
-0.608612
0.509041
1.45865
2.07423
2.83617
3.27566
3.04601
2.40374
1.40764
1.10402
1.81436
2.344
1.76256
0.621071
-0.0713187
0.154409
1.25117
2.42591
3.02383
2.35852
1.01445
-0.114875
-0.64383
-0.823648
-0.925279
-0.540629
0.18227
0.619698
-0.493345
-2.17684
-2.57562
-2.59416
-4.61374
-4.81916
-5.27768
-5.54912
-1.55528
-1.72391
-1.16847
-2.61407
-3.30989
-1.94895
0.304306
1.2028
-0.0340407
2.80713
3.71102
2.40247
3.25172
0.692095
1.70292
-1.30051
-0.831398
-1.41804
-0.828847
-0.61646
-0.563683
-1.94699
-3.02011
-3.87191
-3.19139
-3.45999
-2.63212
-2.49017
-1.62287
0.408488
1.99663
1.66662
1.04457
0.295673
-0.513455
-0.572217
-0.435368
-0.654621
-0.782053
-0.805695
-0.755468
-0.732513
-0.973839
-1.20045
-1.43412
-1.84055
-2.19715
-2.25581
-2.04568
-1.72578
-1.49495
-1.08351
-0.389065
0.247114
0.513161
0.360321
0.163533
-0.0057879
0.135182
0.404957
0.468133
0.493737
0.644223
1.14591
1.77257
2.30702
2.72002
3.06209
3.26173
3.38406
3.289
2.8035
1.92747
0.804714
-0.242111
-0.926849
-1.22586
-1.45011
-1.55341
-1.71126
-1.96475
-2.05451
-1.57117
-0.651875
-0.145678
-0.122919
-0.253785
-0.212583
0.0319806
0.332167
0.56898
0.864359
1.5801
2.23158
2.34577
2.11974
1.77561
1.21203
0.205225
-0.911251
-1.91776
-2.49086
-2.33056
-1.79258
-1.39194
-1.33544
-1.22625
-0.936561
-0.837676
-0.783917
-0.738202
-0.711029
-0.803635
-1.00386
-0.999737
-0.696804
-0.162159
0.27468
0.529446
0.703279
0.841992
0.959614
0.991693
1.00376
1.06223
1.07341
0.973544
0.945782
1.18524
1.58225
1.91413
1.91795
1.65416
1.37615
1.24342
1.25519
1.62199
2.26385
2.57375
2.39089
1.98957
1.56509
1.03358
0.438213
-0.16265
-0.727313
-1.09725
-1.37566
-1.52546
-1.52742
-1.5746
-1.63974
-1.76963
-1.797
-1.56685
-1.19437
-0.928615
-0.75488
-0.672476
-0.850723
-1.09558
-0.917235
-0.417612
-0.0987867
0.0152055
0.0877014
0.227298
0.486184
0.839638
1.11608
1.22811
1.2389
1.33347
1.46189
1.60335
1.7812
1.93659
1.85674
1.45247
1.06988
0.765965
0.32736
-0.115758
-0.445374
-0.578005
-0.311173
0.0602334
0.166083
-0.0536607
-0.542591
-1.13767
-1.45011
-1.33406
-0.838853
0.0256041
0.941073
1.48141
1.82397
2.21323
2.61407
2.89817
3.21807
3.54269
3.64589
3.3819
2.88296
2.39266
1.82603
1.1928
0.620286
0.194532
-0.293123
-0.765572
-0.936266
-0.816584
-0.807952
-1.24087
-1.88833
-2.53853
-2.70874
-2.18135
-1.67329
-1.67545
-1.74255
-1.4094
-0.383179
0.789215
1.21242
1.21193
1.24077
1.33681
1.25019
1.03996
1.03898
1.08361
0.964127
0.532781
-0.0426735
-0.397403
-0.383473
-0.135574
0.0504234
-0.0257022
-0.321179
-0.681991
-1.06664
-1.35555
-1.54086
-1.49887
-1.12786
-0.598999
-0.0950589
0.10634
-0.13783
-0.582518
-1.00572
-1.24312
-1.14022
-0.788822
-0.430659
-0.489028
-1.00827
-1.36899
-1.40597
-1.21791
-0.661979
0.001962
0.508256
0.659624
0.928222
1.59903
2.24806
2.56767
2.30133
1.70674
1.32926
1.2183
1.4097
1.54341
1.13776
0.468329
-0.138027
-0.590268
-0.849055
-0.84935
-0.782347
-0.880644
-0.956181
-0.762531
-0.559366
-0.471469
-0.332951
-0.145777
-0.0505215
0.02943
0.0981
-0.0355122
-0.28292
-0.293711
-0.0193257
0.416434
0.939994
1.01749
0.721624
0.372682
-0.0562113
-0.557012
-0.817271
-0.717405
-0.523462
-0.530034
-0.819429
-1.23361
-1.51408
-1.50034
-1.38164
-1.43461
-1.63582
-1.7863
-1.59324
-0.916352
-0.0808344
0.579084
0.928222
1.13335
1.15169
1.00611
0.995126
0.987082
1.01171
1.18711
1.56342
2.09296
2.44289
2.50459
2.34724
2.03459
1.68349
1.16052
0.697295
0.554363
0.440371
0.344037
0.15284
-0.380039
-0.977076
-1.37065
-1.71253
-1.97936
-2.03253
-1.8999
-1.55812
-1.46336
-1.40518
-1.31032
-1.58844
-1.79445
-1.61012
-1.21968
-1.07439
-1.16788
-0.782838
-0.202871
-0.236519
-0.542885
-0.74919
-0.923219
-1.06301
-0.801575
-0.497956
-0.232595
0.461266
1.02995
1.36467
1.6987
1.67437
1.31768
0.985218
1.1464
1.41058
1.30542
1.15052
1.01092
1.10647
1.23322
0.906052
0.266734
-0.28606
-0.551126
-0.554265
-0.890748
-1.30591
-1.3529
-1.29129
-1.19486
-1.06154
-1.18407
-1.66329
-1.94346
-1.78012
-1.23724
-0.817369
-0.595467
-0.421536
-0.451947
-0.637944
-0.849644
-0.727215
0.0317844
0.927143
1.3732
1.43756
1.51437
1.70517
1.66113
1.46591
1.53468
1.90569
1.91383
1.27814
0.809717
0.939209
1.21458
1.1925
0.96756
0.701709
0.465583
0.483142
0.478139
0.311075
0.0003924
-0.402799
-0.517183
-0.426637
-0.249076
-0.0375723
-0.0059841
-0.201596
-0.584087
-0.815309
-0.622837
-0.363166
-0.300186
-0.47706
-0.817467
-0.888688
-0.713481
-0.527974
-0.423792
-0.471371
-0.542395
-0.333638
0.0371799
0.19777
0.298813
0.684346
1.1257
1.30856
1.2909
1.33691
1.48504
1.35437
0.871815
0.452633
0.337954
0.430855
0.49668
0.293221
-0.0475785
-0.0167751
0.119093
-0.0501291
-0.335306
-0.686308
-1.17063
-1.66888
-1.89617
-1.91226
-1.82868
-1.54978
-1.18829
-0.9707
-0.881723
-0.839147
-0.843366
-0.763905
-0.480003
-0.0645498
0.263497
0.43733
0.594584
0.748699
0.78117
0.81835
1.0019
1.1618
1.17014
1.08832
0.98718
0.810895
0.578201
0.473921
0.483241
0.390144
0.189529
-0.0095157
-0.205912
-0.422615
-0.695235
-0.920374
-1.19859
-1.4768
-1.49838
-1.47778
-1.54252
-1.56411
-1.39547
-1.06723
-0.869755
-0.754389
-0.606258
-0.44763
-0.270167
-0.143716
-0.158235
-0.281253
-0.309015
-0.0594486
0.373074
0.621463
0.5473
0.44145
0.487851
0.581929
0.55917
0.398678
0.194728
-0.0263889
-0.380726
-0.752623
-1.07321
-1.27246
-1.2442
-1.13806
-1.13384
-1.33092
-1.60855
-1.80229
-2.03695
-2.47428
-2.86589
-2.9171
-2.571
-2.12642
-1.56921
-0.8261
-0.426146
-0.586246
-0.854745
-0.737712
-0.428599
-0.142147
0.203754
0.531211
0.766848
0.856805
1.01789
1.28815
1.36261
1.25754
1.11726
0.997579
0.848271
0.735848
0.753702
0.788332
0.84778
0.997285
1.12815
1.19937
1.23626
1.24597
1.08636
0.859258
0.767927
0.676498
0.525914
0.24525
-0.0929007
-0.189235
0.0165789
0.329126
0.505117
0.498054
0.468133
0.547398
0.705045
0.729864
0.663156
0.589483
0.375821
0.254373
0.467643
0.861024
1.02573
0.988946
0.933422
0.876524
0.934991
1.0431
1.07763
1.1926
1.42873
1.52908
1.29541
0.92214
0.676203
0.476079
0.253687
0.193551
0.23907
0.170007
-0.0484614
-0.23181
-0.266832
-0.283215
-0.312547
-0.25869
-0.102318
0.0341388
0.0741636
-0.0075537
-0.0210915
0.0468918
0.173441
0.319806
0.333736
0.187175
-0.162356
-0.407409
-0.397796
-0.226022
-0.142049
-0.191785
-0.201792
-0.143815
-0.0192276
0.0432621
-0.152644
-0.454693
-0.427716
-0.146856
0.0932931
0.12135
-0.0472842
-0.249076
-0.438703
-0.445963
-0.17501
0.0714168
-0.0889767
-0.689349
-1.44266
-1.84565
-1.57627
-1.04006
-0.670612
-0.271345
0.274778
0.763512
0.727804
-0.0540531
-0.970503
-1.2599
-0.731532
-0.0677871
0.167751
0.0319806
-0.57261
-1.25185
-1.77757
-1.93463
-1.35515
-0.753212
-0.394754
-0.0759294
-0.0946665
-0.62578
-0.806872
-0.579379
-0.826689
-1.09578
-1.06213
-0.695921
0.0781857
0.470095
0.0985905
-0.38877
-0.359046
0.118309
0.492462
0.673751
0.791275
0.760373
0.474706
0.127432
-0.156077
-0.287531
-0.121938
0.206402
0.610084
0.937149
1.07802
0.985022
0.547692
0.0934893
-0.0518949
0.201301
0.674339
1.01082
1.10098
0.982668
0.687485
0.288905
0.106242
0.239266
0.49619
0.518066
0.384748
0.370622
0.405447
0.485006
0.483927
0.192963
-0.231222
-0.367581
-0.139008
0.122527
0.233674
0.244759
0.181877
0.151466
0.0744579
-0.0600372
-0.177463
-0.359733
-0.557502
-0.795395
-1.11432
-1.32209
-1.27344
-1.1151
-0.887609
-0.554069
-0.278996
-0.120663
-0.0293319
-0.0197181
-0.144403
-0.335502
-0.465975
-0.447042
-0.327556
-0.340996
-0.532683
-0.640103
-0.565645
-0.432425
-0.362087
-0.255845
-0.12547
-0.0883881
-0.12547
-0.136163
-0.0976095
-0.0874071
-0.108499
-0.136555
-0.112717
-0.0635688
-0.0099081
0.1652
0.266243
0.136261
-0.125568
-0.418004
-0.44302
-0.104967
0.260946
0.391027
0.250547
0.0406134
-0.0256041
-0.0201105
-0.0709263
-0.0646479
0.114483
0.399463
0.59066
0.610182
0.287825
-0.156371
-0.182074
0.0646479
0.308328
0.532879
0.836597
1.1463
1.32357
1.3836
1.25166
0.884273
0.38102
0.0478728
0.131062
0.402406
0.583597
0.488636
0.110068
-0.314018
-0.596056
-0.661586
-0.527091
-0.330695
-0.0352179
0.241816
0.330303
0.360812
0.328439
0.137634
-0.0585657
0.0551322
0.282724
0.279389
0.0728883
-0.099081
-0.187175
-0.152546
0.0553284
0.190412
0.214937
0.334815
0.470978
0.48069
0.416925
0.394362
0.457538
0.530917
0.381903
0.122036
0.0032373
0.109872
0.32216
0.413688
0.481279
0.473038
0.323926
0.191393
0.266538
0.498054
0.665118
0.627055
0.537686
0.494032
0.249272
0.0134397
0.0995715
0.284588
0.222883
0.226709
0.372584
0.306366
0.11203
0.104967
0.28812
0.452633
0.530917
0.49668
0.411333
0.373957
0.391419
0.356397
0.309604
0.290866
0.173343
-0.0478728
-0.337464
-0.618913
-0.828749
-0.928516
-0.850821
-0.704064
-0.580261
-0.52356
-0.473234
-0.467054
-0.561917
-0.595075
-0.683855
-0.787841
-0.813543
-0.743892
-0.582616
-0.3924
-0.337562
-0.368267
-0.403878
-0.489225
-0.539256
-0.465288
-0.261535
-0.103201
-0.113796
-0.257414
-0.375919
-0.387495
-0.314607
-0.237991
-0.194336
-0.115169
-0.0327654
0.024525
0.0780876
0.0757332
0.0879957
0.0906444
0.0669042
0.126549
0.234067
0.349236
0.451162
0.523363
0.503547
0.324515
0.0585657
-0.0748503
-0.0415944
-0.0228573
9.81e-05
0.070632
0.0563094
-0.0373761
-0.118897
-0.14303
-0.153919
-0.130571
-0.0086328
0.0763218
0.0433602
0.0530721
0.0336483
-0.150191
-0.303129
-0.251626
-0.126058
-0.0649422
-0.0920178
-0.188941
-0.32579
-0.393283
-0.330793
-0.327163
-0.368562
-0.345116
-0.291651
-0.253883
-0.204244
-0.114483
-0.0661194
0.0152055
0.151957
0.237402
0.174716
0.116445
0.205618
0.24319
0.239756
0.251332
0.249959
0.168732
0.0672966
0.0802458
0.0466956
-0.0785781
-0.111932
-0.0521892
-0.0492462
-0.0935874
-0.139891
-0.127922
-0.0121644
0.174814
0.312449
0.3356
0.325888
0.361106
0.46519
0.592524
0.60204
0.551616
0.597135
0.693763
0.788234
0.847388
0.832084
0.800496
0.742028
0.628036
0.50031
0.495405
0.510316
0.445374
0.339818
0.257316
0.210915
0.0850527
-0.0634707
-0.116445
0.0104967
0.22563
0.397697
0.507177
0.52768
0.516006
0.587129
0.705928
0.760275
0.689545
0.540433
0.422811
0.355122
0.337856
0.266047
0.17246
0.124293
0.0985905
0.100062
0.146954
0.218273
0.20758
0.0894672
0.044145
0.0319806
-0.0059841
0.0152055
0.0520911
0.125078
0.105359
-0.0198162
-0.0590562
-0.0525816
-0.117524
-0.191099
-0.165298
-0.110264
-0.090252
-0.161178
-0.353454
-0.51581
-0.577515
-0.615479
-0.635001
-0.597723
-0.51061
-0.450083
-0.398678
-0.282724
-0.204342
-0.277623
-0.40378
-0.500408
-0.529446
-0.595271
-0.67326
-0.639122
-0.576141
-0.611653
-0.727019
-0.780385
-0.711912
-0.558189
-0.402701
-0.319414
-0.294594
-0.326281
-0.393381
-0.408194
-0.399071
-0.422419
-0.424086
-0.43782
-0.444982
-0.460089
-0.454792
-0.390634
-0.46313
-0.607435
-0.645106
-0.582714
-0.490794
-0.506196
-0.534547
-0.513259
-0.461168
-0.432229
-0.425656
-0.402504
-0.430365
-0.443902
-0.422909
-0.378862
-0.330891
-0.319414
-0.294496
-0.279781
-0.242307
-0.118603
0.0150093
0.105457
0.168143
0.205029
0.203361
0.218567
0.243092
0.204637
0.19826
0.216114
0.263104
0.296556
0.3046
0.350806
0.384748
0.450769
0.497563
0.452928
0.362283
0.347372
0.387593
0.358752
0.338249
0.332068
0.33766
0.330989
0.263398
0.186979
0.156273
0.172754
0.202282
0.263693
0.330303
0.306759
0.215428
0.100356
0.0140283
0.0306072
0.16834
0.302442
0.276936
0.156568
0.0673947
0.0371799
0.042183
0.0422811
0.005886
-0.0365913
-0.0051012
0.037278
0.0085347
-0.0413982
-0.0496386
-0.0665118
-0.071613
-0.0077499
0.100454
0.168928
0.104673
-0.0002943
0.0090252
0.107125
0.190903
0.268598
0.3769
0.435662
0.39446
0.259278
0.157843
0.151859
0.171675
0.197671
0.208953
0.192472
0.188254
0.182466
0.189137
0.222883
0.270167
0.310879
0.268892
0.12184
0.0079461
-0.0024525
0.0635688
0.192865
0.241816
0.15078
0.0416925
-0.0172656
-0.0319806
-0.0808344
-0.15539
-0.140087
-0.0053955
0.103594
0.10997
0.111245
0.118505
0.0777933
0.0352179
0.0203067
0.0214839
0.0591543
0.126157
0.167457
0.187763
0.204637
0.168241
0.0851508
0.0348255
0.0223668
0.036297
0.0570942
0.0721035
0.0703377
0.0454203
0.0311958
0.0391419
0.0584676
0.0537588
0.0113796
-0.0254079
-0.0341388
-0.0352179
-0.0448317
-0.0475785
-0.0435564
-0.0532683
-0.110951
-0.173931
-0.221314
-0.228867
-0.222295
-0.256139
-0.306857
-0.338936
-0.337464
-0.329027
-0.345312
-0.36454
-0.362774
-0.341094
-0.336581
-0.336581
-0.309702
-0.289886
-0.288512
-0.31235
-0.324122
-0.310486
-0.29999
-0.285863
-0.279879
-0.268892
-0.264968
-0.270854
-0.263987
-0.249665
-0.231712
-0.206108
-0.189529
-0.171871
-0.160393
-0.15333
-0.144698
-0.12959
-0.123312
-0.13116
-0.140577
-0.132631
-0.119093
-0.112913
-0.105163
-0.0820116
-0.0587619
-0.0493443
-0.0479709
-0.0466956
-0.0398286
-0.0273699
-0.01962
-0.0094176
0.0044145
0.0142245
0.0141264
0.0094176
0.008829
0.0192276
0.0260946
0.0288414
0.0352179
0.0447336
0.0528759
0.0606258
0.066708
0.0697491
0.0698472
0.0689643
0.0689643
0.072594
0.0720054
0.0731826
0.0744579
0.0767142
0.0789705
0.0805401
0.0796572
0.079461
0.0793629
0.0813249
0.0827964
0.0837774
0.0832869
0.0847584
0.085347
0.0864261
0.0854451
0.0848565
0.0836793
0.0838755
0.0832869
0.0836793
0.0837774
0.0852489
0.0857394
0.0868185
0.0871128
0.0879957
0.0875052
0.0875052
0.0866223
0.0870147
0.0864261
0.0866223
0.0856413
0.0856413
0.0847584
0.0848565
0.0840717
0.0839736
0.0829926
0.0826983
0.0813249
0.0807363
0.0792648
0.0785781
0.0769104
0.0760275
0.0742617
0.0732807
0.0712206
0.0700434
0.0678852
0.0666099
0.0643536
0.0628821
0.0605277
0.0589581
0.0565056
0.054936
0.0523854
0.0507177
0.0481671
0.0464994
0.0438507
0.042183
0.0395343
0.0377685
0.0317844
0.0308034
0.0289395
0.0279585
0.0260946
0.0252117
0.0233478
0.0224649
0.0206991
0.0198162
0.0180504
0.0171675
0.0154998
0.014715
0.0130473
0.0122625
0.0105948
0.0099081
0.0083385
0.0076518
0.0062784
0.0055917
0.0041202
0.0036297
0.0022563
0.0017658
0.0003924
0
-0.0012753
-0.0016677
-0.002943
-0.0032373
-0.0043164
-0.0046107
-0.0056898
-0.005886
-0.006867
-0.0069651
-0.0079461
-0.0080442
-0.0089271
-0.0089271
-0.00981
-0.0097119
-0.0104967
-0.0103986
-0.0111834
-0.0109872
-0.0116739
-0.0114777
-0.0120663
-0.011772
-0.0123606
-0.0120663
-0.0126549
-0.0122625
-0.012753
-0.0123606
-0.0128511
-0.0123606
-0.0128511
-0.0123606
-0.012753
-0.0122625
-0.0125568
-0.0120663
-0.0123606
-0.011772
-0.0120663
-0.0114777
-0.011772
-0.0111834
-0.0114777
-0.010791
-0.0110853
-0.0103986
-0.0105948
-0.0100062
-0.0102024
-0.0095157
-0.0097119
-0.0090252
-0.0092214
-0.0085347
-0.0087309
-0.0080442
-0.0082404
-0.0075537
-0.0076518
-0.0069651
-0.0071613
-0.0064746
-0.0066708
-0.0059841
-0.0061803
-0.0054936
-0.0056898
-0.004905
-0.0051012
-0.0044145
-0.0047088
-0.0040221
-0.0042183
-0.0035316
-0.0037278
-0.0030411
-0.0033354
-0.0026487
-0.0028449
-0.0022563
-0.0024525
-0.0018639
-0.0020601
-0.0014715
-0.0017658
-0.0010791
-0.0013734
-0.0007848
-0.0010791
-0.0004905
-0.0007848
-0.0001962
-0.0004905
9.81e-05
-0.0001962
0.0002943
0
0.0005886
0.0001962
0.0007848
0.0003924
0.000981
0.0005886
0.0010791
0.0007848
0.0012753
0.0008829
0.0013734
0.000981
0.0014715
0.0010791
0.0015696
0.0011772
0.0016677
0.0012753
0.0017658
0.0012753
0.0017658
0.0013734
0.0018639
0.0013734
0.0018639
0.0013734
0.0018639
0.0014715
0.0018639
0.0013734
0.0018639
0.0013734
0.0018639
0.0013734
0.0018639
0.0013734
0.0017658
0.0013734
0.0017658
0.0012753
0.0017658
0.0012753
0.0016677
0.0011772
0.0016677
0.0011772
0.0015696
0.0010791
0.0014715
0.0010791
0.0014715