-0.00118
-0.0011772
-0.0011772
-0.0011772
-0.0011772
-0.0011772
-0.0011772
-0.0011772
-0.00108
-0.0010791
-0.0010791
-0.000981
-0.000981
-0.000981
-0.000981
-0.000981
-0.0008829
-0.0008829
-0.0008829
-0.0008829
-0.0008829
-0.0007848
-0.000785
-0.0007848
-0.0006867
-0.0006867
-0.0005886
-0.0005886
-0.0005886
-0.0005886
-0.0004905
-0.0004905
-0.0004905
-0.0004905
-0.0003924
-0.0003924
-0.0003924
-0.0002943
-0.0002943
-0.000294
-0.000196
-0.0001962
-0.0001962
-9.81e-05
-9.81e-05
-9.81e-05
0
0
9.81e-05
9.81e-05
0.0001962
0.000196
0.0001962
0.0002943
0.0002943
0.0003924
0.0003924
0.0004905
0.0004905
0.000589
0.0005886
0.0006867
0.0006867
0.0007848
0.0008829
0.000883
0.000981
0.000981
0.00108
0.00118
0.0011772
0.0012753
0.0013734
0.00137
0.0014715
0.0015696
0.0014715
0.0015696
0.00167
0.00167
0.0017658
0.00186
0.00196
0.001962
0.00206
0.0021582
0.00216
0.0021582
0.0022563
0.0023544
0.0024525
0.0024525
0.00255
0.0025506
0.00265
0.0026487
0.0027468
0.00284
0.00284
0.00294
0.002943
0.0030411
0.0031392
0.0032373
0.0032373
0.00324
0.00334
0.0034335
0.0034335
0.00343
0.0035316
0.00363
0.00363
0.0037278
0.0037278
0.0038259
0.0038259
0.00383
0.00392
0.0040221
0.0040221
0.00402
0.00412
0.00412
0.00412
0.00422
0.00432
0.0042183
0.0043164
0.00432
-0.00118
-0.0008829
-0.0005886
-0.0002943
0
9.81e-05
0.0004905
0.000981
0.000981
0.0018639
0.0020601
0.00147
0.00157
0.0022563
0.00245
0.0047088
0.0062784
0.008829
0.00971
0.0094176
0.007848
0.00628
-0.001962
-0.00304
0.0011772
0.0016677
0.0020601
0.0037278
0.0076518
0.00412
-0.00647
-0.00804
-0.0054
-0.0046107
-0.00618
-0.0129
0.00638
0.0188
0.0248
0.036297
0.0332
0.0220725
0.0114
-0.00844
-0.0102
0.0076518
0.0213
0.0275
0.0096138
-0.0104967
-0.0322749
-0.0376704
-0.0280566
-0.0321768
-0.0210915
-0.0050031
-0.0195219
-0.0288414
-0.0190314
0.0130473
0.0485595
0.0629802
0.0336
0.0241
0.05886
0.0928026
0.0708282
0.0547398
0.0788724
0.0865242
0.0321768
-0.0211896
-0.0423
-0.0205029
-0.0052974
0.00638
0.0247212
0.0169713
-0.028449
-0.0511101
-0.0361008
0.0102024
0.0599391
0.107812
0.0934893
0.0619011
0.0666099
0.0731826
0.0308034
-0.0237
-0.0240345
0.0259
0.04905
0.0113
-0.0178
-0.0133416
0.0036297
0.00981
0.0359046
0.0812
0.0818154
0.0516
0.0069651
0.0130473
0.0540531
0.0935874
0.0956475
0.0733
0.048
0.0140283
-0.00618
-0.0203067
-0.0225
0.0051
0.0549
0.0711225
0.106733
0.139498
0.143
0.0673947
-0.0442431
-0.121
-0.126
-0.0987
-0.0858
-0.0498
0.0142
0.0547
0.0334521
0.0035316
0.0422811
0.0438507
-0.0190314
-0.0939
-0.0633726
0.0148
0.0929007
0.101
0.0659
0.0409077
0.00461
-0.0417906
-0.0754
-0.072
-0.0556
-0.072
-0.0751
-0.030411
0.0295
0.0482652
0.0388
0.0425
0.0379647
0.00294
-0.016
-0.023544
-0.0453
-0.0677
-0.085347
-0.14
-0.177
-0.143618
-0.0820116
-0.0253
-0.0006867
0.0109872
-0.0157941
-0.0569
-0.095157
-0.0798534
-0.0229
0.0429
0.102711
0.124489
0.0956475
0.000687
-0.107
-0.188156
-0.224845
-0.167653
-0.062
0.0601353
0.170596
0.207
0.14
0.0154017
-0.0928026
-0.141558
-0.150584
-0.159
-0.162
-0.130865
-0.0894672
-0.0547
-0.0471861
-0.0854
-0.115
-0.0977
-0.0714
-0.0430659
0.000687
0.0452241
0.0705339
0.0555
0.0453222
0.0435564
0.0152
-0.02943
-0.0413001
0.006867
0.0648
0.0813249
0.0163827
-0.0672966
-0.0934893
-0.0558
-0.0349
-0.0647
-0.0779
-0.0392
0.0409
0.109
0.0974
0.0348255
-0.0007848
-0.0420849
-0.101
-0.08
0.0086328
0.11723
0.15
0.112324
0.0405153
-0.00746
-0.0287433
-0.0446355
-0.0779
-0.0892
-0.04
0.0375723
0.122331
0.165102
0.134
0.0535626
-0.0115758
-0.0198162
0.0477
0.156
0.23
0.260848
0.314214
0.367973
0.343742
0.281
0.222098
0.129884
0.0368
-0.0301
0.00657
0.0104967
-0.0114777
-0.00706
-0.0405
-0.05886
-0.0075537
0.0282
-0.0093195
-0.0499
0.025506
0.173
0.332
0.379
0.3511
0.26
0.156
0.0532683
-0.0167
-0.0827964
-0.133
-0.105
-0.0621954
-0.0279
0.0203
0.0342369
0.0564
0.101533
0.124685
0.130865
0.0710244
0.0840717
0.124881
0.149406
0.212
0.14146
0.116445
0.18276
0.201
0.0701415
-0.0770085
-0.182
-0.203
-0.222
-0.220431
-0.205225
-0.147542
-0.0424773
0.0386514
0.0187
-0.142441
-0.31598
-0.435466
-0.428795
-0.347176
-0.256
-0.237
-0.227788
-0.13685
-0.0391
0.0101
-0.00981
-0.00853
-0.00638
-0.0804
-0.182
-0.239
-0.215
-0.307151
-0.43
-0.548771
-0.54
-0.466171
-0.392
-0.344135
-0.343
-0.323
-0.315686
-0.377096
-0.542983
-0.711
-0.779
-0.814
-0.818
-0.433013
0.17501
0.549
0.438899
0.0233478
-0.498
-0.848
-1.03
-1.09264
-1.1
-1.03
-1.00837
-1.05575
-0.983
-0.827866
-0.626663
-0.445178
-0.246035
-0.0307053
0.152
0.204833
0.0552303
-0.118112
-0.178934
0.0205029
0.292338
0.492953
0.37847
-0.0342369
-0.501193
-0.799221
-0.943428
-1.10627
-1.26
-1.38086
-1.5335
-1.7243
-1.94101
-2.21176
-2.38373
-2.06952
-1.11991
-0.299401
0.15745
0.39858
0.488244
0.399463
0.146561
-0.301363
-0.830907
-1.36457
-1.71734
-1.84379
-1.83349
-1.77963
-1.67908
-1.4304
-0.954022
-0.185017
0.730943
1.71322
2.62349
3.44027
4.1514
4.6107
4.78797
4.69016
4.54998
4.37703
4.24783
4.13933
3.96236
3.61096
2.98204
2.24747
1.51192
0.906738
0.549066
0.397305
0.373172
0.575258
1.10627
1.6159
1.74294
1.92374
2.07207
0.710931
-1.18269
-1.18377
-0.783525
0.75488
-0.991987
-3.25231
-4.58107
-2.67479
-2.66342
-3.1545
-0.56535
2.82469
-0.907523
-1.82976
-0.435368
-0.127334
3.04345
2.72
2.01939
-0.217193
-1.7297
0.193846
1.23675
0.993753
1.57706
1.53134
0.345901
-0.340113
-1.08999
-1.3114
-1.69262
-1.42726
0.0792648
1.29227
2.78839
2.14819
0.786664
-0.742911
-3.08583
-3.25172
-5.1373
-3.55299
-2.22864
-2.01291
-1.57578
-0.043164
-0.921551
-1.36899
-0.423203
-0.110853
1.07626
2.05157
2.50204
1.96367
0.732709
-0.559759
-1.69409
-2.08865
-1.49867
-0.22769
1.02416
1.53144
1.10824
0.375625
0.169222
0.819822
2.02655
3.00019
2.9845
1.73608
-0.252117
-2.13681
-3.21915
-3.30685
-2.71796
-1.94385
-1.3787
-1.08
-0.865536
-0.563388
-0.0907425
0.418789
0.73987
0.744677
0.524541
0.340898
0.391713
0.617932
0.905757
1.2598
1.75481
2.38756
3.02943
3.46715
3.53121
3.11065
2.20754
0.963538
-0.341977
-1.39881
-1.9979
-2.0496
-1.67221
-1.11638
-0.661783
-0.543278
-0.813543
-1.43805
-2.18547
-2.76593
-2.95163
-2.73238
-2.09022
-1.17298
-0.135967
0.821097
1.57872
2.0961
2.38138
2.47124
2.39442
2.21431
1.98446
1.71165
1.44825
1.21065
1.05016
1.00533
1.01936
0.979627
0.869657
0.725057
0.643242
0.612929
0.546613
0.357476
0.0603315
-0.23495
-0.475196
-0.731728
-1.05458
-1.35192
-1.52075
-1.50377
-1.38076
-1.16651
-0.889375
-0.617834
-0.338347
-0.0400248
0.274876
0.600078
0.925181
1.22095
1.40754
1.43452
1.34103
1.21693
1.06743
0.909681
0.709165
0.475589
0.257709
0.112717
0.0773028
0.104673
0.14509
0.183349
0.123116
-0.0885843
-0.412118
-0.714462
-0.912919
-1.02544
-1.05448
-0.971582
-0.74605
-0.411431
-0.0707301
0.259573
0.606945
0.949314
1.27864
1.57696
1.7916
1.90598
1.93492
1.90422
1.82368
1.67162
1.42637
1.08204
0.668257
0.191982
-0.372093
-0.946665
-1.48376
-1.87508
-2.10954
-2.23138
-2.22265
-2.09924
-1.84683
-1.50878
-1.10706
-0.693076
-0.288022
0.0906444
0.460089
0.810895
1.1047
1.31807
1.43138
1.44913
1.34966
1.14954
0.89683
0.621758
0.33972
0.0283509
-0.296458
-0.62421
-0.932441
-1.22036
-1.48602
-1.68742
-1.82211
-1.86782
-1.80798
-1.67751
-1.5233
-1.35761
-1.16611
-0.959516
-0.724468
-0.443608
-0.134887
0.150191
0.421339
0.672181
0.854942
0.9655
1.02004
1.03819
1.01612
0.907915
0.730649
0.451358
0.0871128
-0.346784
-0.831005
-1.32945
-1.78169
-2.15074
-2.41503
-2.53167
-2.50665
-2.34322
-2.04372
-1.63209
-1.13973
-0.613223
-0.0900558
0.418004
0.893299
1.31503
1.63523
1.83643
1.90677
1.86194
1.68742
1.41656
1.05526
0.57928
0.0081423
-0.632451
-1.27
-1.88009
-2.41512
-2.82871
-3.06886
-3.11664
-2.97008
-2.68196
-2.27504
-1.76688
-1.2031
-0.651776
-0.13783
0.331774
0.756351
1.13541
1.43746
1.62807
1.67594
1.60707
1.44325
1.20673
0.872109
0.4905
0.118995
-0.189
-0.459304
-0.70426
-0.926456
-1.08244
-1.16729
-1.21566
-1.25558
-1.28511
-1.25548
-1.1722
-1.06242
-0.919982
-0.758019
-0.589679
-0.412511
-0.222295
-0.0391419
0.0847584
0.182956
0.22975
0.242797
0.23907
0.223864
0.181485
0.122821
0.0275661
-0.0945684
-0.247702
-0.392792
-0.479218
-0.506687
-0.502959
-0.480788
-0.45175
-0.416729
-0.382688
-0.379647
-0.387691
-0.378568
-0.353945
-0.330891
-0.333736
-0.337072
-0.268402
-0.154213
0.0140283
0.216409
0.386612
0.52562
0.684542
0.844641
0.994
1.08675
1.12619
1.1206
1.07037
0.960105
0.786173
0.603021
0.498839
0.497661
0.558876
0.681108
0.802066
0.89428
0.951079
0.940387
0.836891
0.6196
0.342075
0.0939798
-0.0741636
-0.215133
-0.283509
-0.3201
-0.332657
-0.309505
-0.276936
-0.256924
-0.247212
-0.261535
-0.266832
-0.230731
-0.176188
-0.101239
-0.0044145
0.084366
0.116249
0.129884
0.158137
0.197083
0.256728
0.307838
0.328145
0.333246
0.345018
0.348647
0.356005
0.39191
0.429187
0.452633
0.446355
0.421536
0.386808
0.385141
0.430757
0.494326
0.54936
0.607631
0.679244
0.737614
0.751642
0.703279
0.590464
0.422909
0.271148
0.152251
0.054936
-0.0262908
-0.100847
-0.157647
-0.201988
-0.249566
-0.301952
-0.332853
-0.316274
-0.265557
-0.202576
-0.146169
-0.131258
-0.148229
-0.158137
-0.0950589
0.0148131
0.147935
0.267715
0.367385
0.413393
0.421634
0.446846
0.485301
0.523854
0.552401
0.546809
0.517183
0.490009
0.475981
0.466465
0.458421
0.44714
0.443706
0.443412
0.449592
0.435368
0.42026
0.403976
0.395637
0.412511
0.435858
0.464209
0.468918
0.45901
0.41614
0.306661
0.156175
0.0093195
-0.127039
-0.216703
-0.26536
-0.287139
-0.308623
-0.3201
-0.311468
-0.305385
-0.292534
-0.300971
-0.306857
-0.278702
-0.234361
-0.187469
-0.110951
-0.0435564
0.0101043
0.0454203
0.0752427
0.126647
0.186979
0.240345
0.25869
0.223668
0.143226
0.0671004
0.0074556
-0.0433602
-0.0829926
-0.0807363
-0.0817173
-0.0894672
-0.120957
-0.151663
-0.181289
-0.216212
-0.282037
-0.361204
-0.407115
-0.385631
-0.320885
-0.269383
-0.265655
-0.307249
-0.375429
-0.477453
-0.54112
-0.527484
-0.432425
-0.27674
-0.129688
0.0097119
0.132337
0.246035
0.340015
0.387397
0.390046
0.377881
0.370524
0.351394
0.322749
0.281449
0.223962
0.175697
0.136653
0.0965304
0.0551322
0.0085347
-0.0531702
-0.106537
-0.141755
-0.134397
-0.0884862
-0.0565056
-0.0218763
0.0094176
0.0525816
0.096138
0.118407
0.114286
0.0289395
-0.111736
-0.219253
-0.321866
-0.370033
-0.33972
-0.265557
-0.175893
-0.10997
-0.0690624
-0.0268794
0.0035316
-0.0003924
-0.02943
-0.0526797
-0.0801477
-0.0679833
-0.0452241
-0.0195219
0.0295281
0.0879957
0.142735
0.146365
0.114581
0.0854451
0.0423792
-0.005886
-0.0604296
-0.091233
-0.0979038
-0.07848
-0.0820116
-0.125372
-0.188352
-0.226415
-0.257905
-0.295673
-0.345312
-0.392204
-0.430463
-0.444197
-0.458519
-0.465092
-0.455478
-0.421241
-0.368758
-0.323828
-0.281351
-0.241816
-0.209444
-0.200026
-0.177267
-0.142735
-0.105752
-0.0624897
-0.0172656
0.0230535
0.0178542
-0.0114777
-0.053955
-0.115169
-0.163336
-0.15696
-0.0893691
0.0394362
0.18433
0.296752
0.367286
0.420849
0.434681
0.39652
0.295575
0.196102
0.127922
0.0763218
0.0390438
0.0092214
-0.0065727
0.0280566
0.0795591
0.114777
0.0926064
0.0346293
-0.0315882
-0.0927045
-0.156273
-0.220234
-0.23338
-0.191197
-0.102613
-0.004905
0.0621954
0.102514
0.116543
0.114385
0.0913311
0.0749484
0.0802458
0.101632
0.119584
0.134593
0.146758
0.144109
0.138125
0.115267
0.0779895
0.0481671
0.0296262
0.0171675
0.0074556
0.0314901
0.0741636
0.117328
0.155685
0.187175
0.184036
0.164514
0.141068
0.124195
0.126941
0.146561
0.19002
0.242209
0.278015
0.311566
0.35522
0.408783
0.45175
0.480788
0.495209
0.49413
0.474412
0.443216
0.397697
0.379058
0.402112
0.454595
0.512965
0.565154
0.597821
0.599195
0.582322
0.547496
0.511788
0.488538
0.470291
0.451162
0.420162
0.402897
0.39446
0.385533
0.378274
0.384944
0.385729
0.372191
0.315784
0.225532
0.146365
0.127138
0.141264
0.178346
0.210915
0.228475
0.230731
0.21219
0.17864
0.151564
0.109578
0.0641574
0.033354
0.0116739
0.0281547
0.0601353
0.085347
0.0984924
0.0977076
0.0994734
0.0952551
0.106635
0.140479
0.172165
0.169026
0.160197
0.149602
0.12184
0.0777933
0.0466956
0.0337464
0.0204048
0.0020601
-0.0100062
-0.0161865
-0.0429678
-0.0787743
-0.129492
-0.174324
-0.198947
-0.19983
-0.190118
-0.176286
-0.178444
-0.193257
-0.215918
-0.242503
-0.258788
-0.283215
-0.298714
-0.305091
-0.314901
-0.323632
-0.321277
-0.318335
-0.312645
-0.299303
-0.295673
-0.295673
-0.304208
-0.334129
-0.358556
-0.358163
-0.339132
-0.317059
-0.293711
-0.298322
-0.313331
-0.336679
-0.368366
-0.395441
-0.415061
-0.417317
-0.412314
-0.402112
-0.387691
-0.391321
-0.386416
-0.386122
-0.3769
-0.343252
-0.31441
-0.299303
-0.310977
-0.350708
-0.403093
-0.458225
-0.514535
-0.554363
-0.569176
-0.531211
-0.507373
-0.467643
-0.434485
-0.417514
-0.401033
-0.393283
-0.379647
-0.371603
-0.354043
-0.331382
-0.30205
-0.281743
-0.27311
-0.274288
-0.284196
-0.292534
-0.3046
-0.320002
-0.320885
-0.307347
-0.298813
-0.301952
-0.300382
-0.29587
-0.274189
-0.244465
-0.223472
-0.196102
-0.201105
-0.220529
-0.231418
-0.2375
-0.237696
-0.253294
-0.280174
-0.321964
-0.375429
-0.432523
-0.478139
-0.499721
-0.480101
-0.433111
-0.366011
-0.298518
-0.250253
-0.231712
-0.216997
-0.2117
-0.220627
-0.236323
-0.237598
-0.219057
-0.186979
-0.149112
-0.107714
-0.064746
-0.0332559
-0.0228573
-0.0217782
-0.0183447
-0.0140283
-0.0085347
-0.0006867
0.003924
0.0125568
0.0237402
0.0400248
0.0632745
0.0923121
0.119682
0.143226
0.165102
0.17864
0.195121
0.208168
0.22357
0.233086
0.23956
0.245446
0.242405
0.232497
0.221804
0.213662
0.203067
0.196887
0.195219
0.193257
0.19414
0.1962
0.19777
0.19983
0.201596
0.202773
0.203067
0.205029
0.207089
0.208953
0.211209
0.213956
0.216997
0.220627
0.223276
0.22563
0.226807
0.227396
0.227984
0.229064
0.229652
0.230927
0.232007
0.233968
0.235734
0.237893
0.239364
0.240836
0.241915
0.243092
0.243877
0.244956
0.245544
0.246427
0.246722
0.24731
0.24731
0.247408
0.246918
0.24682
0.245937
0.245348
0.244073
0.24319
0.24162
0.240443
0.238579
0.186194
0.183741
0.181583
0.179033
0.176678
0.173931
0.171577
0.168732
0.166181
0.163238
0.160688
0.157647
0.154998
0.151859
0.149112
0.145875
0.14303
0.139792
0.136948
0.133514
0.130571
0.127138
0.124195
0.120761
0.117622
0.114188
0.111147
0.107616
0.104575
0.100945
0.0979038
0.0943722
0.091233
0.0877014
0.0845622
0.0810306
0.0778914
0.0743598
0.0713187
0.067689
0.0646479
0.0611163
0.0580752
0.0546417
0.0515025
0.048069
0.045126
0.0416925
0.0386514
0.0354141
0.0324711
0.0291357
0.0262908
0.0230535
0.0202086
0.0170694
0.0143226
0.0111834
0.0085347
0.0053955
0.0028449
-9.81e-05
-0.0026487
-0.0054936
-0.0079461
-0.010791
-0.0131454
-0.0158922
-0.0180504
-0.0206991
-0.0229554
-0.025506
-0.0275661
-0.0300186
-0.0397305
-0.0419868
-0.0438507
-0.0460089
-0.0477747
-0.0499329
-0.0515025
-0.0534645
-0.054936
-0.056898
-0.0582714
-0.0600372
-0.0613125
-0.0629802
-0.0640593
-0.0656289
-0.0666099
-0.0680814
-0.0689643
-0.0703377
-0.0710244
-0.0722016
-0.0728883
-0.0739674
-0.0744579
-0.0754389
-0.0759294
-0.0768123
-0.0771066
-0.0777933
-0.0779895
-0.0786762
-0.0787743
-0.0792648
-0.0792648
-0.0796572
-0.0795591
-0.0798534
-0.0796572
-0.0798534
-0.0795591
-0.0796572
-0.0792648
-0.0792648
-0.0787743
-0.0786762
-0.0780876
-0.0778914
-0.0772047
-0.0770085
-0.0763218
-0.0759294
-0.0750465
-0.0746541
-0.0737712
-0.0732807
-0.0722997
-0.0717111
-0.0707301
-0.0701415
-0.0689643
-0.0712206
-0.0699453
-0.0690624
-0.067689
-0.066708
-0.0653346
-0.0643536
-0.0629802
-0.0619011
-0.0604296
-0.0593505
-0.057879
-0.056898
-0.0553284
-0.0541512
-0.0526797
-0.0515025
-0.0499329
-0.0488538
-0.0471861
-0.0460089
-0.0444393
-0.0432621
-0.0416925
-0.0405153
-0.0388476
-0.0377685
-0.0361008
-0.0350217
-0.033354
-0.0322749
-0.0307053
-0.0295281
-0.0279585
-0.0268794
-0.0253098
-0.0241326
-0.0226611
-0.021582
-0.0200124
-0.0190314
-0.0174618
-0.0164808
-0.0149112
-0.0140283
-0.0125568
-0.0115758
-0.0101043
-0.0093195
-0.0079461
-0.0069651
-0.0055917
-0.0048069
-0.0034335
-0.0026487
-0.0013734
-0.0005886
0.0005886
0.0012753
0.0024525
0.0031392
0.0042183
0.004905
0.0059841
0.0066708
0.0076518
0.0082404
0.0092214
0.0097119
0.0105948
0.0110853
0.0119682
0.0123606
0.0132435
0.0136359
0.0145188
0.014715