-0.0034335
-0.0034335
-0.0034335
-0.0034335
-0.0034335
-0.0034335
-0.00334
-0.0034335
-0.0034335
-0.0034335
-0.00334
-0.00343
-0.00343
-0.00334
-0.0033354
-0.00334
-0.00334
-0.0033354
-0.00334
-0.0033354
-0.0032373
-0.00324
-0.0032373
-0.00314
-0.00314
-0.0031392
-0.0031392
-0.00304
-0.0030411
-0.0030411
-0.002943
-0.002943
-0.002943
-0.002943
-0.0028449
-0.0028449
-0.00284
-0.0027468
-0.00265
-0.0026487
-0.0026487
-0.00245
-0.0024525
-0.0024525
-0.0023544
-0.0022563
-0.0022563
-0.0021582
-0.0021582
-0.001962
-0.001962
-0.0018639
-0.0018639
-0.0017658
-0.0016677
-0.00157
-0.0015696
-0.0014715
-0.00137
-0.0012753
-0.0011772
-0.0010791
-0.000981
-0.000981
-0.0008829
-0.0006867
-0.0005886
-0.0004905
-0.0003924
-0.0002943
-0.0001962
-9.81e-05
9.81e-05
0.0001962
0.0002943
0.0003924
0.0004905
0.0005886
0.0006867
0.0008829
0.000981
0.0010791
0.0012753
0.0013734
0.00147
0.0016677
0.0017658
0.001962
0.0020601
0.0022563
0.0023544
0.0025506
0.0026487
0.0028449
0.0030411
0.0031392
0.00324
0.0034335
0.00353
0.0037278
0.003924
0.0041202
0.0043164
0.0044145
0.0046107
0.0048069
0.0050031
0.0051012
0.0053
0.00549
0.0056898
0.005886
0.0060822
0.00628
0.0063765
0.0065727
0.006867
0.0069651
0.0071613
0.0073575
0.00755
0.00775
0.0079461
0.0081423
0.0083385
0.0085347
0.0087309
0.00893
0.0091233
0.0093195
-0.0080442
-0.0075537
-0.0070632
-0.0065727
-0.0060822
-0.0054936
-0.0047088
-0.0041202
-0.0035316
-0.0028449
-0.0018639
-0.000883
-0.000491
-0.0007848
-0.0005886
0.000392
0.00255
0.0046107
0.0053955
0.0059841
0.00706
0.0090252
0.0105948
0.0093195
0.007848
0.0100062
0.0126549
0.0154998
0.0165789
0.0147
0.016677
0.0183447
0.01962
0.0210915
0.0193257
0.0155979
0.0203067
0.0228573
0.0227592
0.0258003
0.0286452
0.0304
0.0338445
0.035316
0.0277623
0.0281547
0.038
0.0558189
0.0662175
0.0601353
0.0397305
0.0275661
0.02943
0.03
0.0329616
0.0407115
0.0314901
0.0118701
-0.0046107
-0.0108
-0.0072594
0.0114777
0.0244269
0.0142245
0.0042183
0.0120663
0.026
0.0437526
0.0560151
0.0542493
0.054
0.0451
0.0352179
0.0234459
0.000294
0.003924
0.0349236
0.0466956
0.021582
-0.0056898
-0.015696
-0.0152055
-0.00432
0.00638
0.0106
0.0054
-0.0209
-0.0318
-0.0367
-0.0565056
-0.05886
-0.0342369
-0.0001962
0.0109872
0.00932
-0.0006867
-0.0070632
0.0008829
0.0126
0.0189333
0.0114777
0.0081423
0.00363
-0.0245
-0.0632745
-0.0635688
-0.0262908
0.0223668
0.0693567
0.0854451
0.0811287
0.0643536
0.0484614
0.0326673
0.0388476
0.0589581
0.074556
0.0881
0.103594
0.0911349
0.052974
-0.00147
-0.0522873
-0.0637
-0.0491481
-0.034335
-0.0165
0.0118701
0.0205029
0.00883
0.0045126
0.0085347
0.0076518
0.0133
0.0263889
0.0395
0.0548379
0.0700434
0.075537
0.0677871
0.0524
0.058
0.0703
0.0623916
0.054
0.061803
0.0594486
0.0503253
0.0349236
0.0166
0.0236421
0.0444
0.0423
0.0129
-0.0028449
-0.0053
-0.0128
0.0059841
0.0476
0.058
0.0535626
0.0422811
0.0380628
0.0492
0.0520911
0.0450279
0.0475
0.0174
-0.0299205
-0.0357084
-0.0289
-0.0433602
-0.0494424
-0.0286452
-0.0132435
-0.0059841
-0.0011772
-0.0101043
-0.0163827
-0.0198162
-0.0265
-0.0299
-0.0141264
0.0181485
0.0371
0.0379647
0.0224649
-0.002943
0.00167
0.0139
-0.00638
-0.044145
-0.0781
-0.0932931
-0.0918216
-0.0919
-0.116837
-0.155783
-0.164
-0.127236
-0.0796572
-0.0578
-0.0616
-0.0653
-0.0547398
-0.0479
-0.0547398
-0.0635
-0.0585
-0.0446
-0.0128511
0.0212877
0.0292338
0.0149112
-0.0372
-0.0883881
-0.0995
-0.0819
-0.067689
-0.0659232
-0.0506196
0.0062784
0.0934
0.116543
0.0524835
-0.0485595
-0.15
-0.227
-0.22357
-0.150289
-0.0417906
0.0479709
0.0537588
-0.00922
-0.0788724
-0.128609
-0.147
-0.152447
-0.157647
-0.147248
-0.12135
-0.10634
-0.108597
-0.122821
-0.162748
-0.185998
-0.158922
-0.0982962
-0.0438
-0.013734
-0.0038259
-0.0258984
-0.0635688
-0.0589581
0.0042183
0.0631764
0.08829
0.127
0.193747
0.226022
0.159
0.0489519
-0.0355122
-0.0960399
-0.14921
-0.151
-0.127824
-0.129983
-0.133318
-0.0920178
-0.0503253
-0.0565056
-0.0689643
-0.0792648
-0.151663
-0.279487
-0.339
-0.264576
-0.149995
-0.0854451
-0.0629
-0.0505215
-0.0589
-0.123116
-0.216212
-0.303
-0.337
-0.328929
-0.312841
-0.312252
-0.333
-0.339328
-0.330008
-0.324515
-0.304993
-0.304
-0.340211
-0.363951
-0.320787
-0.262614
-0.247016
-0.214
-0.11723
-0.0339426
-0.0544455
-0.131846
-0.18845
-0.179621
-0.179033
-0.237598
-0.29273
-0.257316
-0.127
0.0050031
0.0783819
0.0848565
0.0867204
0.115758
0.123998
0.0994734
0.0991791
0.147052
0.188352
0.199633
0.227298
0.274
0.316863
0.356
0.382
0.429384
0.476
0.48
0.457146
0.422222
0.34698
0.226709
0.123802
0.0319
-0.0867204
-0.171773
-0.234557
-0.318335
-0.364736
-0.339
-0.294006
-0.290376
-0.28243
-0.117426
0.18
0.480003
0.7022
0.838166
0.928418
1.01396
1.01426
0.94382
0.870049
0.800594
0.720643
0.611457
0.485693
0.370033
0.290965
0.273405
0.334423
0.419574
0.498348
0.48432
0.333344
0.0998658
-0.0915273
-0.185899
-0.171086
-0.0401229
0.155194
0.341486
0.454203
0.487949
0.48481
0.433896
0.379353
0.345704
0.301559
0.236029
0.101632
-0.0721035
-0.346391
-0.789018
-1.3424
-1.88009
-2.27523
-2.52627
-2.56914
-2.32517
-1.93326
-1.44442
-0.873679
-0.265557
0.225
0.421143
0.265753
-0.227788
-0.993655
-1.82378
-2.49292
-2.85971
-2.81508
-2.38932
-1.5953
-0.630685
0.234753
0.739085
0.817565
0.595467
0.289591
0.0321768
-0.0747522
0.0837774
0.594486
1.41186
2.3288
3.10251
3.54033
3.57741
3.23396
2.65714
2.02841
1.38046
0.631568
-0.138615
-0.742225
-1.02877
-1.15101
-1.33092
-1.55508
-1.68291
-1.63209
-1.38409
-1.0689
-0.950491
-1.33
-2.07482
-2.71551
-2.90984
-2.6693
-2.15486
-1.54547
-1.00307
-0.588404
0.0697491
1.6008
3.57565
4.65651
4.75932
4.28569
3.95745
4.32562
3.24907
0.995224
-0.594192
0.878191
2.99009
3.37356
2.05009
-0.0599391
-0.511886
-1.39155
-2.22736
-3.2065
0.0595467
1.39263
0.35316
2.78113
1.6986
0.966579
-0.602138
-1.12776
1.18534
0.83542
-0.0395343
1.55734
2.60779
2.32281
2.23315
3.29518
4.32739
-1.44854
-0.449887
0.536607
1.74432
3.35061
3.37013
2.75308
-0.187371
0.966579
0.832575
-0.478532
-1.53978
-1.50348
-0.175795
0.62627
0.609005
0.406919
0.387004
0.251823
-0.453516
-1.3112
-1.48886
-0.9552
-0.566822
-0.888492
-1.59471
-2.12122
-2.2719
-2.10189
-1.59099
-0.846211
-0.168732
0.248782
0.525031
0.858964
1.23057
1.41794
1.26265
0.744677
-0.048069
-0.942349
-1.79876
-2.54471
-3.13116
-3.59281
-3.88486
-3.93921
-3.68336
-3.11271
-2.32458
-1.40155
-0.375233
0.721329
1.76452
2.63879
3.25898
3.61636
3.75772
3.65256
3.25702
2.62565
1.88666
1.12943
0.408881
-0.233184
-0.731237
-1.00955
-1.09656
-1.07567
-1.02838
-0.977272
-0.925672
-0.885843
-0.893299
-0.944016
-0.974722
-0.930577
-0.79824
-0.627742
-0.444687
-0.257905
-0.0293319
0.216114
0.417023
0.579673
0.757724
0.955592
1.06654
0.998167
0.794119
0.503
0.165789
-0.234165
-0.7022
-1.20751
-1.6832
-2.04254
-2.24433
-2.36411
-2.50577
-2.67156
-2.78643
-2.80419
-2.7466
-2.63703
-2.46094
-2.18498
-1.79199
-1.31356
-0.778227
-0.261142
0.171283
0.449396
0.54779
0.543964
0.535822
0.555638
0.537588
0.447728
0.308426
0.132926
-0.0566037
-0.231614
-0.399463
-0.535626
-0.613321
-0.641378
-0.623622
-0.565154
-0.497073
-0.464013
-0.470684
-0.469801
-0.446747
-0.422909
-0.396618
-0.377391
-0.394362
-0.459304
-0.497759
-0.463915
-0.393185
-0.319512
-0.267813
-0.264478
-0.295772
-0.328733
-0.359635
-0.397011
-0.426833
-0.422124
-0.389948
-0.335502
-0.255354
-0.165495
-0.0615087
0.0631764
0.210424
0.365226
0.519341
0.668257
0.789411
0.872992
0.951079
1.05752
1.1773
1.27569
1.34583
1.39577
1.42961
1.47709
1.52948
1.56744
1.58873
1.5749
1.49916
1.36428
1.20486
1.05889
0.93813
0.828749
0.697589
0.554657
0.424577
0.298518
0.149897
-0.0574866
-0.309505
-0.572414
-0.823157
-1.03319
-1.18809
-1.30404
-1.39567
-1.44109
-1.44119
-1.41705
-1.3941
-1.40097
-1.42579
-1.45522
-1.48219
-1.4716
-1.40764
-1.30807
-1.17877
-1.06998
-1.00454
-0.934501
-0.854549
-0.751838
-0.603217
-0.412903
-0.212583
0.0056898
0.24937
0.496975
0.706222
0.88702
1.05389
1.19466
1.301
1.38968
1.46091
1.52232
1.56057
1.55645
1.51339
1.46218
1.39125
1.30875
1.23106
1.15532
1.07331
0.982668
0.899381
0.853666
0.866517
0.906052
0.914586
0.874169
0.768221
0.614793
0.453614
0.289886
0.137536
0.0109872
-0.0923121
-0.159118
-0.182466
-0.189725
-0.224649
-0.29999
-0.388868
-0.471763
-0.542101
-0.580458
-0.566724
-0.49099
-0.37072
-0.238972
-0.159216
-0.131356
-0.123116
-0.117818
-0.118995
-0.111736
-0.0521892
0.0520911
0.153821
0.263987
0.390144
0.497171
0.586834
0.670612
0.735161
0.786566
0.813641
0.803243
0.760177
0.694254
0.60616
0.505117
0.39397
0.280174
0.19051
0.11978
0.0434583
-0.0256041
-0.0787743
-0.118112
-0.127628
-0.12135
-0.117524
-0.119093
-0.137732
-0.165004
-0.205618
-0.250155
-0.26536
-0.257905
-0.231614
-0.177855
-0.106635
-0.0483633
-0.0026487
0.0240345
0.030411
0.0073575
-0.0272718
-0.0505215
-0.077499
-0.0915273
-0.0862299
-0.0940779
-0.144207
-0.198456
-0.237402
-0.272129
-0.309211
-0.3356
-0.335012
-0.342271
-0.362185
-0.372976
-0.388084
-0.40633
-0.429874
-0.426146
-0.390438
-0.291455
-0.0925083
0.154115
0.370524
0.519636
0.607926
0.668061
0.698472
0.636669
0.471469
0.241816
0.0093195
-0.14872
-0.197475
-0.162944
-0.0954513
-0.0129492
0.0567999
0.0623916
-0.0199143
-0.14558
-0.277427
-0.39446
-0.474019
-0.543866
-0.622641
-0.647558
-0.600961
-0.524835
-0.478728
-0.5163
-0.585461
-0.63196
-0.647852
-0.610378
-0.51944
-0.424871
-0.357182
-0.324809
-0.343644
-0.37484
-0.384846
-0.371407
-0.333932
-0.296654
-0.283509
-0.286844
-0.291553
-0.294104
-0.256728
-0.19669
-0.164023
-0.164906
-0.169909
-0.175991
-0.187077
-0.184919
-0.130277
-0.0407115
0.0693567
0.192767
0.296851
0.379941
0.455969
0.548575
0.642849
0.716817
0.753997
0.770968
0.771164
0.759686
0.716424
0.658251
0.607533
0.565841
0.542297
0.542983
0.519243
0.475393
0.448808
0.420457
0.405251
0.446846
0.532094
0.614989
0.679146
0.677675
0.592033
0.445276
0.287335
0.141068
0.0135378
-0.0788724
-0.127334
-0.119682
-0.050031
0.0409077
0.0888786
0.104967
0.112128
0.10585
0.057879
-0.0253098
-0.129983
-0.226219
-0.291749
-0.338641
-0.391517
-0.445374
-0.501683
-0.56486
-0.628919
-0.689545
-0.737025
-0.760864
-0.72437
-0.65315
-0.588796
-0.539354
-0.524737
-0.546711
-0.609005
-0.687877
-0.732709
-0.735848
-0.701317
-0.635492
-0.540335
-0.434877
-0.328929
-0.259376
-0.238579
-0.231614
-0.221902
-0.182172
-0.0953532
0.0280566
0.188156
0.342075
0.463424
0.568391
0.653248
0.722507
0.76312
0.774107
0.74968
0.710244
0.681697
0.648735
0.601157
0.57261
0.577024
0.599685
0.631077
0.651776
0.649618
0.629704
0.57673
0.507177
0.437624
0.363461
0.294692
0.252509
0.23907
0.261927
0.317452
0.392106
0.458029
0.487263
0.479807
0.447238
0.414963
0.372289
0.296752
0.237304
0.188744
0.135574
0.0856413
0.0396324
-0.010791
-0.0662175
-0.128119
-0.21739
-0.345312
-0.50031
-0.652757
-0.774009
-0.867106
-0.935776
-0.98875
-1.00033
-0.977272
-0.930773
-0.882213
-0.865536
-0.880644
-0.891042
-0.862691
-0.794316
-0.709361
-0.605964
-0.507569
-0.414374
-0.317354
-0.243386
-0.172656
-0.0848565
-0.0210915
0.0163827
0.0573885
0.110951
0.163631
0.209934
0.245446
0.258199
0.239364
0.203558
0.162356
0.122134
0.114483
0.12596
0.120957
0.13165
0.171381
0.221706
0.261142
0.284392
0.293711
0.284981
0.2633
0.247016
0.267911
0.319708
0.385043
0.439194
0.466465
0.469212
0.444001
0.414767
0.380726
0.331578
0.284686
0.241424
0.199339
0.164219
0.142539
0.11409
0.0752427
0.0311958
-0.024525
-0.0929007
-0.154606
-0.191197
-0.178738
-0.151074
-0.137242
-0.14352
-0.159511
-0.168143
-0.16471
-0.15647
-0.157254
-0.181387
-0.208659
-0.232889
-0.263889
-0.312449
-0.364343
-0.397796
-0.420751
-0.42595
-0.405251
-0.356299
-0.2685
-0.154017
-0.0563094
0.0167751
0.0678852
0.0868185
0.0877995
0.0865242
0.0924102
0.0965304
0.126745
0.162748
0.181976
0.18639
0.172067
0.14715
0.142441
0.152644
0.161963
0.177953
0.176678
0.169321
0.154213
0.119878
0.0867204
0.0689643
0.0724959
0.0927045
0.113404
0.143226
0.178248
0.198358
0.20189
0.20395
0.209836
0.20807
0.197181
0.177463
0.153919
0.14872
0.173833
0.210621
0.231908
0.203852
0.139792
0.0617049
-0.0070632
-0.0416925
-0.0567018
-0.0723978
-0.0900558
-0.0965304
-0.101141
-0.0878976
-0.0488538
-0.0115758
0.0067689
0.0037278
-0.0012753
0.0011772
-0.0111834
-0.0309015
-0.051993
-0.0781857
-0.108499
-0.123508
-0.130865
-0.115758
-0.096138
-0.0837774
-0.0796572
-0.0894672
-0.0929988
-0.094176
-0.107812
-0.124979
-0.146169
-0.185017
-0.216114
-0.223962
-0.239658
-0.253588
-0.265557
-0.269775
-0.263497
-0.245152
-0.224257
-0.194434
-0.156862
-0.116249
-0.0903501
-0.073575
-0.0631764
-0.0635688
-0.0583695
-0.0518949
-0.0502272
-0.0534645
-0.0642555
-0.0769104
-0.0975114
-0.125176
-0.139694
-0.14509
-0.134691
-0.137732
-0.153527
-0.141558
-0.109774
-0.073575
-0.0398286
-0.023544
-0.0004905
0.020601
0.0325692
0.0405153
0.0432621
0.0390438
0.0348255
0.0342369
0.0289395
-0.0018639
-0.0199143
-0.0086328
-0.0116739
-0.0179523
-0.0020601
0.0348255
0.0723978
0.0857394
0.100454
0.148229
0.203558
0.231614
0.25506
0.213073
0.135476
0.0187371
-0.0408096
-0.0683757
-0.0999639
-0.148916
-0.177267
-0.191687
-0.188842
-0.132631
-0.0661194
-0.0344331
-0.0285471
-0.0213858
-0.0263889
-0.0506196
-0.110559
-0.149995
-0.152742
-0.137536
-0.172754
-0.206501
-0.204637
-0.202282
-0.209051
-0.202576
-0.191099
-0.181387
-0.181191
-0.188842
-0.187273
-0.186488
-0.171381
-0.133612
-0.0844641
-0.0292338
0.0079461
0.0233478
0.0299205
0.0330597
0.0309015
0.0437526
0.0674928
0.0823059
0.0980019
0.103888
0.100454
0.0935874
0.0797553
0.0505215
0.0318825
0.0469899
0.0864261
0.122625
0.153134
0.178542
0.198358
0.207089
0.193159
0.170302
0.1549
0.133612
0.116445
0.116641
0.120565
0.125274
0.134299
0.14097
0.143422
0.147542
0.147346
0.144796
0.142049
0.141656
0.138223
0.133514
0.134005
0.134397
0.136163
0.136555
0.135574
0.135869
0.137438
0.134397
0.128021
0.12184
0.117426
0.113109
0.105261
0.0949608
0.0856413
0.0773028
0.0678852
0.0596448
0.0514044
0.0427716
0.0347274
0.0280566
0.0213858
0.0144207
0.0077499
0.0023544
-0.0018639
-0.0056898
-0.0090252
-0.0118701
-0.0142245
-0.0161865
-0.0174618
-0.0182466
-0.0189333
-0.0192276
-0.0195219
-0.0193257
-0.0192276
-0.0190314
-0.0190314
-0.0188352
-0.018639
-0.0181485
-0.0177561
-0.0170694
-0.0163827
-0.0154017
-0.0146169
-0.0134397
-0.0125568
-0.0112815
-0.0102024
-0.0090252
-0.0079461
-0.0066708
-0.0054936
-0.0041202
0.0163827
0.0161865
0.0159903
0.0157941
0.0154998
0.0153036
0.0150093
0.0148131
0.0145188
0.0143226
0.0140283
0.0138321
0.0135378
0.0132435
0.0129492
0.012753
0.0123606
0.0121644
0.011772
0.0115758
0.0111834
0.0108891
0.0104967
0.0103005
0.00981
0.0096138
0.0092214
0.0090252
0.0086328
0.0083385
0.007848
0.0076518
0.0072594
0.0069651
0.0065727
0.0062784
0.005886
0.0055917
0.0051993
0.0050031
0.0045126
0.0042183
0.0038259
0.0035316
0.0031392
0.0028449
0.0024525
0.0021582
0.0017658
0.0014715
0.0010791
0.0007848
0.0003924
0.0001962
-0.0001962
-0.0003924
-0.0008829
-0.0011772
-0.0014715
-0.0017658
-0.0020601
-0.0023544
-0.0027468
-0.002943
-0.0033354
-0.0035316
-0.003924
-0.0041202
-0.0044145
-0.0046107
-0.0050031
-0.0051993
-0.0054936
-0.0056898
-0.0060822
-0.0061803
-0.0064746
-0.0066708
-0.0069651
-0.0070632
-0.0074556
-0.0076518
-0.007848
-0.0080442
-0.0082404
-0.0083385
-0.0086328
-0.0087309
-0.0089271
-0.0091233
-0.0093195
-0.0094176
-0.0096138
-0.0096138
-0.0099081
-0.0099081
-0.0101043
-0.0101043
-0.0103005
-0.0103986
-0.0104967
-0.0104967
-0.0106929
-0.0106929
-0.010791
-0.0108891
-0.0109872
-0.0108891
-0.0110853
-0.0110853
-0.0111834
-0.0111834
-0.0112815
-0.0111834
-0.0112815
-0.0111834
-0.0112815
-0.0111834
-0.0111834
-0.0111834
-0.0112815
-0.0110853
-0.0110853
-0.0110853
-0.0110853
-0.0108891
-0.0109872
-0.0108891
-0.0108891
-0.0106929
-0.0106929
-0.0105948
-0.0105948
-0.0103986
-0.0103005
-0.0102024
-0.0102024
-0.0050031
-0.0050031
-0.0048069
-0.0048069
-0.0046107
-0.0047088
-0.0044145
-0.0045126
-0.0043164
-0.0043164
-0.0041202
-0.0040221
-0.003924
-0.003924
-0.0038259
-0.0037278
-0.0035316
-0.0036297
-0.0034335
-0.0033354
-0.0031392
-0.0032373
-0.0030411
-0.002943
-0.0027468
-0.0028449
-0.0026487
-0.0025506
-0.0023544
-0.0023544
-0.0022563
-0.0021582
-0.001962
-0.001962
-0.0017658
-0.0017658
-0.0016677
-0.0015696
-0.0013734
-0.0013734
-0.0011772
-0.0011772
-0.0010791
-0.000981
-0.0007848
-0.0007848
-0.0005886
-0.0006867
-0.0004905
-0.0004905
-0.0002943
-0.0001962
-9.81e-05
-9.81e-05
9.81e-05
9.81e-05
0.0002943
0.0002943
0.0003924
0.0003924
0.0005886
0.0005886
0.0007848
0.0006867
0.0008829
0.0008829
0.0010791
0.000981
0.0011772
0.0011772
0.0012753
0.0012753
0.0014715
0.0013734
0.0015696