0.00235
-0.0051993
-0.0037278
0.001962
-0.0033354
-0.0024525
0.0018639
-0.0015696
0.000589
-0.0008829
-0.0017658
-0.0024525
0.0025506
0.0063765
9.81e-05
-0.0013734
0.0048069
0.0027468
0.000981
0.0007848
0.0003924
0
0.00598
0.0001962
0.0020601
-0.0035316
0.0002943
0.0008829
0.0028449
-0.0008829
0.0044145
-0.0022563
0.0025506
0.0042183
-0.0038259
0.0017658
0.0022563
0.0032373
-0.0030411
0.000785
-0.00118
0.0018639
-0.0033354
0.0040221
9.81e-05
0.0060822
-0.00402
0.0008829
-0.0018639
-0.0011772
-9.81e-05
-0.00275
-0.0010791
-0.0017658
-0.0006867
-0.0006867
0.0028449
0.0011772
-0.0027468
0.00186
0.000981
0.0005886
0.0032373
-0.0044145
0.0025506
0.000883
-0.000981
0.0015696
0.000196
-9.81e-05
-0.0034335
-0.0008829
0.0011772
-0.00118
-0.0038259
-0.000981
0.0035316
-0.0017658
-0.00226
0.00206
-0.0008829
0.00206
-0.00245
-0.0051993
0.00157
-0.0011772
0.000589
-0.0022563
-0.0005886
0.0017658
0.0027468
-0.0030411
-0.00294
0.0016677
0.000294
0.0052974
-9.81e-05
-0.000196
-0.000981
0.00118
-0.0045126
0.0003924
-0.0066708
-0.0047088
0.0037278
-0.00373
0.00284
0.0044145
-0.0130473
0.00206
0.0150093
-0.00363
0.00952
-0.0110853
-0.0051012
0.0177561
-0.013734
-0.00775
0.0161
-0.021582
0.0066708
0.0138
-0.0261
0.0214
0.0118
-0.0191
0.0136
0.0022563
-0.0153036
0.0171
-0.0105
-0.0006867
0.0144207
-0.0027468
-0.0359046
0.0084366
0.0220725
-0.0249174
0.0181485
-0.0195219
0.0055917
0.0168
0.00667
-0.0102024
-0.014
0.0373761
-0.0152055
0.0125568
-0.0113
-0.0172656
0.0144207
-0.0132
0.0174618
0.00687
-0.0142245
0.023544
-0.0251136
-0.0056898
0.0130473
-0.0162
0.0205
-0.0342
-0.0203
0.048069
-0.028
-0.005
0.053
-0.0569
0.0267
0.0537588
-0.108
0.0585657
0.0844
-0.0737
-0.00981
0.0466956
-0.0848
0.0133
0.0213858
-0.0622935
0.0036297
0.0436545
-0.033354
0.0080442
0.0584676
-0.030411
0.0241326
-0.0087309
-0.0447336
0.012753
0.0168732
-0.0469899
0.0601
0.0643
-0.0917235
0.0467937
0.0327654
-0.0179523
0.0268794
-0.0036297
-0.0354141
-0.0138321
-0.0323
0.023544
0.0205029
0.0277
0.0968247
-0.0978057
-0.025506
0.0766161
-0.0769104
-0.0110853
0.0671985
-0.053955
0.073575
0.0034335
-0.0562113
0.0329616
0.0152055
-0.0629
0.052974
-0.0336
-0.0414963
0.0951
-0.0455
0.0487557
0.0020601
-0.0303129
0.0138321
-0.00952
-0.143618
0.1
0.0282528
-0.0401229
0.156175
-0.035316
-0.0354141
0.0875
-0.123
-0.124783
0.0799
-0.0331578
-9.81e-05
0.0465
-0.0182
0.0741636
0.0826002
-0.0662175
0.0112
0.0503253
-0.0715149
0.0632
-0.0355
-0.00412
0.0839
-0.0632
-0.0886
0.0916
-0.0532683
-0.0125568
0.0335502
-0.108793
0.118505
0.0652
-0.108302
0.00706
0.0818154
-0.0278
-0.00157
-0.024525
0.0372
-0.0184428
0.0883
0.0714
0.0325
0.00952
-0.137
-0.0400248
0.00687
0.148916
0.0247
0.0533
0.102416
-0.159
-0.0135
0.0845622
-0.0905
0.0764
0.116739
-0.19
-0.0273
0.108302
0.0688662
-0.00991
0.104869
0.0010791
0.0080442
-0.0362
0.0073575
0.0090252
0.00128
-0.047
-0.0883881
-0.0040221
0.0880938
0.0634
-0.0611
0.102907
-0.0641574
0.0811287
-0.15
-0.101239
0.0228573
0.109
0.0249
0.0955494
-0.0077499
-0.0302148
0.0840717
-0.00108
0.0741
0.0242307
-0.0404172
-0.0582
0.0072594
-0.0801
0.0122
0.0804
-0.0278
-0.154017
0.186
0.0684738
-0.163729
-0.067
0.0592524
0.0165789
0.0416
0.130473
0.131846
-0.0651384
-0.184
0.017658
-0.12341
-0.0144207
0.175697
0.115
-0.0125
0.00147
0.109
-0.0685
-0.0563
0.167
0.0316
0.106929
-0.0302148
-0.255452
-0.0954
-0.0228
-0.0321768
0.20444
0.228
0.0367875
0.0110853
-0.115
-0.114973
-0.103103
-0.0276
-0.0511
0.0724
0.170105
-0.0487557
-0.0630783
0.193
-0.0404172
0.122134
0.126549
-0.0742
-0.0458
-0.129
-0.0118701
-0.0469899
-0.015696
0.044145
0.0518
-0.0250155
-0.166279
-0.124
0.0142
-0.054
0.0677871
0.128511
0.0867
0.00196
-0.0426735
-0.0046107
-0.0983
-0.113992
-0.0351
0.0340407
-0.0619
-0.0904
0.0452
-0.0307053
-0.025
-0.16
-0.037278
0.0202
-0.0640593
0.0471
-0.00108
0.117426
0.162
0.0978
-0.0533664
0.0245
0.0732807
-0.166378
-0.122036
0.0391419
-0.0933912
0.0335502
0.0066708
-0.0493
0.062784
-0.0054936
-0.041202
-0.021
-0.0064746
-0.0356103
0.161
0.124
0.028
0.169713
0.0620973
-0.240345
0.0589581
-0.0885843
-0.162
0.0489519
0.0290376
0.0051012
0.0263889
-0.000981
-0.0421
-0.164
-0.0462051
0.0560151
-0.0364
-0.0177
0.15
0.0241
0.0544
0.0822
-0.0664
0.0197
0.148
0.0913311
-0.0405
-0.0923121
-0.0543
0.0114777
0.0448
-0.0537588
-0.0797
-0.215
-0.215526
0.0677871
0.0652365
0.0739
0.191
-0.105
0.0139
0.144796
-0.0065727
-0.125
0.0890748
0.143716
-0.0582
-0.125
-0.145
-0.0670023
0.103
0.0127
0.0967266
0.03924
-0.167
-0.102711
0.0261927
0.0241326
0.168536
0.191099
0.149
0.0056898
0.0163827
-0.0497367
-0.0753408
0.0465975
0.0377685
-0.118799
0.0200124
-0.192963
-0.150584
0.0502272
-0.0401229
0.0920178
0.124096
-0.0630783
-0.0080442
-0.0707301
-0.0829926
0.0181485
-0.0217782
0.150682
-0.0106929
0.149897
0.125274
-0.141068
-0.208561
0.0953532
0.138713
0.20807
0.112521
0.0037278
-0.193257
-0.0900558
-0.0093195
-0.0861318
-0.0816192
-0.124587
0.0310977
-0.100847
-0.0672966
0.0061803
-0.134201
0.0614106
0.273895
-0.0289395
-0.067689
-0.131552
-0.288414
0.0907425
0.225532
0.0443412
0.134495
-0.0066708
-0.0594486
-0.14303
0.028449
0.0566037
-0.0763218
-0.0697491
-0.240051
-0.196494
-0.269284
-0.0214839
-0.163238
0.0106929
0.018639
-0.258101
-0.362283
-0.221804
0.0249174
0.0993753
-0.133024
0.0318825
0.166083
0.147837
0.122134
0.279585
0.268009
-0.0651384
0.0170694
0.247212
0.340309
0.37072
0.165593
-0.000589
0.0844641
-0.0762237
-0.39034
-0.563192
-0.941564
-1.03015
-0.665609
-0.510316
-0.478336
-0.133024
0.238873
0.427127
0.299205
0.0911349
-0.291063
-0.190216
0.294006
0.644517
0.472057
0.43576
0.400248
0.315391
0.414963
0.313135
0.246231
0.480788
0.674928
0.458421
0.114875
-0.43321
-0.904384
-1.01926
-0.596056
-0.293417
0.0652365
0.200418
0.120957
0.198947
0.294791
0.013734
0.0141264
0.385631
0.548575
0.490892
0.0439488
-0.755664
-0.990908
-0.731041
-0.714855
-0.376802
0.105948
-0.227298
-0.114385
0.266832
0.0533664
-0.143913
0.0011772
-0.522579
-0.432719
-0.276
-0.33197
-0.516987
-0.102711
0.215035
0.420751
0.169517
-0.11723
-0.408881
-0.0281547
0.398384
0.407802
0.726823
0.845622
0.364736
-0.225728
-0.469997
-0.562407
-0.376115
-0.0911349
0.309702
0.695529
0.225532
-0.396422
-0.551616
-0.474117
-0.138321
-0.0224649
-0.384062
-0.495405
0.178444
0.386612
0.559562
0.366109
-0.047088
0.0022563
-0.369837
-0.492364
0.0361008
0.193747
-0.0996696
-0.316176
-0.643242
-1.00906
-0.7538
-0.49982
-0.340505
-0.562702
-0.68827
-1.02897
-1.46316
-1.27216
-1.10343
-0.895751
-0.413197
-0.274091
-0.377685
-0.350315
-0.071613
-0.0495405
-0.0289395
-0.138321
-0.298813
-0.256433
-0.131748
0.0858375
0.517478
0.681501
0.778325
0.682678
0.108989
-0.263202
-0.334129
0.0257022
0.346293
0.906444
0.793433
0.865634
0.882998
0.929203
1.06723
1.09911
1.13521
0.994047
1.12325
1.35613
1.3838
1.44187
1.47631
1.03034
0.554559
-0.0442431
-0.703181
-0.761845
-0.76724
-0.476962
-0.740557
-0.939896
-0.561132
-0.942643
-0.615185
0.149897
0.34953
0.497073
1.18897
0.622837
0.815603
1.10196
1.0535
1.25607
1.59138
1.02828
0.457538
0.0638631
-0.671494
-0.710342
-0.828553
-0.411137
-0.0933912
0.147935
0.265753
0.0654327
0.17501
-0.0001962
-0.0828945
-0.28037
-0.778718
-0.929007
-0.889571
-0.425165
0.230633
0.72025
0.652659
0.498152
0.114385
-0.214447
-0.242111
-0.703769
-0.812464
-0.715149
-0.884862
-0.910957
-0.614008
-0.742813
-0.539746
-0.677773
-0.431738
-0.384258
-0.285275
0.0087309
0.239462
-0.220725
-0.721133
-0.307053
-0.281351
-0.423105
-0.420653
-0.721427
-0.796474
-0.711519
-0.844739
-0.146071
0.723978
1.30738
1.49122
1.43677
1.19986
1.18328
0.891042
0.446846
0.40633
0.0435564
-0.189235
0.3614
0.372289
0.923906
1.05065
0.854059
0.935384
1.1875
0.912526
0.317746
-0.0356103
-1.0276
-1.2394
-0.853078
-0.642751
-0.207187
-0.24368
-0.406919
-0.398482
-0.323534
-0.523265
-0.500604
-0.409077
-0.134299
0.239168
0.617147
0.950883
0.945488
1.017
0.731336
0.732022
0.439292
0.731041
1.07851
0.939209
0.482554
0.840226
0.664628
0.601255
0.404957
0.0445374
-0.216605
0.316274
-0.235244
-0.997579
-0.21631
-0.0043164
-0.0624897
0.0592524
-0.124881
-0.336483
-0.173245
-0.324
-0.407998
0.072594
0.0306072
-0.288218
-0.0202086
0.467545
0.450769
0.531015
0.968051
1.03966
0.677871
0.400738
-0.166378
-0.178934
-0.433994
-0.435956
-0.244563
0.0381609
-0.076518
-0.360517
-0.685032
-1.20016
-0.998069
-0.667374
-0.947254
-1.03986
-0.659919
0.0569961
0.387985
0.477943
-0.217782
-0.382884
-0.20032
-0.222491
-0.0074556
0.137929
0.0987867
-0.0414963
0.0690624
0.33197
0.567999
0.863967
0.703867
0.432915
0.659821
0.672672
-0.133024
-0.566527
-0.168143
0.281449
0.196592
-0.234
-0.705241
-0.634413
-0.51375
-0.313037
-0.23544
0.0200124
-0.497661
-0.562996
0.0524835
0.0364932
0.08829
0.399757
0.567607
0.274974
0.656289
0.407017
-0.698374
-0.778424
-0.6454
-0.437526
-0.201596
-0.0133416
0.604394
0.451358
0.0995715
-0.21425
-0.595663
-1.14708
-0.424969
-0.0173637
0.0396324
0.820018
0.88084
0.857002
0.668257
0.11203
-0.0849546
0.413393
0.49668
0.751446
1.00817
0.661881
-0.211504
-0.699944
-1.23135
-1.25019
-0.871717
-0.806382
-0.72751
-0.568588
-0.485693
-1.09146
-1.41548
-1.53409
-1.42755
-1.04015
-0.895751
-0.823746
-1.03397
-1.00621
-0.580752
-0.388868
-0.360714
-0.16108
-0.51944
-1.15356
-1.28472
-1.28688
-0.68052
0.394852
1.40116
2.13946
2.49164
2.47595
2.41503
2.28642
1.78081
1.77296
1.83879
1.1358
0.668944
1.11353
1.34946
1.59677
1.82407
1.64543
0.98463
1.03211
0.795199
0.465288
0.0748503
-0.0118701
0.246231
0.199241
-0.0202086
0.136457
0.0377685
-0.428305
-0.502076
-0.888197
-1.4353
-1.14699
0.208659
0.384258
0.845132
0.92832
0.489127
-0.351296
-1.06654
-1.57706
-1.59236
-0.623131
0.288022
0.782151
0.904678
1.41117
2.02576
1.84663
1.4507
0.220627
-0.953532
-1.1203
-0.670023
-0.0919197
0.685915
1.92659
2.02478
1.48003
0.757136
0.353749
-0.268696
-0.966677
-0.752133
-0.0638631
-0.516987
-1.38184
-2.51087
-3.77646
-4.75167
-4.90932
-4.97151
-4.55194
-3.71985
-2.89974
-2.46721
-2.28553
-1.61796
-0.118112
1.54586
2.69186
3.26801
3.47029
3.38004
2.67489
1.89284
1.19957
0.655897
-0.594094
-1.32474
-1.61551
-1.52163
-1.27844
-1.038
-0.988357
-0.94951
-1.05977
-1.30875
-1.92884
-2.58974
-3.24201
-3.5109
-2.43994
-1.11795
0.147444
0.975899
1.72754
2.11896
2.11974
1.35035
0.599097
0.609103
0.316863
-0.346587
-0.438311
-0.149602
0.700042
1.86557
3.10634
3.06023
2.72944
2.11062
0.804224
0.849938
-1.19888
-1.24832
0.341094
-0.358556
-0.656387
-0.576632
-0.325103
0.201596
0.769398
0.689152
0.527189
0.192276
-0.450279
-0.727706
-0.629508
-0.691311
-0.926162
-0.964519
-1.04584
-1.02358
-0.776952
-0.356495
0.387593
1.05399
1.77384
2.54295
2.52431
2.1687
1.23861
0.333638
-0.363362
-0.680029
-1.01896
-1.89451
-2.72149
-3.25103
-3.64079
-4.02671
-3.5419
-3.07063
-2.71953
-2.21686
-1.50368
-0.76155
0.603413
1.70145
2.96586
3.29547
2.33311
1.18632
0.242503
-0.588306
-1.46257
-1.23429
-0.691409
0.241522
1.57372
2.15653
2.86589
3.07651
2.60711
2.10022
1.52614
0.808344
-0.0932931
-0.685523
-1.27932
-1.69281
-1.13963
-0.467545
0.397894
0.500408
0.56741
0.59066
0.239462
-0.719171
-0.437722
-0.124195
-0.258101
0.251528
1.33475
1.30385
1.21634
1.79611
1.71871
1.14993
0.0746541
-0.514338
-1.16023
-1.39959
-1.48788
-1.7862
-1.61649
-1.86145
-2.4113
-2.60838
-2.45191
-2.25355
-1.9415
-1.4352
-1.02485
-0.833065
-0.811581
-0.878191
-0.256532
0.512278
0.938915
0.662273
0.326869
-0.197083
0.347568
0.479022
0.194827
-0.273601
-0.872894
-1.22144
-1.34691
-1.63425
-1.24322
-0.412609
0.728491
1.55253
2.26003
2.38432
2.38305
2.59043
3.22366
4.04447
3.26114
1.43471
-0.0514044
-0.112619
1.51564
3.51718
3.87034
2.97459
2.41895
2.15202
0.831692
0.0160884
-1.20496
-2.50322
-1.91324
-0.21994
0.092214
-0.581144
-0.542003
-1.81662
-3.80275
-4.02769
-4.08685
-2.56581
0.546319
1.18358
0.417121
-0.960889
-0.939504
0.464307
1.81024
2.20578
2.50479
3.15029
2.98773
1.37968
0.0375723
-0.122233
0.945978
1.74481
0.923317
-0.797063
-2.32477
-2.35626
-1.73411
-0.301756
1.07733
1.82397
1.13963
-0.113796
-0.221412
0.406624
0.0172656
-1.30895
-2.56267
-2.91838
-2.37127
-1.13276
0.0610182
0.832967
1.00945
0.752133
0.907817
1.01641
1.03966
0.674928
-0.121055
-0.834831
-0.680323
-0.0446355
0.46882
0.808835
1.98643
2.45279
2.63614
2.8554
2.90739
2.73532
2.47585
2.14192
0.96138
-0.0508158
-0.781563
-1.32621
-1.74422
-2.37039
-2.97145
-2.79065
-2.38471
-1.26902
-0.0112815
1.00111
1.63621
1.85625
1.44325
0.800496
0.454693
0.347764
0.385827
0.958731
2.09738
2.57385
2.28092
2.42817
2.34675
1.77885
1.34642
1.1464
1.0018
0.550439
0.552009
0.646185
0.412314
0.63196
0.915371
1.45531
1.84899
2.30672
2.61034
2.64223
2.39786
1.71126
1.00337
-0.351689
-1.47209
-1.78974
-2.18439
-2.53216
-2.45996
-2.18822
-2.46359
-2.43671
-2.17272
-2.46329
-2.37677
-2.0652
-1.58059
-1.54674
-1.37497
-1.34103
-1.30993
-1.21212
-0.682187
0.42958
1.02171
1.17396
1.10647
0.558581
-0.24162
-1.01798
-1.09646
-1.0587
-0.857983
-0.230731
0.866419
0.856217
0.586736
-0.788332
0.0783819
-1.38321
-3.17805
-0.801379
-3.36061
-1.4872
-2.06736
-0.70632
-0.836106
-1.02622
-0.567312
-0.299892
-0.496484
-0.521892
-0.344331
-0.593996
-0.159314
0.330303
0.678754
1.00229
2.4991
3.29645
3.20179
2.41473
1.56479
0.777246
-0.505902
-1.35702
-1.35643
-1.079
-0.427029
0.368267
0.543866
-0.0228573
-0.631568
-1.61551
-2.58072
-2.25306
-2.29387
-1.77738
-0.307053
1.77051
3.47107
2.75936
-0.279389
1.9416
2.0499
3.48755
1.20182
1.20212
-1.24793
0.598704
-0.367385
-1.49553
-0.897419
-2.12965
-3.38582
-2.6847
-3.86632
-0.903109
-1.66015
-1.86106
0.543866
1.32435
-1.12815
0.36866
0.426735
0.883587
0.753899
0.583303
-0.409862
0.321376
0.184526
-0.592033
-0.359046
-0.0248193
-0.212877
-0.502174
-0.834537
-0.907033
-0.984139
-0.5628
-0.486968
-0.340309
-0.149406
0.204244
0.560936
0.578986
0.738006
0.714953
0.518066
0.27625
-0.069651
-0.358359
-0.479611
-0.376704
-0.0988848
-0.0656289
0.172656
0.262319
0.282234
0.484614
0.847192
0.799221
0.700042
0.960889
0.913409
0.860043
0.603217
0.523069
0.487361
0.459795
0.50394
0.775873
0.486478
-0.0375723
-0.595075
-0.980608
-1.09892
-1.28462
-1.40048
-1.13305
-0.924396
-0.532192
-0.262418
-0.119976
-0.197083
-0.306464
0.0183447
0.191393
0.0607239
-0.0732807
0.316176
0.841894
1.00199
0.999639
1.043
0.775481
0.211405
-0.285569
-0.0414963
0.0748503
0.123998
-0.0709263
-0.436349
-0.602726
-0.888394
-1.33455
-1.63876
-1.95464
-1.86665
-1.77365
-1.44913
-0.983845
-0.650697
-0.218371
0.0727902
0.224453
0.255354
0.450671
0.635786
0.624308
0.716817
0.890159
0.820018
0.541022
-0.051012
-0.49256
-0.722507
-0.546123
-0.566724
-0.976193
-0.593603
-0.373172
-0.573395
-0.672083
-0.515123
-0.429089
0.0614106
0.562407
0.563388
0.462541
0.513652
0.459206
0.28861
0.293908
0.0955494
-0.442137
-0.520813
-0.236323
-0.438801
-0.650894
-0.38877
0.0721035
0.365913
0.609593
0.758705
0.820999
0.815701
0.8519
1.29345
1.59324
1.5595
1.79268
1.41176
0.93813
0.192178
-0.672672
-1.52143
-1.99015
-2.16281
-1.8898
-1.90863
-2.15379
-2.4781
-2.42739
-2.23021
-1.94856
-1.87263
-1.49475
-0.783034
-0.212092
0.441156
0.938523
1.09617
1.37085
1.46973
1.53605
1.967
1.76246
1.43148
1.1927
0.759588
0.406624
0.235244
0.168438
0.14352
0.289787
0.72231
0.954022
0.771753
0.190608
-0.0521892
-0.280566
-0.341584
-0.628331
-1.0015
-0.936365
-0.82198
-0.826591
-0.835322
-0.535037
-0.111932
0.141656
0.198162
0.205421
-0.0550341
-0.0184428
-0.273503
-0.414276
-0.274189
-0.110951
0.259573
0.644517
1.20555
0.969817
0.991301
1.24038
1.36889
1.26029
0.996205
0.395343
-0.639122
-1.10559
-0.373074
0.0954513
-0.261142
-0.713481
-0.63353
-0.352277
-0.222883
-0.257316
-0.538667
-0.419181
-0.335306
-0.326967
-0.061803
0.299303
0.714855
1.03751
0.877897
0.954611
0.848663
1.3165
1.84791
2.15496
1.84919
1.30757
1.46503
1.47582
1.02632
0.512278
0.228475
0.638729
1.02613
1.2496
1.36977
1.50181
1.3475
0.88447
0.66345
0.607043
0.627055
0.770183
0.801673
0.503253
0.396815
0.484025
0.356397
0.268205
0.498642
0.45283
0.0263889
0.0438507
0.0625878
-0.0059841
-0.0347274
0.16265
0.0530721
0.243779
0.315195
0.199339
0.141362
0.0042183
-0.291455
-0.607533
-1.06213
-1.39488
-2.20019
-2.30957
-2.02253
-2.00467
-2.0499
-2.01772
-1.85644
-1.73559
-0.954219
-0.0348255
0.58036
0.849742
0.940485
0.859356
0.376312
0.0364932
0.10428
-0.0059841
-0.171969
-0.163729
-0.185409
-0.241522
-0.507177
-0.734082
-0.730551
-0.82404
-0.794316
-0.762433
-0.838068
-0.952943
-0.963832
-0.807363
-0.788724
-0.940288
-0.858865
-0.537294
-0.150976
0.0432621
0.244171
0.28086
0.292338
0.33972
-0.0110853
-0.154802
-0.307445
-0.420457
-0.350413
-0.461462
-0.603021
-0.769202
-0.990908
-1.28472
-1.26902
-1.20967
-0.998952
-0.768221
-1.13256
-1.6989
-1.67035
-1.42314
-0.780091
-0.179229
0.264085
0.615774
1.08587
1.3577
1.61993
1.9261
1.83751
1.39076
1.17357
1.11363
0.810502
0.725449
1.19937
1.65397
1.9824
2.2304
2.41061
2.44642
2.58955
2.70364
2.3958
2.08492
1.93424
1.3425
0.402602
-0.220823
-0.663548
-1.48886
-2.23403
-2.75043
-3.14106
-3.22052
-2.84245
-2.53942
-2.52392
-2.32978
-2.01272
-1.91344
-1.81887
-1.84173
-1.90108
-1.36643
-0.614793
-0.180308
0.110951
0.3511
0.526699
0.708282
0.865929
0.772537
0.849448
1.18524
1.34407
1.28207
1.05752
1.04261
0.722212
0.378372
0.134986
-0.19669
-0.0023544
-0.0525816
-0.408979
-0.654425
-0.979234
-1.2031
-1.61384
-1.76776
-1.78464
-1.49446
-0.749484
-0.296066
-0.0033354
-0.132926
-0.115856
-0.0452241
-0.0121644
0.226022
0.844151
1.3474
1.61296
1.49151
1.19437
0.853666
0.540629
0.321964
0.28606
0.419966
0.52817
0.436937
0.690428
0.512671
0.229946
-0.0704358
-0.0566037
0.336287
0.543964
0.792452
1.08695
1.45943
1.50299
1.40254
1.14237
0.65109
0.326967
-0.0703377
-0.396618
-0.370916
-0.267715
0.103299
0.179523
0.307544
0.499133
0.741342
0.634511
0.297537
0.372486
0.261731
0.476766
0.91439
1.00445
1.05222
1.16337
1.12491
0.997285
1.00464
0.882606
0.502763
0.420555
0.28812
-0.0471861
-0.499133
-0.699649
-0.560347
-0.618128
-0.755076
-0.280762
0.181485
0.491089
0.406723
0.324319
0.381707
0.0452241
-0.280566
-0.236225
-0.510414
-0.833163
-1.31258
-1.39273
-1.30022
-0.791176
-0.226513
0.0073575
0.157745
0.324221
0.159216
-0.0217782
-0.209051
0.0124587
0.430757
1.09882
1.24146
0.457048
-0.0949608
-0.172656
-0.290768
0.500212
1.30777
1.71675
1.91619
2.10091
1.81044
1.50328
0.821882
0.234753
0.113306
0.309604
0.237206
-0.0599391
-0.460579
-0.896928
-1.07812
-0.881134
-0.588306
-0.388378
-0.809423
-1.12079
-1.048
-0.759981
-0.497956
-0.494718
-0.403289
-0.200713
-0.428697
-0.790392
-0.500702
-0.206402
-0.80805
-0.955788
-0.940485
-1.1256
-1.26765
-1.12756
-0.812072
-0.548379
-0.790097
-1.13423
-1.23057
-1.41176
-1.22448
-0.10742
0.826394
1.14179
1.22625
1.16141
0.852489
-0.167751
-0.751642
-0.686111
-0.528661
-0.138615
-0.433504
-0.561917
-0.301069
0.0293319
0.0132435
-0.133318
-0.431738
-0.131258
0.18482
0.565841
0.650011
0.837087
1.13688
1.32621
1.32513
1.04457
0.190608
-0.345803
-0.218567
-0.0455184
0.205225
0.464798
0.648637
1.0635
1.12099
0.904678
0.889178
0.960399
0.661979
0.608711
0.386906
-0.111245
-0.294692
-0.228279
-0.751642
-1.02299
-1.07066
-1.51045
-1.99388
-2.47457
-2.65763
-2.339
-1.03623
0.170988
0.517576
0.834242
1.01033
1.18112
1.22674
0.720839
0.13371
-0.314901
-0.464798
-0.0397305
0.373565
0.84317
0.93195
0.865929
0.663254
0.381903
0.223766
0.413393
0.80805
0.690722
0.450377
-0.0997677
-0.601157
-0.699551
-0.54936
-0.224159
0.0287433
0.155096
0.792746
1.55086
1.84389
1.47356
0.832967
-0.24162
-0.798926
-0.863967
-0.728981
-0.0817173
0.12596
0.325398
-0.267028
-1.07302
-1.30836
-1.36202
-1.11765
-1.02927
-0.552009
-0.391223
-0.397501
-0.107125
0.217978
0.0779895
-0.141558
-0.0069651
0.146463
0.368464
0.642457
0.0540531
-0.801771
-1.12511
-1.14963
-0.98924
-1.08616
-1.00621
-0.643928
-0.296262
-0.311958
-0.0204048
0.380922
-0.047088
-0.766455
-1.08616
-1.57451
-1.55744
-0.673849
-0.104967
-0.105261
-0.0131454
0.144207
-0.220627
-0.816682
-0.744873
-0.99081
-1.4201
-1.70164
-1.83486
-1.98319
-1.72283
-1.31709
-1.02102
-0.722016
-0.605375
-0.687681
-0.585951
-0.109578
0.429187
0.650305
1.26147
1.81514
2.01183
1.99947
1.33769
0.605179
0.200615
-0.22975
-0.125568
0.390046
1.19898
1.81377
2.10199
1.802
1.5337
1.40646
0.775677
0.0901539
-0.270658
-0.128119
0.172362
0.0022563
-0.23593
0.056898
0.664039
0.738497
0.612438
0.449396
-0.162748
-0.64952
-0.846603
-0.644419
-0.352473
0.0161865
0.805695
0.975801
0.369445
-0.0855432
-0.0756351
-0.406428
-0.545534
-0.40015
-0.429187
-0.340996
-0.34904
-0.385239
-0.468722
-0.695627
-1.02485
-0.875739
-0.547594
-0.604002
-0.648147
-0.572315
-0.575945
-0.623916
-0.634903
-0.38877
-0.227003
-0.241032
-0.45695
-0.415355
-0.451849
-0.530231
-0.531996
-0.756645
-0.836891
-0.869951
-0.947352
-0.946861
-0.795689
-0.535332
-0.206206
0.143716
0.127628
0.231222
0.288022
0.569078
1.27246
1.79258
1.95297
1.76806
1.4971
1.08567
0.952551
0.936757
1.27932
1.63729
1.53193
0.977076
0.255551
-0.337562
-0.602628
-0.552009
-0.546515
-0.3924
-0.0128511
0.347274
0.492658
0.604198
0.783819
0.986101
1.06017
1.00464
0.368954
-0.17707
-0.452143
-0.599293
-0.396422
-0.36091
-0.641672
-0.677577
-0.368954
0.109283
0.318433
0.431542
0.131356
-0.051012
-0.361597
-0.782838
-0.831103
-0.879957
-0.652856
-0.547987
-0.25457
0.512769
1.03054
1.02063
0.821784
0.615381
0.582224
0.423007
0.145482
0.142834
0.519636
1.04987
1.07233
0.804028
0.312939
0.246427
0.347666
0.750661
0.954611
1.06419
1.31552
1.3526
1.29678
1.15836
0.563977
-0.238579
-0.407311
-0.530329
-0.41045
-0.154998
-0.263595
-0.133122
0.0386514
0.0821097
0.239953
0.318531
0.431542
0.449102
0.595075
1.03456
1.3478
1.64514
1.29414
0.740165
0.13734
-0.376017
-0.758705
-1.01386
-1.09323
-1.23714
-1.27971
-1.14914
-1.31817
-1.89755
-2.25542
-2.32065
-2.1941
-1.64053
-0.988161
-0.706026
-0.17501
0.0543474
-0.139498
-0.441352
-0.59272
-0.668355
-0.320787
0.0727902
0.40064
0.788135
0.927045
0.675222
0.560249
0.485104
0.624014
0.785781
0.857885
0.909681
0.797063
0.445178
0.278114
0.30254
0.316667
0.32991
0.24525
-0.270756
-0.574866
-0.717209
-0.842385
-0.693861
-0.122625
0.544749
0.878486
0.843071
0.233968
-0.267519
-0.448709
-0.560936
-0.248684
0.176874
0.410941
0.480396
0.456557
0.108008
-0.212485
-0.546907
-0.801575
-0.802262
-0.630391
-0.589581
-0.430953
-0.278212
-0.398973
-0.145384
0.267617
0.308426
0.0463032
0.142735
0.32324
0.366207
0.17864
-0.313626
-1.00994
-1.52742
-1.78287
-1.99516
-2.04754
-1.92492
-1.79337
-1.54311
-0.98463
-0.634118
-0.590366
-0.615577
-0.502566
-0.360223
-0.523462
-0.876524
-1.17622
-1.12717
-0.719269
0.0173637
0.450181
0.959614
1.09548
1.00052
0.788234
0.573885
0.554363
0.70789
0.789215
0.773813
0.626368
0.14921
-0.219352
-0.295379
0.223962
0.693861
0.993655
1.3734
1.35868
1.0482
0.750073
0.241032
-0.130571
-0.311173
-0.526503
-1.02564
-1.41529
-1.48209
-0.821293
0.0865242
0.189922
0.242896
0.303619
0.409371
0.555835
0.479022
0.455576
0.550047
0.795199
1.01318
1.02171
0.964519
0.797161
0.73163
0.953238
1.14581
1.14394
1.18485
1.37978
1.59687
1.80141
1.94326
2.16997
2.28504
2.19361
1.95778
1.31719
0.574277
0.18276
-0.238579
-0.53337
-0.708086
-0.797847
-0.872501
-0.797455
-0.556914
-0.398482
-0.290474
-0.398678
-0.638631
-0.743696
-0.858964
-0.947057
-0.889865
-0.666884
-0.506
-0.257611
-0.0209934
0.0641574
0.108597
0.197083
0.188646
-0.0649422
-0.304306
-0.278604
0.0620973
0.364638
0.468427
0.387495
0.349726
0.413001
0.221117
-0.327948
-0.670906
-0.775284
-0.639514
-0.262516
0.13116
0.351885
0.390536
0.30823
-0.0697491
-0.504626
-0.683659
-0.563094
-0.313135
-0.215428
-0.161375
-0.274189
-0.495405
-0.63147
-0.734573
-0.856805
-0.882115
-0.883783
-1.01053
-1.13355
-1.25264
-1.32337
-1.30336
-1.25284
-1.27981
-1.0586
-0.734573
-0.378175
0.0695529
0.455576
0.751348
0.86171
0.855334
0.89114
1.01161
1.32965
1.65436
1.80121
1.72322
1.58961
1.26814
1.00562
0.889277
0.767731
0.520617
0.20189
-0.149112
-0.386024
-0.482848
-0.403682
-0.384552
-0.521107
-0.498839
-0.531898
-0.666786
-0.558679
-0.450573
-0.53955
-0.640397
-0.656583
-0.790686
-0.807069
-0.591052
-0.357084
-0.23593
-0.236029
-0.219155
-0.0477747
-0.0051012
-0.111442
-0.278604
-0.434681
-0.52817
-0.574572
-0.396422
-0.108989
-0.0998658
-0.0982962
-0.0207972
0.152349
0.333736
0.562015
0.745658
0.815211
0.938719
1.15111
1.20565
1.15984
0.992968
0.73006
0.368169
0.127138
0.128511
0.248978
0.216801
0.164906
0.318138
0.423694
0.463424
0.53955
0.755566
0.874169
0.912722
0.821588
0.619894
0.439096
0.499231
0.742127
0.876916
0.968639
0.878093
0.608318
0.165985
-0.190216
-0.403583
-0.466858
-0.336679
-0.265557
-0.0161865
0.390046
0.522971
0.446747
0.199143
-0.0717111
-0.148131
-0.229848
-0.26487
-0.314999
-0.350806
-0.343742
-0.0644517
0.109087
-0.109578
-0.392989
-0.517379
-0.554363
-0.550733
-0.678558
-0.743794
-0.737123
-0.59429
-0.303914
0.0636669
0.154409
0.0087309
-0.17609
-0.387299
-0.730943
-0.927241
-1.03319
-1.08538
-1.11157
-1.18878
-1.29011
-1.35309
-1.37762
-1.39704
-1.22056
-0.985709
-0.932146
-1.0532
-1.12854
-1.14071
-1.10186
-0.871913
-0.622641
-0.589189
-0.602236
-0.52562
-0.306464
-0.111147
0.0400248
0.145482
0.217978
0.368856
0.601353
0.733396
0.682776
0.600666
0.638435
0.585265
0.592033
0.637159
0.533664
0.376998
0.454301
0.58654
0.705535
0.82404
0.930773
1.01877
1.04212
0.856511
0.552695
0.204637
-0.0885843
-0.113207
-0.140577
-0.469409
-0.803341
-0.964421
-0.935972
-0.907033
-0.775186
-0.618128
-0.461168
-0.448121
-0.516791
-0.525227
-0.519145
-0.47294
-0.328831
-0.1394
0.07848
0.220725
0.289787
0.257414
0.222883
0.218469
0.178444
0.0950589
0.0640593
0.0597429
0.128315
0.29273
0.496876
0.526699
0.350217
0.0634707
0.0453222
0.164612
0.135378
-0.00981
-0.12596
-0.244956
-0.248193
-0.0977076
0.0697491
0.139694
0.288806
0.379255
0.374546
0.29273
0.174814
0.112128
0.157352
0.283313
0.407507
0.547987
0.620875
0.593799
0.497563
0.451162
0.352375
0.22769
0.257022
0.300677
0.225728
0.0420849
-0.121448
-0.168732
-0.108008
-0.0778914
0.042183
0.330499
0.512867
0.336189
0.127432
0.0600372
-0.157941
-0.455674
-0.577024
-0.737025
-0.939209
-0.981981
-0.890454
-0.87309
-0.858081
-0.60459
-0.160001
0.193551
0.411235
0.47088
0.340898
0.188941
0.120467
0.0424773
-0.0303129
-0.0203067
-0.0932931
-0.251332
-0.486184
-0.695725
-0.74968
-0.720643
-0.608416
-0.517379
-0.423498
-0.459402
-0.60047
-0.712795
-0.711519
-0.627055
-0.516497
-0.54573
-0.536313
-0.454105
-0.272326
-0.0331578
0.0423792
-0.0216801
0.001962
0.120761
0.25918
0.401229
0.601647
0.893397
1.18161
1.3839
1.5388
1.70272
1.84958
1.92237
1.88018
1.80014
1.76502
1.66593
1.49004
1.32082
1.21467
1.18878
1.23832
1.26892
1.20585
1.10598
1.09548
1.1413
1.20516
1.27402
1.30895
1.26314
1.15836
0.958535
0.593799
0.235048
0.0413982
-0.116739
-0.152153
0.0157941
0.183938
0.186684
0.014715
-0.266342
-0.541022
-0.693076
-0.752133
-0.754978
-0.742323
-0.715934
-0.685523
-0.600862
-0.510022
-0.471272
-0.456361
-0.457931
-0.582812
-0.609103
-0.410647
-0.25094
-0.312154
-0.392792
-0.472253
-0.468231
-0.421928
-0.423301
-0.421339
-0.313135
-0.199143
-0.246525
-0.445374
-0.654131
-0.854451
-0.934501
-0.872403
-0.833163
-0.769202
-0.640299
-0.700434
-0.824432
-0.818939
-0.672574
-0.54161
-0.43164
-0.258493
-0.187763
-0.107616
-0.0102024
0.018639
0.0291357
-0.0560151
-0.13734
-0.110755
0.004905
0.159216
0.359831
0.580752
0.596644
0.338249
-0.0493443
-0.320885
-0.470782
-0.601353
-0.594878
-0.486282
-0.423203
-0.413393
-0.356201
-0.320983
-0.24319
-0.0932931
0.0419868
0.16471
0.282822
0.281743
0.165397
0.0168732
-0.0236421
0.0432621
0.0157941
-0.0157941
-0.0184428
0.0434583
0.191295
0.456655
0.610378
0.677184
0.760471
0.737614
0.616166
0.356594
0.118505
-0.115366
-0.386906
-0.616951
-0.736633
-0.720545
-0.65109
-0.539648
-0.332951
-0.141068
-0.0916254
-0.0687681
-0.0242307
0.007848
-0.0355122
-0.174127
-0.414571
-0.648735
-0.826198
-0.951864
-1.02181
-0.997186
-0.891925
-0.721329
-0.58448
-0.446453
-0.28449
-0.203165
-0.111049
-0.114286
-0.284294
-0.468133
-0.594584
-0.674536
-0.645106
-0.562113
-0.417906
-0.260946
-0.105752
-0.0200124
-0.064746
-0.150191
-0.200222
-0.219548
-0.238775
-0.216605
-0.130081
-0.0111834
0.0993753
0.155587
0.152447
0.134201
0.20444
0.296654
0.321866
0.347666
0.415257
0.523756
0.630979
0.763022
0.826787
0.824923
0.81217
0.77911
0.744481
0.748405
0.691801
0.627448
0.566233
0.47657
0.34541
0.218174
0.07848
0.0122625
-0.0212877
0.0060822
0.075537
0.133907
0.227396
0.366207
0.541512
0.660115
0.683168
0.67483
0.671593
0.620384
0.607337
0.595761
0.496876
0.338543
0.145973
-0.0524835
-0.110166
0.0099081
0.185605
0.294202
0.368267
0.351689
0.246133
0.0791667
-0.071613
-0.181485
-0.206108
-0.131454
-0.0193257
0.0769104
0.155979
0.177365
0.140479
0.0845622
0.0091233
-0.0475785
-0.093195
-0.118897
-0.11566
-0.179523
-0.232301
-0.306464
-0.446944
-0.510807
-0.554657
-0.534056
-0.433504
-0.276838
-0.174912
-0.0831888
-0.0239364
-0.0655308
-0.114679
-0.12341
-0.0984924
-0.104378
-0.0883881
0.0195219
0.201007
0.298518
0.272914
0.296851
0.33717
0.404564
0.522971
0.642849
0.776069
0.798534
0.675026
0.504136
0.478924
0.540335
0.563781
0.596252
0.626565
0.584087
0.472744
0.405349
0.388084
0.319512
0.201792
0.132141
0.0741636
0.0295281
-0.0281547
-0.0896634
-0.197966
-0.244661
-0.172067
-0.128805
-0.0370818
0.0378666
0.0793629
0.0699453
0.0020601
-0.0791667
-0.130767
-0.155881
-0.200026
-0.20964
-0.224453
-0.331087
-0.416238
-0.393
-0.262025
-0.0987867
0.0133416
0.131748
0.173637
0.134103
-0.0262908
-0.248291
-0.381413
-0.436153
-0.465877
-0.470586
-0.491972
-0.536018
-0.589385
-0.638925
-0.663156
-0.636375
-0.557404
-0.476962
-0.455969
-0.400738
-0.241522
0.0007848
0.106537
0.109185
0.0436545
-0.0762237
-0.141951
-0.0966285
-0.075537
-0.161375
-0.270658
-0.388476
-0.528857
-0.676596
-0.757822
-0.774107
-0.748405
-0.678656
-0.558778
-0.477256
-0.403387
-0.276838
-0.178542
-0.122233
-0.0404172
-0.0044145
-0.0246231
-0.0781857
-0.109578
-0.154409
-0.111638
-0.0279585
0.0435564
0.176776
0.321768
0.433308
0.473627
0.497073
0.46519
0.413492
0.267323
0.147641
0.131944
0.061803
0.0256041
-0.0405153
-0.142834
-0.222295
-0.198947
-0.146954
-0.140675
-0.137242
-0.132239
-0.0534645
0.0834831
0.194238
0.313135
0.394068
0.475883
0.575945
0.613812
0.562996
0.555736
0.656485
0.766455
0.830024
0.763807
0.650207
0.507079
0.387004
0.266047
0.1704
0.0259965
-0.0965304
-0.15078
-0.171871
-0.19257
-0.223079
-0.243386
-0.26644
-0.280468
-0.269971
-0.26644
-0.338053
-0.394264
-0.434779
-0.551028
-0.660802
-0.701415
-0.686013
-0.738399
-0.809914
-0.891042
-0.948038
-0.970798
-0.974035
-0.983551
-0.996205
-1.05065
-1.07724
-1.09068
-1.0586
-1.02671
-0.991693
-0.910662
-0.752819
-0.580752
-0.45175
-0.392204
-0.335012
-0.258199
-0.171675
-0.124489
-0.193649
-0.244367
-0.265949
-0.27517
-0.290768
-0.230143
-0.147346
-0.110166
-0.120761
-0.156862
-0.147739
-0.114385
0.015696
0.160295
0.323338
0.447827
0.523265
0.573983
0.649913
0.729668
0.81011
0.922434
1.0173
1.07312
1.04643
0.958437
0.916058
0.880546
0.827179
0.746247
0.651286
0.512769
0.323043
0.154507
-0.0061803
-0.0904482
-0.0662175
-0.0384552
-0.0449298
-0.0721035
-0.0943722
-0.0936855
0.0129492
0.070632
0.0938817
0.13577
0.189529
0.2272
0.274582
0.283019
0.344233
0.488636
0.576337
0.613223
0.704358
0.843758
0.878878
0.850233
0.807952
0.811679
0.853961
0.893593
0.926947
0.928615
0.901735
0.890944
0.897713
0.882409
0.798044
0.701023
0.605277
0.554755
0.526012
0.482652
0.404957
0.330989
0.299107
0.269284
0.232007
0.207285
0.221019
0.255551
0.314214
0.369248
0.412609
0.42752
0.440665
0.458323
0.465288
0.447827
0.445668
0.402504
0.337758
0.264085
0.14715
0.0172656
-0.0498348
-0.108499
-0.168241
-0.20238
-0.235538
-0.309505
-0.394166
-0.49207
-0.591445
-0.697393
-0.777835
-0.833458
-0.901049
-0.957162
-0.953532
-0.931165
-0.879467
-0.840619
-0.844445
-0.883783
-0.877897
-0.837382
-0.805303
-0.729374
-0.658447
-0.609593
-0.577024
-0.543082
-0.509629
-0.466564
-0.437918
-0.430169
-0.404761
-0.411333
-0.39034
-0.364049
-0.323043
-0.262123
-0.219155
-0.219253
-0.264085
-0.334325
-0.420947
-0.494522
-0.536215
-0.51581
-0.462247
-0.399659
-0.359242
-0.350315
-0.314999
-0.257709
-0.193747
-0.187077
-0.226415
-0.262319
-0.29381
-0.348745
-0.380039
-0.392498
-0.415453
-0.451162
-0.454203
-0.439488
-0.406526
-0.369739
-0.332657
-0.286354
-0.277917
-0.272816
-0.258592
-0.233478
-0.205421
-0.167653
-0.0905463
-0.0192276
0.0249174
0.0155979
-0.0015696
-0.0065727
0.0195219
0.0410058
0.0682776
0.132631
0.18639
0.227984
0.265066
0.305876
0.355907
0.368758
0.349628
0.341192
0.358654
0.392204
0.386024
0.358556
0.352277
0.370131
0.372191
0.358163
0.353258
0.337954
0.331578
0.331676
0.325103
0.33766
0.348157
0.345214
0.288218
0.21376
0.146954
0.118995
0.114385
0.103299
0.102416
0.0773028
0.0577809
0.046107
0.0233478
-0.0064746
-0.0064746
0.0202086
0.0615087
0.117622
0.158922
0.210817
0.278898
0.323338
0.341094
0.362087
0.385141
0.391321
0.392792
0.374742
0.360027
0.354533
0.365619
0.374546
0.381609
0.399954
0.417121
0.415159
0.413099
0.418495
0.400935
0.383963
0.391125
0.405938
0.423105
0.456557
0.50188
0.522873
0.531604
0.544063
0.555246
0.549458
0.536705
0.517674
0.504626
0.508354
0.525522
0.52562
0.51169
0.489911
0.478336
0.451849
0.407507
0.360714
0.315097
0.275269
0.256041
0.239658
0.214152
0.185801
0.148327
0.0989829
0.0564075
0.0271737
0.0113796
-0.0106929
-0.0366894
-0.0541512
-0.0575847
-0.0683757
-0.0820116
-0.0986886
-0.124195
-0.144599
-0.159903
-0.168438
-0.173147
-0.174226
-0.182564
-0.194238
-0.206599
-0.218665
-0.23
-0.246623
-0.266342
-0.278408
-0.281645
-0.279781
-0.270265
-0.269284
-0.277525
-0.293123
-0.314116
-0.336581
-0.343939
-0.346391
-0.353258
-0.362283
-0.372388
-0.382688
-0.385043
-0.391027
-0.395441
-0.399365
-0.399757
-0.403289
-0.404761
-0.408979
-0.411628
-0.410548
-0.403583
-0.397796
-0.390536
-0.384552
-0.374742
-0.363951
-0.353552
-0.344233
-0.333148
-0.322945
-0.310977
-0.300677
-0.289297
-0.279291
-0.26693
-0.254275
-0.239953
-0.225532
-0.210326
-0.196298
-0.181289
-0.168045
-0.15333
-0.13891
-0.123312
-0.10997
-0.097119
-0.0851508
-0.0718092
-0.0600372
-0.0473823
-0.0352179
-0.0232497
-0.0136359
-0.0030411
0.0051993
0.0135378
0.0209934
0.0299205
0.0373761
0.0458127
0.052974
0.0604296
0.0661194
0.0726921
0.0775971
0.0831888
0.0877995
0.0929988
0.0966285
0.100945
0.103594
0.107321
0.109774
0.113109
0.114973
0.117622
0.118799
0.120859
0.121644
0.123214
0.12341
0.124391
0.124096
0.124685
0.123998
0.124096
0.122919
0.122429
0.120565
0.119682
0.117426
0.116052
0.113306
0.11154
0.108499
0.10634
0.102907
0.100553
0.0968247
0.0940779
0.0901539
0.0872109
0.0830907
0.0799515
0.0756351
0.0722997
0.0677871
0.0642555
0.0596448
0.0561132
0.0514044
0.0476766
0.0429678
0.03924
0.0344331
0.0307053
0.0258984
0.0221706
0.0173637
0.013734
0.0089271
0.0052974
0.0005886
-0.002943
-0.0075537
-0.0110853
-0.0155979
-0.0189333
-0.0330597
-0.0361989
-0.0404172
-0.0433602
-0.0473823
-0.0502272
-0.0541512
-0.0567999
-0.0604296
-0.0629802
-0.0665118
-0.0687681
-0.0721035
-0.0741636
-0.0773028
-0.0791667
-0.0821097
-0.0837774
-0.0864261
-0.0878976
-0.0903501
-0.0916254
-0.0937836
-0.0947646
-0.0968247
-0.0976095
-0.0993753
-0.0998658
-0.101435
-0.10173
-0.103005
-0.103103
-0.104084
-0.103986
-0.104771
-0.104378
-0.104967
-0.104378
-0.104673
-0.103888
-0.103986
-0.102907
-0.102809
-0.101533
-0.101239
-0.0997677
-0.0992772
-0.0976095
-0.0969228
-0.0949608
-0.0940779
-0.0920178
-0.0909387
-0.0886824
-0.0874071
-0.0849546
-0.0835812
-0.0810306
-0.079461
-0.0767142
-0.0750465
-0.0722016
-0.0703377
-0.0673947
-0.0654327
-0.0622935
-0.0602334
-0.0570942
-0.054936
-0.0516987
-0.0494424
-0.046107
-0.0438507
-0.0405153
-0.0381609
-0.0347274
-0.032373
-0.0289395
-0.026487
-0.0230535
-0.0206991
-0.0171675
-0.0148131
-0.0113796
-0.0090252
-0.0055917
-0.0032373
9.81e-05
0.0023544
0.0057879
0.0079461
0.0112815
0.0133416
0.0165789
0.018639
0.0217782
0.0237402
0.0267813
0.0286452
0.0314901
0.0332559
0.0361008
0.0377685
0.0404172
0.0418887
0.0444393
0.0458127
0.0482652
0.0494424
0.0517968
0.0528759
0.054936
0.055917
0.057879
0.0586638
0.0605277
0.0612144
0.0628821
0.0633726
0.0648441
0.0651384
0.0665118
0.066708
0.0678852
0.0679833
0.0690624
0.0688662
0.0697491
0.0695529
0.0702396
0.0698472
0.0704358
0.0699453
0.0704358
0.069651
0.0700434
0.0691605
0.0694548
0.0684738
0.0685719
0.0674928
0.0674928
0.0663156
0.0661194
0.0648441
0.0646479
0.0631764
0.0628821
0.0614106
0.0610182
0.0594486
0.0589581
0.0572904
0.0567018
0.0550341
0.0543474
0.0525816
0.0518949
0.0501291
0.0493443
0.0474804
0.0466956
0.0448317
0.0439488
0.0420849
0.041202
0.03924
0.0384552
0.0364932
0.0356103
0.0336483
0.0327654
0.0308034
0.0299205
0.0279585
0.0271737
0.0252117
0.0243288
0.0224649
0.021582
0.0197181
0.0189333
0.0170694
0.0162846
0.0144207
0.013734
0.0118701
0.0111834
0.0094176
0.008829
0.0070632
0.0064746
0.0048069
0.0043164
0.0026487
0.0021582
0.0005886
9.81e-05
-0.0013734
-0.0017658
-0.0032373
-0.0035316
-0.0050031
-0.0051993
-0.0065727
-0.0067689
-0.0081423
-0.0082404
-0.0095157
-0.0096138
-0.010791
-0.010791
-0.0119682
-0.0119682
-0.0130473
-0.0129492
-0.0139302
-0.0138321
-0.0148131
-0.0146169
-0.0154998
-0.0153036
-0.0161865
-0.0158922
-0.016677
-0.0163827
-0.0170694
-0.0167751
-0.0174618
-0.0170694
-0.0177561
-0.0172656
-0.0178542
-0.0173637
-0.0179523
-0.0174618
-0.0179523
-0.0174618
-0.0179523
-0.0173637
-0.0178542
-0.0171675
-0.017658
-0.0169713
-0.0173637
-0.016677
-0.0171675
-0.0163827
-0.0167751
-0.0160884
-0.0163827
-0.015696
-0.0159903
-0.0152055
-0.0154998
-0.014715
-0.0150093
-0.0142245
-0.0145188
-0.013734
-0.0140283
-0.0131454
-0.0134397
-0.0126549
-0.0128511
-0.0120663
-0.0122625
-0.0114777
-0.0116739
-0.0108891
-0.0110853
-0.0103005
-0.0104967
-0.0097119
-0.0099081
-0.0090252
-0.0093195
-0.0084366
-0.0087309
-0.007848
-0.0081423
-0.0072594
-0.0075537
-0.0066708
-0.0069651
-0.0060822
-0.0063765
-0.0055917
-0.0057879
-0.0050031
-0.0052974
-0.0045126
-0.0048069
-0.003924
-0.0042183
-0.0034335
-0.0037278
-0.002943
-0.0032373
-0.0024525
-0.0028449
-0.0020601
-0.0023544
-0.0015696
-0.001962
-0.0011772
-0.0015696
-0.0007848
-0.0011772
-0.0003924
-0.0007848
0
-0.0003924
0.0002943
-9.81e-05
0.0005886
0.0001962
0.000981
0.0004905
0.0011772
0.0007848
0.0014715
0.0010791
0.0017658
0.0012753
0.001962
0.0015696
0.0021582
0.0017658
0.0023544
0.001962
0.0025506
0.0020601
0.0027468
0.0022563
0.0028449
0.0023544
0.002943
0.0025506
0.0031392
0.0026487
0.0032373
0.0027468
0.0033354
0.0027468
0.0033354
0.0028449
0.0034335
0.002943
0.0035316
0.002943
0.0035316
0.0030411
0.0035316
0.0030411
0.0035316
0.0030411
0.0036297
0.0030411
0.0036297
0.0030411
0.0035316
0.0030411
0.0035316
0.0030411
0.0035316
0.002943
0.0035316
0.002943
0.0034335
0.002943
0.0034335
0.0028449
0.0033354
0.0028449
0.0033354
0.0027468
0.0032373
0.0026487
0.0032373
0.0026487
0.0031392
0.0025506
0.0030411
0.0024525
0.0030411
0.0024525
0.002943
0.0023544
0.0028449
0.0022563
0.0027468
0.0021582
0.0027468
0.0021582
0.0026487
0.0020601
0.0025506
0.001962
0.0024525
0.0018639
0.0024525
0.0018639
0.0023544
0.0017658
0.0022563
0.0016677
0.0021582
0.0015696
0.0021582
0.0015696
0.0020601
0.0014715
0.001962
0.0013734
0.0018639
0.0012753
0.0018639
0.0012753
0.0017658
0.0011772
0.0016677
0.0010791
0.0016677
0.0010791
0.0015696
0.000981
0.0015696
0.000981
0.0014715
0.0008829
0.0014715
0.0008829
0.0013734
0.0007848
0.0013734
0.0007848
0.0012753
0.0006867
0.0012753
0.0006867
0.0011772
0.0006867
0.0011772
0.0005886
0.0011772
0.0005886
0.0010791
0.0005886
0.0010791
0.0004905
0.0010791
0.0004905
0.0010791
0.0004905
0.000981
0.0004905
0.000981
0.0003924
0.000981
0.0003924
0.000981
0.0003924
0.000981
0.0003924
0.0008829
0.0003924
0.0008829
0.0003924
0.0008829
0.0003924
0.0008829
0.0003924
0.0008829
0.0002943
0.0008829
0.0002943
0.0008829
0.0002943
0.0008829
0.0002943
0.0008829
0.0002943
0.0008829
0.0002943
0.0008829
0.0002943
0.0008829
0.0002943
0.0008829
0.0002943
0.0008829
0.0002943
0.0008829
0.0002943
0.0008829
0.0002943
0.0008829
0.0002943
0.0008829