0.001962
-0.000981
-0.0027468
0.0015696
-0.0001962
0.0012753
0.00284
0.002943
-0.0037278
0.0024525
0.000981
0.00343
-0.00284
0.00324
0.0010791
0.00137
0.00137
0.0004905
-0.00186
0.0013734
-0.0002943
0.00147
0.0020601
-0.00618
0.000981
0.001962
-0.0015696
0.00108
-0.0007848
-0.002943
0.0054936
0.001962
0.0007848
0.001962
-0.0025506
-0.0001962
0.00304
0.0024525
-0.00491
0.0036297
-0.0018639
0.00294
0.000981
-0.0012753
0.0020601
0.0007848
0.0013734
0.0042183
0.0004905
0.0037278
0.0005886
-9.81e-05
-0.0030411
-0.0024525
0.0004905
-0.00157
-0.0004905
0.0008829
-0.000392
0.0028449
-0.0001962
0.0048069
0.0013734
-0.0004905
-0.002943
0.0026487
0.0053955
-0.0004905
-0.0038259
0
0.0045126
0.0030411
9.81e-05
-0.0002943
0.0015696
0.0036297
0.0022563
0.0034335
-0.0022563
0.0002943
-0.00383
0.0015696
0.0006867
0.0016677
9.81e-05
-0.0004905
0.0036297
-0.0016677
-0.0011772
0.0002943
0.0011772
-0.0002943
-0.003924
-0.0007848
0.000981
0.0072594
0.000196
0.0021582
0.00275
-0.0010791
0.0027468
-0.0051993
-0.0050031
0.0014715
0.0011772
-9.81e-05
0.0045126
-0.0064746
0.000785
0.00186
0.0024525
0.0040221
0.0012753
0.000589
0.0050031
0.001962
-0.0047088
0.0014715
0.0017658
-0.0005886
0.0051
-0.00961
-0.0025506
0.0073575
-0.0043164
-0.0054936
-0.0041202
0.00383
0.0047088
0.0084366
-0.0020601
0.0103005
0.0090252
-0.0154017
0.0003924
-0.001962
0.0006867
-0.0238383
0.006867
-0.0093195
0.0021582
0.0238
-0.0272
0.0230535
0.0020601
0.0052
0.0139
-0.0183447
0.0174618
-0.0187371
0.0154
-9.81e-05
-0.0101043
0.018639
-0.0074556
0.0101043
-0.0141264
0.0008829
0.0005886
0.0217
-0.0157941
-0.0234459
0.0234459
-0.0187371
-0.0105948
0.0315882
-0.0114777
0.0221706
0.0203067
-0.0211896
-0.022563
0.0424
0.0144207
-0.0520911
-9.81e-05
0.0246231
-0.03
-0.0075537
-0.0041202
-0.0237402
0.022563
-0.0151074
-0.0034335
0.0295
0.031392
-0.0021582
0.0239364
-0.0473823
-0.0188352
0.046
-0.0120663
0.0095157
0.0573885
-0.0305091
-0.0236421
0.0489519
-0.00903
-0.0250155
-0.0008829
0.007848
-0.0265
-0.0129
0.013734
-0.0233478
0.0174
0.0398286
0.0031392
0.0099081
0.0283509
-0.0268794
-0.0524835
0.0129492
-0.0452
-0.0158
0.02
0.0259
0.0473
-0.0322
0.0444
0.0070632
-0.0109872
0.0171675
-0.0279585
0.0076518
-0.054
0.032373
0.0116739
0.0280566
0.0132
-0.0576828
-0.0130473
-0.0256041
0.0221
-0.0141
0.0351198
0.0341388
-0.0249174
0.030411
-0.0952551
-0.0052974
-0.0002943
0.004905
0.0447336
-0.0031392
0.160982
0.0633726
-0.0432621
-0.0772
-0.059841
-0.113109
-0.0576828
0.0605
-0.0169713
0.0776
0.0258984
-0.0164808
-0.0106
0.0769104
-0.0604296
-0.0915
0.0189333
0.0318825
0.13165
0.0336
0.0222687
-0.00618
-0.0940779
0.0139302
0.0123606
0.0185409
0.0732
0.0631
-0.0476
-0.0914292
-0.0546
0.0095157
0.0367875
0.0312939
0.0200124
-0.0527
-0.0065727
0.0325
0.0314
0.0114
0.065727
-0.0338
0.00441
0.0936855
-0.0528
-0.0451
0.0006867
-0.0243288
0.0509139
0.035
0.0305091
-0.0293319
0.00775
-0.102
-0.0413982
0.0704358
0.0051
0.0322749
0.0567018
-0.0238383
-0.0721035
0.0083385
-0.0232497
0.0516987
0.0761256
0.0589581
-0.0457
-0.0837
0.0213858
-0.0359046
-0.00618
0.007848
0.0817173
0.102416
0.0184
-0.0818
-0.0842
0.108695
-0.085
-0.0367875
0.0564075
0.0164
0.0649422
0.114286
-0.0578
-0.0780876
-0.0668061
-0.12
0.00706
0.0672
0.101435
0.0811
-0.143324
-0.118
0.00108
0.0695
0.124881
0.026487
0.0464013
0.0595467
0.0301
-0.15696
-0.137
-0.075
-0.0043164
-0.0158922
0.174324
0.144992
0.0589
0.0791667
-0.0566037
-0.170988
-0.111
0.0171
0.0795591
0.0834831
0.0344331
-0.0662175
-0.0099081
0.0298
-0.0165789
0.07848
0.0603
-0.0298224
-0.115169
-0.139792
-0.125862
0.0129492
0.0987867
0.109578
0.131846
-0.0893691
-0.132729
0.0405153
-0.0371
-0.0116739
-0.102907
-0.005886
0.147935
0.115366
0.167653
-0.0705339
-0.184232
-0.186
-0.101828
0.0219744
-0.0556
-0.0388476
0.0189333
-0.000981
0.149995
0.0921
0.0793629
-0.0311958
-0.0690624
-0.139008
-0.126157
0.0486576
0.0819135
-0.0231516
-0.0081423
-0.0393381
-0.0771
-0.0795591
0.0536607
0.0766161
0.0989
0.0342369
-0.0363
-0.0271737
0.0070632
-0.0844
-0.17
-0.0697491
0.0123606
0.0925083
0.225
0.0754389
-0.0142245
-0.0208953
-0.0855432
-0.0522
0.0419868
0.0136359
-0.065727
-0.0452241
-0.0277623
0.0705
0.0947646
0.0474804
-0.0349236
-0.0553284
-0.0796572
-0.0526797
0.0324711
0.0531702
0.0424773
0.0207972
-0.0129
0.0851508
0.0999639
0.0711225
-0.0817173
-0.116935
-0.0051012
0.0413982
0.0418887
0.0701415
0.0479709
-0.0491481
-0.236715
-0.164
-0.12753
-0.0227
0.0117
0.207972
0.158
-0.119
0.0750465
-0.007848
0.0095157
-0.0454203
-0.0226611
-0.167
-0.0731826
0.0692586
0.041202
0.0752427
0.0859356
-0.0778
-0.0025506
-0.0790686
0.0033354
-0.038259
-0.036
0.0928026
0.166966
0.187861
0.0075537
0.0472842
0.0606258
-0.0457146
-0.0051012
-0.0507177
-0.0486576
-0.0279585
-0.133318
0.106537
0.0815211
0.173441
0.169811
0.0419868
-0.0195219
-0.154998
0.0246231
-0.0393381
-0.123017
-0.0024525
-0.0067689
0.158726
0.0247212
-0.005886
-0.0856413
-0.138321
-0.0678852
-0.120467
0.0932931
0.122036
-0.0639612
-0.0789705
0.024525
0.0785781
0.0206991
0.0933912
0.0157941
0.0530721
0.0339426
0.0072594
-0.0150093
-0.155096
-0.0580752
-0.034335
-0.0705339
-0.0432621
-0.101
-0.0615087
-0.0670023
-0.0298224
0.0679833
0.0020601
0.156077
0.137929
-0.0453222
0.0154998
0.0952551
0.1136
-0.0427716
0.0467937
0.0788724
0.0860337
0.1291
0.189824
0.0872109
0.0515025
0.0493443
0.0001962
0.0342369
0.0037278
0.0486576
-0.346195
-0.478532
-0.289591
-0.16265
-0.0379647
0.0981981
-0.0211896
-0.196102
-0.154017
-0.245937
-0.262025
0.059841
0.153919
0.157352
0.119584
0.402112
0.404074
0.401
0.708282
0.648049
0.389065
0.129296
0.129492
0.312547
0.170498
-0.343154
-0.92057
-1.09175
-1.12913
-0.701219
-0.354631
-0.179523
0.0315882
0.127236
-0.0302148
-0.298028
-0.187665
0.17501
0.401818
0.736044
0.62941
0.131846
-0.136555
-0.209444
-0.190608
0.10791
0.459108
0.617343
0.500016
0.273993
-0.0046107
-0.148523
-0.0885843
-0.128315
-0.267421
-0.25349
-0.246231
-0.143128
-0.158432
-0.185998
-0.108302
0.0105948
0.169713
0.587521
1.0896
1.03191
0.833752
0.499623
0.005886
-0.210523
-0.250744
-0.392008
-0.736927
-0.43164
-0.0764199
-0.15284
-0.274876
-0.561524
-0.583205
-0.59066
-0.486184
-0.371603
-0.0509139
0.53337
0.6196
0.390732
0.261829
-0.142147
-0.226611
-0.293711
-0.233478
0.131748
0.464209
0.761845
0.686111
0.714855
0.822176
0.745364
0.632058
0.460678
0.276544
-0.0197181
-0.104378
-0.127138
-0.240541
-0.305483
-0.354631
-0.513357
-0.516889
-0.332951
-0.454007
-0.434877
-0.159707
0.0864261
0.136261
0.316863
0.562505
0.700728
0.760765
0.698178
0.8674
1.10647
0.809423
0.564958
0.339328
0.406134
0.175403
0.175697
0.13322
-0.184036
-0.336091
-0.370524
-0.709165
-0.849252
-0.797651
-0.727706
-0.59429
-0.645302
-0.972465
-1.11824
-1.21409
-0.882606
-0.252215
-0.0623916
0.128511
0.280468
0.0319806
-0.337366
-0.464896
-0.77136
-0.968345
-0.949216
-0.973446
-1.14
-1.1667
-0.822078
-0.720054
-0.661488
-0.282822
-0.042183
0.122919
0.135672
0.339622
0.772243
0.712795
0.750563
0.651384
0.59066
0.577711
0.412216
0.758411
0.824923
0.878387
0.866027
0.593897
0.271247
0.121546
0.282724
0.169026
0.130277
0.623818
0.511101
0.196298
0.0345312
-0.573885
-1.04486
-0.948038
-0.742519
-0.475491
0.0906444
0.881723
1.24165
1.25715
0.808933
0.31549
-0.110853
-0.830907
-0.806088
-0.398286
-0.213367
-0.369347
-0.265655
0.034335
0.319414
0.639023
0.878584
0.971582
1.00346
0.56074
-0.197377
-0.279977
-0.371995
0.0603315
0.0762237
0.300382
0.565154
0.493639
0.426637
0.24731
-0.0879957
-0.789509
-0.82041
-0.857492
-0.793138
-0.272424
-0.159216
-0.179229
-0.110166
-0.256335
-0.172362
-0.597821
-0.655798
-0.51993
-0.197181
0.239953
0.159805
0.0183447
-0.355612
-0.615479
-0.231418
-0.129001
-0.326182
-0.8003
-0.953728
-0.696412
-0.623622
-0.556325
-0.721035
-0.439586
-0.0717111
-0.0481671
0.0459108
0.262712
0.0670023
-0.133024
0.134986
0.894476
0.82355
0.388084
0.322847
0.460481
1.04908
1.0792
1.07341
1.2597
1.37232
1.12531
1.0016
0.805695
-0.172165
-0.931067
-1.52614
-1.92747
-1.55645
-0.58036
0.0865242
0.125764
0.147935
0.0488538
-0.223864
-0.656681
-0.973741
-1.0948
-0.886039
-0.661979
-0.442333
-0.0631764
0.382884
0.578201
0.392106
0.251626
0.418298
0.0517968
0.175501
0.0659232
0.235146
0.227886
0.290376
0.34335
0.371701
0.886922
1.21978
1.54213
1.71538
1.48425
0.571531
-0.258003
-0.547398
-0.495013
-0.223864
-0.320002
-0.444687
-0.47088
-0.613321
-0.318531
0.115169
-0.187469
-0.319512
0.457538
0.585068
0.166181
0.0272718
-0.0074556
0.113502
0.231614
0.179425
-0.120957
-0.483044
-0.368366
-0.242994
0.079461
0.578005
0.478041
0.533173
0.848271
1.24361
0.869755
0.0643536
-0.515614
-0.810404
-1.12697
-1.40783
-1.00847
-0.849644
-0.697883
-0.434975
-0.0439488
-0.183055
-0.0381609
0.12135
0.110068
-0.143618
-0.651875
-1.19142
-1.52791
-1.51427
-1.13256
-0.719073
-0.273307
0.151859
0.42389
0.597233
0.573198
0.647656
0.77656
0.59223
0.25663
0.369543
0.559562
0.717602
0.452339
0.354631
0.234655
0.442725
0.92008
1.08028
0.55348
0.046107
-0.37121
-0.665314
-0.853862
-1.28737
-1.68094
-2.13309
-1.8173
-1.59079
-1.61031
-1.47739
-1.35123
-1.58265
-1.4094
-0.895653
-0.597037
0.220725
0.881036
1.50593
1.65357
1.52065
1.04751
0.282332
0.113796
0.314018
0.923415
1.07057
1.09882
1.31591
1.52614
1.61777
1.52575
1.32906
1.37615
1.22537
0.65158
0.404957
0.51218
1.06939
1.05026
0.6196
0.21945
-0.0035316
-0.30205
-0.647264
-0.506687
-0.777344
-1.22046
-1.43148
-1.60276
-1.84418
-1.63366
-1.85556
-2.20735
-2.09944
-1.80367
-1.29482
-0.483535
-0.0425754
-0.159805
-0.392008
-0.834635
-1.09656
-0.856021
-0.168438
0.370033
0.870834
1.35829
1.31513
0.758117
0.372584
0.386906
0.313822
0.411922
0.501683
0.193355
-0.327752
-0.438409
-0.365815
-0.0776952
0.420849
0.38622
-0.0433602
-0.0565056
0.286354
0.880448
0.720054
0.763414
0.543866
0.25869
-0.0978057
-0.322847
-0.59429
-0.169517
0.728491
1.24136
1.52016
1.57598
1.43687
0.6867
0.618815
0.899773
0.1807
-0.615577
-0.917235
-1.28217
-1.3683
-1.33965
-0.861907
-0.315588
0.407311
0.972465
0.985905
0.750857
0.352768
0.163336
0.3924
0.540629
0.304699
-0.220627
-0.195415
0.135672
0.153625
0.204735
0.377194
0.114679
-0.427716
-0.729766
-1.05144
-1.33112
-1.15287
-0.523363
0.077499
1.18152
2.52009
3.16108
2.72983
1.3271
0.0187371
-0.227298
-0.320493
-0.389653
-0.553578
-0.788135
-1.06203
-1.65367
-1.46022
-0.0509139
1.27687
1.45914
1.45561
1.2342
1.3011
1.21615
0.782151
-0.169517
-1.12874
-1.85281
-2.13603
-2.52892
-3.14773
-3.48667
-3.70965
-3.4335
-2.82479
-2.29956
-1.5954
-0.820803
-0.274091
0.383963
0.727902
0.545926
0.198751
-0.273209
-0.810404
-1.19594
-1.07782
-0.370622
0.30411
0.713481
1.44354
2.43837
3.31117
3.52414
3.15607
2.5302
1.90667
1.2546
0.96138
0.889767
0.717994
0.522382
0.505117
0.601059
0.595467
0.663843
0.755861
0.747424
0.762139
0.893593
1.17514
1.33926
0.969522
0.300971
-0.737123
-1.61581
-2.34567
-2.70638
-2.89944
-2.49272
-1.11952
0.0365913
0.789901
0.99493
1.01308
0.764788
0.316961
-0.262516
-0.319021
0.0757332
0.304797
0.981392
1.80445
1.89774
0.905463
-0.84778
-2.01233
-2.38746
-1.75422
-0.408783
1.21968
2.40639
2.08433
0.623524
-0.829534
-1.3836
-1.30512
-0.94951
-0.545436
-0.334129
-0.940975
-1.85782
-2.12122
-1.99555
-1.16543
0.593701
2.08492
1.9464
0.346489
-1.14738
-1.89088
-1.55214
-0.508648
0.342173
0.703966
1.30051
2.01389
2.80556
3.87613
4.75079
4.78954
4.76187
3.06818
1.46493
0.0188352
-0.475589
-0.307347
0.221608
0.844052
1.43354
1.66898
1.08754
0.361793
-0.365521
-0.720348
-0.377587
0.34335
1.10529
1.38517
1.1258
0.851704
0.734671
0.833556
0.690918
0.261535
-0.881723
-2.71923
-3.62548
-3.16225
-2.21549
-2.84794
-4.75069
-5.2714
-4.21016
-4.2545
-2.62231
0.971386
2.43514
2.35656
0.760079
-1.04045
0.735063
2.25865
0.720839
-1.14512
-1.49112
-1.03957
-0.90615
-1.20712
-0.959026
0.348549
1.66486
2.57885
2.39266
1.20594
0.267421
0.0201105
1.14983
1.92727
0.798926
-0.640397
-1.05565
-0.517772
0.326771
0.380922
-0.346195
-1.17475
-1.8792
-2.31644
-2.41149
-2.81792
-2.39619
-1.27677
-0.312252
0.792354
1.62061
2.10827
1.95425
1.31297
0.571629
-0.260259
-1.70645
-2.47124
-2.06746
-0.888688
0.12596
0.27311
0.152644
-0.467152
-1.30973
-2.10925
-2.01164
-1.46041
-0.118701
1.28737
2.47447
3.04081
2.70942
1.47287
0.372388
-0.207776
0.244956
1.71057
2.47555
2.54923
2.01301
1.57284
1.07527
0.801477
0.961478
1.5179
1.8538
1.79239
1.65956
0.277329
-1.42186
-1.94993
-1.95396
-1.38262
-0.703377
-0.25506
0.0978057
0.553873
1.07174
1.41617
1.27334
1.05134
0.760177
0.326182
-0.0722997
-0.0325692
-0.116739
-0.772439
-1.30502
-1.02956
-0.674045
-0.559268
-0.463817
-0.781857
-1.0843
-1.06733
-0.691507
-0.124293
0.626957
0.930282
0.0043164
-0.855334
-0.952551
-1.0535
-1.06507
-0.908504
-0.747914
-0.959222
-1.32513
-1.22684
-0.869853
-0.48275
-0.384258
-0.362774
-0.324221
-0.419868
-0.245544
0.099081
0.48069
0.759294
0.629213
-0.0208953
-1.20751
-1.59805
-1.82437
-2.26964
-2.08796
-1.35417
-1.04889
-0.913017
-0.458029
-0.0948627
-0.248389
-0.777737
-0.863378
-0.464209
0.0378666
0.65364
1.14002
1.34132
1.46365
1.88587
2.27975
1.83035
1.00572
0.784898
0.326281
-0.122134
-0.59066
-1.00239
-1.35349
-1.68261
-1.83908
-1.84457
-2.00556
-2.00968
-1.41078
-0.928124
-0.741146
-0.218174
0.471959
1.24155
2.10562
2.80164
3.06739
3.00912
2.82165
2.42052
1.99908
1.70135
1.69948
1.30189
1.02583
1.00621
0.914096
0.737221
0.759098
1.42735
1.46257
0.833163
-0.106733
-1.46728
-2.3907
-3.0202
-2.67695
-2.14545
-2.45172
-2.91808
-3.50963
-4.03446
-3.64981
-2.86452
-2.34263
-2.16448
-2.21147
-2.18449
-1.77983
-1.02887
-0.0082404
0.727313
1.41548
1.65583
1.90677
2.03253
2.2099
2.55698
2.54226
1.87744
1.45786
1.02446
0.552597
0.361106
-0.0381609
-0.610672
-1.14404
-1.53948
-1.47984
-1.12315
-1.20889
-1.21183
-0.901343
-0.676301
-0.588306
-0.542983
-0.311566
-0.28812
-0.18796
-0.17658
-0.421634
-0.599489
-0.426343
-0.201399
0.0585657
0.522088
1.45414
2.11729
2.24443
2.09198
1.92256
1.89559
1.30277
0.0795591
-1.82633
-3.37356
-3.61381
-1.82986
1.00405
3.01255
3.91566
3.19678
1.26735
-0.622052
-1.78365
-1.91825
-1.18407
-0.333736
0.210719
0.0001962
-0.637748
-1.43981
-2.2667
-2.30329
-1.49298
-0.448709
0.58448
1.08018
1.28678
1.18456
0.931656
0.737025
0.742715
0.985611
1.26824
1.2599
0.973446
0.54936
0.228279
0.156764
0.102122
-0.324417
-1.16219
-2.00762
-2.80625
-3.11448
-3.16186
-3.40888
-3.52993
-2.91651
-1.70468
-0.150485
1.28943
2.2306
2.96213
3.19992
2.57787
1.64847
0.757136
0.283509
0.129884
0.348353
0.661881
1.08322
1.32975
1.17848
0.955494
0.524246
-0.0694548
-0.862103
-1.67771
-2.31614
-2.64252
-2.51195
-1.70508
-0.765671
0.179621
1.05261
1.81711
1.95297
1.87822
1.96151
1.94679
1.72489
1.683
1.68654
1.45198
1.28119
1.57137
1.80102
1.4713
1.38968
1.26775
1.15876
0.862691
0.288414
-0.572119
-1.02083
-1.33642
-1.62807
-1.52536
-1.27128
-1.04947
-1.01534
-0.568489
-0.182956
0.0189333
0.268794
0.96962
1.37938
1.46395
1.37154
1.06919
0.56074
-0.0263889
-0.434387
-0.626565
-0.76106
-0.616853
-0.155881
-0.109382
-0.287923
-0.489519
-0.699159
-0.423792
-0.0516987
-0.0936855
-0.597821
-1.26716
-1.57038
-1.31542
-1.17082
-1.2753
-0.956769
-0.222098
0.868774
1.9669
2.99146
3.68101
3.98786
3.70916
2.80968
1.69487
0.93558
0.526503
0.210621
-0.172264
-0.284784
-0.439488
-0.437722
-0.163827
0.245642
0.642163
0.820508
1.02838
1.616
2.86619
4.06497
4.55586
3.6866
1.32082
0.327654
1.07312
1.12128
2.75553
-2.30712
-1.98917
0.227298
-2.05245
-2.95948
-0.589973
-2.25414
2.04077
-0.425165
-0.956083
-1.51672
-2.6539
-0.402308
0.972956
0.44557
1.8174
0.0659232
-1.75148
-0.283509
0.652856
2.09512
2.79771
2.47938
0.81266
1.27226
1.32847
-1.03721
-0.739674
1.26883
-0.0516987
-1.39165
-0.52925
1.63493
0.319512
-0.255943
1.53929
1.09274
0.755861
0.920963
2.11553
1.16513
-0.326673
0.108597
0.0577809
-0.177659
-0.151466
-0.605473
-1.63454
-2.39335
-2.53324
-2.31683
-1.56725
-1.1721
-1.26912
-2.2922
-2.63202
-2.37942
-1.70419
-1.21938
-1.11756
-0.878289
-0.660017
-0.176286
0.719269
1.40381
1.45983
1.3993
1.51466
1.39793
0.805107
0.419476
0.065727
-0.250449
-0.291847
0.0357084
0.156666
-0.0830907
0.0174618
0.0360027
0.094176
-0.16471
-0.796964
-1.68703
-2.05696
-2.17233
-2.22461
-2.34096
-2.61613
-2.79242
-2.95065
-2.76946
-2.375
-2.20205
-1.95837
-1.87077
-1.73784
-1.10931
-0.396815
0.111147
0.253883
0.0249174
-0.246918
-0.260848
-0.0513063
0.16677
0.337366
0.348549
0.30774
0.425165
0.704554
1.33033
1.41764
1.0014
0.537882
0.216409
-0.173833
-0.456067
-0.522873
-0.382394
-0.231614
-0.172362
-0.247899
-0.471469
-0.671691
-0.949314
-1.29924
-1.37438
-1.06409
-0.541316
-0.0387495
0.374153
0.589973
0.536116
0.228181
0.031392
0.0641574
0.13685
0.30254
0.360321
0.218959
0.11723
0.0673947
0.174912
0.253294
0.440469
0.586736
0.718288
0.722997
0.332755
-0.005886
0.0416925
0.0939798
0.283705
0.379549
0.259278
0.274484
0.432719
0.502763
0.679146
0.892514
1.27363
1.75442
2.13936
2.17017
1.85625
1.76708
1.678
1.30512
1.12138
0.972367
0.684149
0.413001
0.439292
0.618422
0.48844
0.266243
0.179915
-0.266145
-1.03368
-1.52133
-1.9566
-2.41404
-2.43082
-2.24933
-2.13368
-1.80514
-1.60786
-1.461
-1.33406
-1.23027
-1.21879
-1.11814
-0.632549
-0.299009
-0.39034
-0.418004
-0.462541
-0.563683
-0.307347
0.539648
1.53733
1.9256
2.15045
2.01213
1.64985
1.47847
1.1822
1.02397
0.808246
0.491187
0.358359
0.0828945
-0.543376
-1.04114
-1.49269
-1.85017
-2.08286
-2.16654
-2.14417
-1.65446
-1.19241
-1.17651
-1.32543
-1.40411
-1.13914
-0.760864
-0.511591
-0.13783
0.451456
0.908406
0.99081
1.10569
1.28285
1.39694
1.36231
1.16611
0.946469
0.873777
0.927143
1.11118
1.39979
1.76217
1.73715
1.29433
0.860533
0.597527
0.494032
0.355612
0.255354
0.217684
0.057879
-0.0887805
-0.246722
-0.471469
-0.723095
-0.662567
-0.587717
-0.774107
-0.920276
-0.770968
-0.936168
-0.919295
-0.440175
-0.107616
-0.601157
-1.04241
-0.808736
-0.569765
0.0410058
0.995421
1.60815
1.68251
1.68212
1.21664
0.494228
0.452143
0.809914
1.55469
2.11562
2.34675
2.19597
1.49279
1.17877
0.656289
-0.167162
-0.652856
-0.758019
-0.660409
0.31598
1.0171
0.70838
-0.270756
-1.00445
-1.52702
-1.76139
-1.45051
-1.00307
-0.554952
-0.179719
0.303325
0.483142
0.431346
0.0481671
-0.733886
-1.10323
-1.04015
-0.530132
0.0054936
0.172558
0.447434
0.559366
0.0872109
-0.241326
-0.0337464
0.331676
0.270658
0.226022
0.402602
0.351689
-0.215428
-1.12531
-1.47876
-1.23263
-0.914096
-0.608122
-0.544553
-0.398384
-0.37847
-0.082404
-0.219155
-0.877308
-1.35898
-1.4511
-1.12766
-0.819037
-0.356594
0.163042
0.360812
0.172165
-0.162552
-0.583008
-0.868087
-0.8158
-0.415355
0.0243288
0.517183
0.8571
0.894966
0.850429
0.637258
-0.0070632
-0.611359
-0.59684
-0.556717
-0.0366894
0.38259
0.108499
-0.154017
-0.241326
-0.583597
-0.886333
-1.0742
-1.10961
-1.19407
-0.699355
0.423105
1.00896
1.12089
0.856511
0.427618
-0.113796
-0.663647
-0.620973
-0.323043
-0.144894
-0.459599
-0.61391
-0.490598
-0.602726
-0.59272
-0.709754
-0.717013
-0.476668
-0.122036
0.151957
0.302835
0.252313
-0.0609201
-0.394951
-0.825511
-1.0326
-0.75488
-0.287629
0.523658
1.18436
1.52781
1.523
1.2134
1.21467
1.13315
1.04653
1.0067
0.639023
-0.0086328
-0.565743
-0.725548
-0.662567
-0.426833
-0.119682
-0.0909387
0.424479
1.12697
1.7607
2.3337
2.34381
2.21706
1.78287
0.823059
0.0757332
-0.223079
-0.0349236
0.258592
0.158922
0.0520911
-0.0087309
-0.114385
-0.11409
-0.203754
-0.32167
-0.200124
-0.0203067
-0.0512082
-0.190608
-0.521205
-0.691409
-0.818154
-0.864555
-0.88496
-1.28668
-1.75609
-2.09993
-1.85723
-1.49171
-1.3423
-1.04055
-0.644321
-0.0891729
0.737614
1.00052
0.624799
0.327752
0.112619
0.365521
0.445276
0.326084
0.234753
0.601549
0.808344
0.758803
0.304895
0.0836793
0.139596
-0.367483
-0.59223
-0.325692
0.600078
1.1308
1.29875
1.25852
1.0378
0.98257
1.1206
1.11324
0.931067
1.04545
0.990712
0.580065
0.362578
0.355318
0.0711225
-0.246035
-0.874365
-1.47425
-1.58775
-1.487
-1.42441
-0.911251
-0.29793
0.243386
0.305974
0.102613
-0.0010791
-0.516693
-0.96187
-0.986199
-1.22959
-1.43422
-1.57392
-1.70616
-1.4975
-1.22164
-1.20869
-0.926456
-0.673751
-0.673751
-0.403976
-0.13371
-0.225728
-0.561328
-0.832869
-1.01847
-1.34368
-1.65671
-1.81357
-1.50809
-0.597233
0.155194
0.522186
0.812857
0.836891
0.792942
0.667472
0.371112
0.473332
0.927339
1.17043
1.21899
0.730747
-0.304208
-1.10843
-1.32592
-1.20585
-1.26176
-0.698178
0.223079
0.776363
0.817663
0.847584
0.943133
0.794806
0.903109
1.36143
1.24165
0.800398
0.943232
1.16258
1.14071
1.39577
1.32209
0.195906
-0.800104
-0.701219
-0.247114
0.234655
0.031392
0.131944
0.036297
-0.251234
-0.374938
0.155292
0.457342
0.416925
0.466171
0.570648
0.638827
0.390929
0.128511
0.162257
0.0708282
0.0613125
0.247114
0.458716
1.09019
1.29531
1.03446
0.888492
0.87103
0.747522
0.917137
1.0587
1.02681
0.775579
0.301167
-0.0106929
-0.149995
-0.213269
-0.399659
-0.59429
-0.534645
-0.263202
-0.16471
-0.323141
-0.50649
-0.563879
-0.426245
-0.512867
-0.846309
-1.23302
-1.07076
-0.448709
-0.304404
-0.103201
-0.0159903
-0.142343
-0.367188
-0.532192
-0.460187
-0.306857
-0.294987
-0.18021
-0.22406
-0.0789705
0.312449
0.547987
0.240247
-0.182564
0.141166
0.596448
1.07272
1.40793
1.15886
0.731532
0.934501
1.18711
1.38468
1.32602
1.09744
0.741538
0.44763
0.246623
0.17609
0.40015
0.606356
0.627546
0.537098
0.542297
0.601549
0.54112
0.252117
0.0302148
0.0220725
-0.129688
-0.205127
-0.369445
-0.48226
-0.19257
0.407998
0.87515
1.23214
1.39322
1.38625
1.11981
0.912036
1.25617
1.53085
1.53399
1.27805
0.65315
0.310781
0.253588
0.343252
0.56486
0.419083
-0.0536607
-0.323141
-0.287629
-0.0844641
-0.169124
-0.874365
-1.47474
-1.80651
-1.52261
-0.878093
-0.504626
-0.444001
-0.443706
-0.226905
-0.105752
-0.306366
-0.243582
-0.0257022
-0.0221706
-0.256139
-0.335698
-0.31961
-0.227003
0.0574866
0.144305
0.0427716
-0.116347
-0.166279
-0.170596
-0.191295
-0.191295
-0.361106
-0.715443
-0.980215
-0.702396
-0.451947
-0.688466
-0.470488
-0.202086
0.196789
0.389849
0.0425754
-0.48069
-0.658741
-0.789999
-0.824138
-0.602334
-0.37435
-0.11409
0.0773028
0.59478
1.01534
0.785977
0.126353
-0.251332
-0.409862
-0.793727
-1.22095
-1.24597
-0.92371
-0.375036
-0.137634
-0.262221
-0.328243
-0.248978
-0.118309
-0.11409
-0.154115
0.16314
0.502174
0.827473
1.10431
1.15483
1.02671
0.990712
0.857492
0.640201
0.35679
-0.119093
-0.621856
-0.879859
-0.945488
-1.09862
-1.30041
-1.47395
-1.46826
-1.18564
-0.535037
0.0013734
0.10585
0.258297
0.668551
0.874954
0.445276
-0.431836
-0.731532
-0.705143
-0.490598
-0.279683
-0.134789
0.182564
0.540531
0.610771
0.475687
0.238383
-0.0682776
-0.370033
-0.602138
-0.645792
-0.432817
-0.182172
-0.0760275
-0.250744
-0.585657
-0.646577
-0.222785
0.170007
-0.0144207
0.0132435
0.218076
0.166476
-0.0573885
-0.156371
-0.275857
-0.33923
-0.52768
-0.571334
-0.521009
-0.509728
-0.412707
-0.167751
-0.0624897
-0.241228
-0.426735
-0.525129
-0.495307
-0.509531
-0.653935
-0.724665
-0.608612
-0.359144
-0.410058
-0.417121
-0.0766161
0.0512082
-0.109676
-0.348745
-0.561426
-0.556717
-0.475785
-0.406036
-0.0562113
0.402014
0.297047
0.0577809
0.0246231
0.112226
0.291455
0.600274
1.03692
1.48769
1.68448
1.59805
1.45992
1.73833
2.07913
2.25856
2.32517
2.26523
2.16203
1.92884
1.51986
1.14345
0.735554
0.359929
0.213269
0.008829
-0.277525
-0.641868
-0.932931
-1.10784
-1.38488
-1.66378
-1.70841
-1.56107
-1.25077
-0.763512
-0.43321
-0.295673
-0.275072
-0.0862299
0.480592
1.23066
1.94503
2.4213
2.53441
2.24217
1.68634
1.39145
1.31268
1.08871
0.589189
-0.0200124
-0.385925
-0.495699
-0.486086
-0.589385
-0.664922
-0.530034
-0.355024
-0.168732
-0.243779
-0.545828
-0.794414
-1.10343
-1.29835
-1.37664
-1.43501
-1.60207
-1.62738
-1.44609
-1.05065
-0.698276
-0.619011
-0.734278
-0.62735
-0.438311
-0.397305
-0.29273
-0.178934
-0.244858
-0.491187
-0.811189
-0.986297
-0.932735
-0.707007
-0.792844
-0.955298
-0.940092
-0.812759
-0.625387
-0.360321
-0.149406
-0.167359
-0.299892
-0.296949
-0.0373761
0.240836
0.305385
0.371505
0.473038
0.588208
0.61754
0.579771
0.615087
0.735063
0.829926
0.82355
0.87721
0.848761
0.448317
0.130179
0.0970209
0.129786
0.228965
0.232889
0.204146
0.0180504
-0.226415
-0.236029
-0.0675909
0.171773
0.262908
0.0991791
-0.0933912
-0.239658
-0.180798
0.151074
0.411628
0.609103
0.70269
0.615087
0.452633
0.225826
0.0975114
-0.0109872
0.176776
0.595369
0.620581
0.461462
0.432621
0.474019
0.419574
0.428403
0.473431
0.547398
0.603511
0.554559
0.192276
-0.226219
-0.207776
0.119878
0.40996
0.534645
0.600961
0.940288
1.41872
1.68173
1.53085
0.977174
0.339917
-0.260652
-0.887903
-1.17553
-1.0634
-0.854157
-0.781955
-0.834635
-0.880251
-0.882115
-0.833752
-0.650207
-0.440175
-0.206206
0.0375723
0.434583
0.862888
1.12481
1.04722
0.754683
0.57104
0.555835
0.564173
0.555344
0.524933
0.460481
0.387691
0.219057
-0.0142245
-0.0602334
0.020601
0.0630783
0.03924
-0.110755
-0.417906
-0.831299
-1.21448
-1.42961
-1.53193
-1.51172
-1.48935
-1.57607
-1.4868
-1.16572
-0.822863
-0.756449
-0.818056
-0.839736
-0.897909
-0.973054
-0.929301
-0.694352
-0.486478
-0.252706
-0.0921159
-0.143422
-0.225728
-0.252509
-0.403485
-0.634609
-0.826689
-0.888884
-0.911741
-0.86946
-0.856609
-0.856315
-0.754487
-0.457637
-0.0957456
0.233772
0.617049
0.929694
1.07331
1.13335
1.14561
0.811778
0.35728
0.237402
0.16834
0.0348255
-0.192865
-0.297047
-0.235538
-0.0325692
0.253392
0.463424
0.765278
1.09038
1.24783
1.13364
0.606945
0.216997
0.0769104
0.108989
0.352866
0.47912
0.520813
0.650795
0.837872
1.1412
1.35888
1.24842
0.982668
0.764395
0.626761
0.654523
0.783917
0.935384
0.847388
0.506294
0.204833
0
-0.152644
-0.318335
-0.490304
-0.467937
-0.372093
-0.288022
-0.29842
-0.229848
0.0567999
0.137634
0.0317844
0.0350217
0.136751
0.0916254
-0.096138
-0.36248
-0.630979
-0.847878
-1.02956
-1.03339
-0.821097
-0.492854
-0.320885
-0.299794
-0.381119
-0.4234
-0.570059
-0.828356
-0.994243
-1.08528
-1.11971
-1.14502
-1.23243
-1.30169
-1.31738
-1.33593
-1.30522
-1.07988
-0.654327
-0.379941
-0.203852
-0.113992
0.0415944
0.160786
0.220921
0.342173
0.45538
0.477158
0.453713
0.458127
0.41771
0.462149
0.568784
0.583499
0.654033
0.755272
0.728
0.649716
0.608809
0.444393
0.30254
0.267224
0.237991
0.318825
0.514044
0.744481
0.850331
0.921159
0.974133
0.874561
0.596644
0.383963
0.323632
0.339818
0.393185
0.518655
0.705535
0.766161
0.728785
0.58242
0.351689
0.10634
-0.0733788
-0.204931
-0.294987
-0.278408
-0.291651
-0.26124
-0.173539
-0.226121
-0.343644
-0.420947
-0.392498
-0.264085
-0.189235
-0.214348
-0.314018
-0.500702
-0.693469
-0.949314
-1.16484
-1.19721
-1.03044
-0.882998
-0.801379
-0.812268
-0.883979
-0.976291
-1.07773
-1.12128
-1.06252
-0.872403
-0.69033
-0.574179
-0.489421
-0.407213
-0.447434
-0.562309
-0.635492
-0.621758
-0.567018
-0.329224
-0.0393381
0.0872109
0.122036
0.164808
0.246525
0.351394
0.510414
0.643438
0.684836
0.720839
0.745658
0.737712
0.731728
0.764886
0.74144
0.594388
0.434877
0.426343
0.558974
0.786958
0.982373
1.06174
1.07665
1.02318
0.914488
0.779699
0.636767
0.535037
0.487459
0.474902
0.424871
0.230927
-0.053955
-0.382786
-0.638337
-0.605866
-0.353356
-0.137438
0.0634707
0.279193
0.365815
0.390732
0.279879
-0.0623916
-0.435662
-0.51787
-0.312056
-0.0013734
0.156568
0.0567018
-0.197279
-0.353356
-0.326379
-0.220725
-0.130669
-0.0410058
-0.0269775
-0.155587
-0.379941
-0.537294
-0.605179
-0.572806
-0.39034
-0.0790686
0.185899
0.47039
0.694254
0.912821
1.01455
0.912919
0.86534
0.888688
0.90821
0.88702
0.873286
0.884371
0.76312
0.548575
0.319904
0.181093
0.204833
0.213073
0.128805
0.116445
0.236519
0.289199
0.192374
0.0408096
-0.0513063
-0.104084
-0.152742
-0.13116
-0.115856
-0.0988848
-0.118701
-0.194925
-0.312939
-0.415061
-0.482456
-0.467054
-0.415257
-0.400444
-0.478728
-0.566724
-0.616853
-0.585265
-0.575455
-0.645694
-0.701611
-0.779797
-0.846309
-0.875641
-0.806578
-0.659624
-0.544259
-0.428206
-0.274876
-0.108989
-0.0354141
-0.0972171
-0.206697
-0.313233
-0.286256
-0.0884862
0.110166
0.235146
0.323926
0.255551
0.147052
0.0762237
-0.0397305
-0.11615
-0.106242
-0.0057879
0.135574
0.149014
0.0852489
-0.0751446
-0.228082
-0.344625
-0.482456
-0.567018
-0.596939
-0.632647
-0.718484
-0.842777
-0.918412
-0.963734
-0.973741
-0.936266
-0.840226
-0.675615
-0.583106
-0.566037
-0.564958
-0.570255
-0.600666
-0.53749
-0.394754
-0.28449
-0.196298
-0.0298224
0.125274
0.196102
0.205421
0.198653
0.207383
0.281645
0.404564
0.505215
0.535135
0.433308
0.265655
0.165495
0.0992772
0.0848565
0.055917
0.0287433
0.07848
0.155587
0.267323
0.417514
0.562505
0.628036
0.603609
0.577711
0.607337
0.687975
0.772636
0.845426
0.902618
0.913605
0.949019
1.02514
1.06115
1.0587
1.01426
0.875052
0.710735
0.585068
0.507962
0.481082
0.475883
0.403387
0.250449
0.170694
0.240051
0.360027
0.434191
0.424675
0.428893
0.428501
0.334619
0.28243
0.269284
0.196004
0.138517
0.150584
0.193453
0.215624
0.210032
0.184232
0.115954
-0.0144207
-0.0600372
-0.0527778
-0.0444393
-0.0212877
-0.0051993
0.0212877
0.115562
0.226219
0.284686
0.365128
0.445766
0.488832
0.437526
0.389653
0.35679
0.356103
0.381903
0.354828
0.282136
0.267421
0.216016
0.0921159
0.0093195
-0.0207972
-0.0749484
-0.0957456
-0.0737712
0.0428697
0.175109
0.221412
0.183643
0.104476
-0.0085347
-0.0910368
-0.139989
-0.200124
-0.295673
-0.357771
-0.344822
-0.236519
-0.151957
-0.191785
-0.287237
-0.399169
-0.51375
-0.648343
-0.789018
-0.889865
-0.960791
-0.971877
-0.876033
-0.64746
-0.378764
-0.150878
0.0600372
0.263104
0.45744
0.588208
0.558091
0.397697
0.183839
0.0347274
-0.0797553
-0.169026
-0.190216
-0.166966
-0.135967
-0.105654
0.010791
0.19983
0.334423
0.367188
0.305091
0.289101
0.310486
0.264674
0.244956
0.216703
0.15127
0.0928026
0.0746541
0.0778914
0.0206991
-0.0385533
-0.072594
-0.19777
-0.426735
-0.634511
-0.803145
-0.929203
-0.989829
-0.967168
-0.905463
-0.812268
-0.737712
-0.728981
-0.682187
-0.560347
-0.528072
-0.48275
-0.351394
-0.196985
-0.0642555
0.0409077
0.120957
0.185507
0.249566
0.344527
0.414276
0.433504
0.424577
0.476177
0.554755
0.609888
0.600764
0.50806
0.409666
0.342565
0.20238
0.0223668
-0.0888786
-0.169419
-0.219253
-0.25094
-0.272718
-0.25349
-0.185703
-0.129001
-0.0838755
-0.036297
0.0209934
0.141755
0.290376
0.353847
0.320493
0.183251
-0.0499329
-0.227886
-0.283509
-0.297341
-0.291161
-0.277034
-0.2633
-0.229946
-0.257414
-0.342859
-0.462541
-0.580752
-0.677381
-0.69651
-0.721035
-0.776462
-0.845622
-0.821097
-0.697295
-0.596742
-0.468231
-0.309015
-0.219548
-0.18845
-0.125274
-0.0932931
-0.1239
-0.146365
-0.149406
-0.17658
-0.149406
0.0243288
0.172165
0.15902
0.0688662
0.0389457
0.0611163
0.105359
0.192472
0.254079
0.276838
0.305483
0.35934
0.459697
0.528072
0.552597
0.545142
0.515516
0.515025
0.546809
0.561034
0.565546
0.531604
0.510905
0.532291
0.601157
0.658447
0.667669
0.611752
0.509728
0.404859
0.359536
0.293613
0.146856
0.0435564
0.0617049
0.163238
0.253392
0.314607
0.360321
0.42546
0.444393
0.453026
0.449396
0.444589
0.409567
0.36091
0.339524
0.368267
0.38416
0.396226
0.456067
0.507177
0.462836
0.39034
0.375036
0.384258
0.387887
0.392008
0.383179
0.395049
0.422222
0.441548
0.423596
0.381511
0.32579
0.217782
0.0978057
0.0328635
-0.0171675
-0.0205029
0.0120663
-0.0256041
-0.0952551
-0.208757
-0.222785
-0.15127
-0.0767142
-0.0016677
0.10585
0.175795
0.207776
0.202184
0.16883
0.139498
0.0211896
-0.147641
-0.197573
-0.17246
-0.15647
-0.134495
-0.159413
-0.191491
-0.278408
-0.402799
-0.524541
-0.576926
-0.578201
-0.554559
-0.54367
-0.573591
-0.602628
-0.654523
-0.731728
-0.787645
-0.777148
-0.78843
-0.870539
-0.931165
-0.947842
-0.908308
-0.841796
-0.80805
-0.805499
-0.819135
-0.800692
-0.725744
-0.640691
-0.600078
-0.609201
-0.660115
-0.679931
-0.681501
-0.637061
-0.566626
-0.514142
-0.479905
-0.456852
-0.44302
-0.455871
-0.49099
-0.514731
-0.482652
-0.436251
-0.421438
-0.383277
-0.338936
-0.237206
-0.146169
-0.0924102
-0.0664137
-0.0659232
-0.0839736
-0.0643536
-0.0408096
-0.0236421
-0.0320787
-0.05886
-0.0538569
-0.0336483
-0.0189333
-0.0154998
-0.0144207
0.0263889
0.116249
0.261437
0.4079
0.507766
0.572119
0.613419
0.634707
0.655995
0.687092
0.693665
0.691605
0.7435
0.797063
0.848859
0.892612
0.920963
0.90409
0.829926
0.736535
0.675124
0.598704
0.497269
0.435564
0.426245
0.450671
0.462836
0.438213
0.413786
0.39397
0.382492
0.374546
0.385631
0.412903
0.458323
0.489323
0.488538
0.481181
0.45901
0.403387
0.293123
0.169026
0.0553284
-0.0642555
-0.174127
-0.274091
-0.330989
-0.354631
-0.33354
-0.27674
-0.147346
-0.0106929
0.076518
0.130081
0.14558
0.135182
0.115758
0.0877014
0.0660213
0.0554265
0.0567999
0.065727
0.0787743
0.0713187
0.0718092
0.106537
0.145384
0.161963
0.141166
0.119486
0.12341
0.147641
0.130081
0.0865242
0.0281547
0.016677
0.0220725
0.0401229
0.0621954
0.0746541
0.089271
0.103594
0.094176
0.0787743
0.0655308
0.0658251
0.066708
0.0509139
0.0136359
-0.0084366
-0.0110853
-0.0374742
-0.101141
-0.178738
-0.227298
-0.222
-0.189039
-0.16883
-0.181976
-0.198162
-0.212485
-0.248193
-0.310192
-0.352866
-0.367385
-0.376802
-0.395932
-0.409666
-0.412118
-0.409077
-0.395245
-0.377881
-0.357673
-0.336385
-0.317157
-0.29842
-0.296556
-0.295968
-0.284392
-0.281253
-0.295772
-0.32991
-0.35934
-0.384748
-0.407704
-0.409567
-0.403682
-0.399856
-0.393185
-0.376213
-0.364834
-0.35885
-0.357869
-0.361499
-0.362774
-0.360616
-0.353454
-0.332167
-0.293123
-0.26124
-0.249076
-0.239266
-0.236813
-0.238187
-0.231614
-0.206893
-0.170204
-0.157254
-0.163435
-0.168928
-0.16059
-0.152938
-0.141951
-0.134103
-0.126941
-0.115464
-0.0968247
-0.0801477
-0.0577809
-0.0455184
-0.0397305
-0.0453222
-0.0468918
-0.0511101
-0.0508158
-0.0361008
-0.0159903
-0.0010791
0.007848
0.0202086
0.0363951
0.0606258
0.0977076
0.136359
0.175697
0.21582
0.24319
0.25712
0.26693
0.275759
0.276348
0.267911
0.267617
0.274189
0.285961
0.301756
0.314803
0.318433
0.315588
0.308623
0.301461
0.295281
0.295772
0.301069
0.304797
0.303816
0.304895
0.304699
0.306955
0.306464
0.302835
0.296262
0.292632
0.292044
0.294594
0.294791
0.294398
0.292927
0.292436
0.288414
0.280958
0.270069
0.261044
0.250842
0.241326
0.231418
0.220627
0.207776
0.197671
0.186684
0.176286
0.165298
0.15539
0.144305
0.133612
0.123998
0.114679
0.103397
0.0935874
0.0831888
0.0732807
0.0630783
0.0520911
0.0397305
0.0291357
0.0180504
0.0074556
-0.0043164
-0.0146169
-0.0258003
-0.0358065
-0.0463032
-0.0558189
-0.0656289
-0.073575
-0.0817173
-0.0887805
-0.0965304
-0.103201
-0.110755
-0.117328
-0.124195
-0.129884
-0.135869
-0.140675
-0.145875
-0.150093
-0.155194
-0.159413
-0.164219
-0.167947
-0.172165
-0.175109
-0.178542
-0.180995
-0.183839
-0.185605
-0.187763
-0.188941
-0.190608
-0.191099
-0.19208
-0.191884
-0.192178
-0.191197
-0.190804
-0.189235
-0.188254
-0.186096
-0.184428
-0.181681
-0.179327
-0.175991
-0.173048
-0.169124
-0.165789
-0.161375
-0.157549
-0.152742
-0.148523
-0.143324
-0.138713
-0.133122
-0.128119
-0.122233
-0.117033
-0.110853
-0.105359
-0.0989829
-0.0933912
-0.0868185
-0.0810306
-0.0744579
-0.0685719
-0.0619011
-0.0560151
-0.0492462
-0.0433602
-0.0366894
-0.0308034
-0.0242307
-0.0184428
-0.0118701
-0.007848
-0.0013734
0.0042183
0.0104967
0.0158922
0.0219744
0.0270756
0.0328635
0.0377685
0.0432621
0.0478728
0.0530721
0.0572904
0.0621954
0.0661194
0.070632
0.0741636
0.0782838
0.0815211
0.0852489
0.0879957
0.0914292
0.0937836
0.0967266
0.0986886
0.101239
0.102809
0.104967
0.106046
0.107812
0.108499
0.109872
0.110166
0.111147
0.111049
0.111638
0.111147
0.111343
0.110559
0.110363
0.109185
0.108597
0.107125
0.106242
0.104476
0.103299
0.101141
0.0996696
0.0973152
0.0955494
0.0929007
0.0909387
0.0880938
0.0859356
0.0828945
0.0805401
0.0772047
0.0747522
0.0713187
0.06867
0.0651384
0.0623916
0.0587619
0.055917
0.0521892
0.0493443
0.0456165
0.0426735
0.0388476
0.0359046
0.0321768
0.0292338
0.025506
0.022563
0.0188352
0.0159903
0.0124587
0.0096138
0.0060822
0.0034335
0
-0.0025506
-0.005886
-0.0082404
-0.0114777
-0.013734
-0.0167751
-0.0189333
-0.0217782
-0.0237402
-0.0263889
-0.0281547
-0.0307053
-0.0322749
-0.0346293
-0.0360027
-0.0380628
-0.0393381
-0.041202
-0.0422811
-0.0439488
-0.0448317
-0.0463032
-0.0468918
-0.0482652
-0.0486576
-0.0497367
-0.0499329
-0.0509139
-0.0509139
-0.0516987
-0.0515025
-0.0520911
-0.0516987
-0.0520911
-0.0516006
-0.0517968
-0.0511101
-0.0511101
-0.0503253
-0.0502272
-0.0492462
-0.0489519
-0.0478728
-0.0474804
-0.0462051
-0.0457146
-0.0444393
-0.0437526
-0.0423792
-0.0416925
-0.0401229
-0.0393381
-0.0376704
-0.0368856
-0.0351198
-0.0342369
-0.0324711
-0.0315882
-0.0297243
-0.0287433
-0.0269775
-0.0258984
-0.0241326
-0.0230535
-0.0211896
-0.0202086
-0.0183447
-0.0173637
-0.0154998
-0.0145188
-0.0126549
-0.0116739
-0.0099081
-0.0089271
-0.0071613
-0.0062784
-0.0046107
-0.0037278
-0.0020601
-0.0012753
0.0002943
0.0010791
0.0026487
0.0033354
0.0048069
0.0053955
0.0067689
0.0073575
0.0086328
0.0091233
0.0103986
0.010791
0.0119682
0.0122625
0.0133416
0.0135378
0.0146169
0.014715
0.015696
0.0157941
0.0165789
0.0165789
0.0173637
0.0173637
0.0180504
0.0178542
0.0185409
0.0182466
0.0188352
0.0185409
0.0190314
0.018639
0.0191295
0.0187371
0.0190314
0.0185409
0.0188352
0.0183447
0.018639
0.0180504
0.0182466
0.0175599
0.0177561
0.0170694
0.0171675
0.0164808
0.0165789
0.0157941
0.0158922
0.0151074
0.0151074
0.0143226
0.0143226
0.0134397
0.0134397
0.0126549
0.0125568
0.011772
0.0116739
0.010791
0.010791
0.0099081
0.00981
0.0089271
0.0089271
0.0080442
0.0079461
0.0071613
0.0070632
0.0061803
0.0061803
0.0052974
0.0052974
0.0044145
0.0044145
0.0036297
0.0036297
0.0028449
0.0028449
0.0020601
0.0020601
0.0012753
0.0013734
0.0005886
0.0006867
0
9.81e-05
-0.0005886
-0.0004905
-0.0011772
-0.0010791
-0.0016677
-0.0015696
-0.0021582
-0.001962
-0.0025506
-0.0023544
-0.002943
-0.0027468
-0.0032373
-0.0030411
-0.0035316
-0.0032373
-0.0038259
-0.0035316
-0.0040221
-0.0036297
-0.0041202
-0.0038259
-0.0042183
-0.003924
-0.0043164
-0.003924
-0.0044145
-0.003924
-0.0044145
-0.003924
-0.0043164
-0.003924
-0.0043164
-0.0038259
-0.0042183
-0.0037278
-0.0041202
-0.0036297
-0.0040221
-0.0035316
-0.0038259
-0.0033354
-0.0037278
-0.0032373
-0.0035316
-0.0030411
-0.0033354
-0.0028449
-0.0031392
-0.0026487
-0.002943
-0.0024525
-0.0027468
-0.0022563
-0.0025506
-0.0020601
-0.0023544
-0.0018639
-0.0021582
-0.0016677
-0.001962
-0.0013734
-0.0016677
-0.0011772
-0.0014715
-0.000981
-0.0012753
-0.0007848
-0.0010791
-0.0005886
-0.000981
-0.0003924
-0.0007848
-0.0002943
-0.0005886
-9.81e-05
-0.0003924
9.81e-05
-0.0002943
0.0001962
-9.81e-05
0.0002943
0
0.0004905
9.81e-05
0.0005886
0.0001962
0.0006867
0.0002943
0.0007848
0.0003924
0.0008829
0.0004905
0.000981
0.0005886
0.000981
0.0006867
0.0010791
0.0006867
0.0011772
0.0007848
0.0011772
0.0007848
0.0011772
0.0007848
0.0012753
0.0008829
0.0012753
0.0008829
0.0012753
0.0008829
0.0012753
0.0008829
0.0012753
0.0008829
0.0012753
0.0008829
0.0012753
0.0008829
0.0012753
0.0008829
0.0012753
0.0007848
0.0011772
0.0007848
0.0011772
0.0007848
0.0011772
0.0007848
0.0011772
0.0006867
0.0010791
0.0006867
0.0010791
0.0006867
0.0010791
0.0006867
0.000981
0.0005886
0.000981
0.0005886
0.000981
0.0005886
0.000981
0.0004905
0.0008829
0.0004905
0.0008829
0.0004905
0.0008829
0.0003924
0.0007848
0.0003924
0.0007848
0.0003924
0.0007848
0.0003924
0.0007848
0.0002943
0.0006867
0.0002943
0.0006867
0.0002943
0.0006867
0.0002943
0.0006867
0.0001962
0.0005886
0.0001962
0.0005886
0.0001962
0.0005886
0.0001962
0.0005886
0.0001962
0.0005886
0.0001962
0.0005886
0.0001962
0.0005886
9.81e-05
0.0005886
9.81e-05
0.0004905
9.81e-05
0.0004905
9.81e-05
0.0004905
9.81e-05
0.0004905
9.81e-05
0.0004905
9.81e-05
0.0004905
9.81e-05
0.0004905
9.81e-05
0.0004905
9.81e-05
0.0004905
9.81e-05
0.0004905
9.81e-05
0.0004905
9.81e-05
0.0004905
9.81e-05
0.0004905
9.81e-05
0.0004905
9.81e-05
0.0004905
9.81e-05
0.0004905
9.81e-05
0.0004905
9.81e-05
0.0004905
9.81e-05
0.0004905
9.81e-05
0.0005886
9.81e-05
0.0005886
9.81e-05
0.0005886
0.0001962
0.0005886
0.0001962
0.0005886
0.0001962
0.0005886
0.0001962
0.0005886
0.0001962
0.0005886
0.0001962
0.0005886
0.0001962
0.0005886
0.0001962
0.0005886
0.0001962
0.0005886
0.0001962
0.0005886
0.0001962
0.0005886
0.0001962
0.0005886
0.0001962
0.0005886