0.00108
0.0016677
-0.0022563
0.0020601
-0.0033354
-0.0007848
0.0004905
-0.0004905
0.00167
0.0006867
-0.0008829
0.0016677
0.0003924
-0.0005886
-0.0018639
-0.0021582
0.0016677
-0.0015696
-0.0004905
0.0006867
0.0002943
0.0014715
0.000981
-0.0016677
0.0018639
-0.0015696
-0.0014715
-0.0033354
0.0015696
-0.0002943
-0.0001962
-0.0015696
0.0006867
-0.0001962
0.0021582
0.0003924
-0.0016677
-0.0021582
-0.0007848
-0.000294
0.000196
-0.0006867
0.0020601
-0.0006867
-0.000294
0.0010791
0.00118
0
0.0003924
0.0010791
0.0017658
-0.00137
-0.0028449
0.0002943
-0.0018639
-0.0015696
-0.0015696
-0.001962
0.000981
-0.000196
-0.000981
0.0008829
-0.0007848
0.0007848
0.0006867
-0.000196
-9.81e-05
0
-0.000392
-0.000883
-0.0001962
-9.81e-05
-0.0006867
9.81e-05
0.0002943
-0.0023544
0.0005886
-0.0003924
-0.000589
0.00108
0.0014715
-0.000491
-0.000981
-0.0008829
-0.00314
-0.0005886
-0.000981
0
-0.0001962
-0.0010791
-0.0015696
0.0008829
0.00108
0.0006867
-0.00206
0
0.0007848
0.000687
0.00157
0.00186
-0.000981
-0.0025506
-9.81e-05
-0.0011772
-0.001962
-0.00157
-0.000392
0.0020601
-0.0011772
-0.00137
-0.0024525
-0.00118
-0.000981
-0.0012753
-0.0011772
-0.0012753
-0.0007848
0.000392
-0.00304
-0.0017658
-0.0011772
-0.00343
0.000883
-0.00186
-0.00147
-0.00108
-0.00294
-0.0030411
-0.0016677
-0.000196
-0.00128
0.0011772
-0.0021582
-9.81e-05
0.0020601
0.004905
-0.0006867
0.0002943
-0.0040221
-0.0004905
0.0034335
0.00294
-0.00206
-0.0042183
-0.00226
0.0031392
-0.0017658
-0.007848
-0.0128
-0.0010791
-0.0118701
-0.00716
-0.0074556
-0.00255
-0.0016677
0.0010791
0.0033354
0.0132435
0.0089271
0.00746
0.00245
-0.000589
-0.00343
0.0010791
-0.0205
-0.0162
-0.00755
-0.00824
-0.0122
-0.0133416
-0.012
-0.0074556
-0.00324
-0.00334
-0.00755
-0.0043164
0.00402
0.00598
0.0021582
-0.0071613
-0.0006867
0.0006867
-0.005886
-0.0062784
-0.0043164
-0.0059841
0.001962
-0.0005886
0.0070632
0.0187371
0.0126549
-0.0014715
-0.00226
9.81e-05
-0.0042183
-0.0158922
-0.0336483
-0.0268794
-0.0050031
-0.0084366
-0.0202086
-0.001962
0.00579
0.022563
0.0219744
0.0129
0.0017658
0.0064746
-0.0026487
-0.0185409
-0.0303129
-0.0401229
-0.0258984
-0.0157941
-0.0177561
-0.0075537
0.0054936
-0.0004905
0.0032373
0.0143
0.0066708
-0.0145
-0.0189333
0.00128
0.0106
0.0150093
-0.0035316
-0.0060822
-0.004905
-9.81e-05
-0.0085347
-0.00196
-0.010791
-0.0114777
-0.0002943
-0.005886
0.0047088
0.0261
0.0388
0.0408096
0.0355
0.0138321
-0.00167
-0.00608
-0.00853
-0.0152055
-0.0348255
-0.0456165
-0.0254
0.0061803
0.0254079
0.0215
0.0312
0.0183
0.00579
-0.00618
-0.0299
-0.038
-0.0258003
-0.0330597
-0.0241326
-0.0162846
0.0026487
0.0381
0.0857394
0.08
0.0610182
0.0197
-0.0053
0.0027468
-0.0272
-0.0565056
-0.0426
-0.00549
-0.0129
-0.0387
-0.0128
0.0240345
0.0401
0.0149112
-0.0276
-0.023
-0.0044145
-0.0169
-0.0319
-0.0230535
-0.0158
0.00451
0.0038259
0.00726
0.0277
0.003924
-0.0369837
-0.0651
-0.0826983
-0.0768123
-0.0251136
0.0402
0.0758313
0.0865242
0.0751
0.0611
0.0416925
0.0435564
0.051012
0.0478
0.00628
-0.0371799
-0.0384552
0.0109872
0.0634
0.069651
0.0177561
-0.0273
-0.0243
-0.0045126
0.0181485
0.0223668
0.0440469
0.0286
-0.01
-0.0248193
0.0113796
0.0156
-0.0119682
-0.0387
-0.0573
-0.0757
-0.0673
-0.0379647
-0.0269
-0.0582714
-0.0849546
-0.0737
-0.0227592
0.0114777
0.0443
0.0632745
0.0630783
0.038259
-0.0242
-0.0544455
-0.0111834
0.0410058
0.0464013
0.0245
0.00422
-0.0439
-0.0801
-0.0753
-0.0474
-0.0475
-0.0423
0.025506
0.131062
0.17089
0.175
0.163
0.0955494
0.0002943
-0.0337
-0.0417906
-0.0467937
-0.0612
-0.0935874
-0.109087
-0.0943
-0.071
-0.045
-0.0139302
-0.0130473
-0.03924
-0.0427
-0.0121644
0.0042183
-0.0134397
-0.0234
-0.0127
-0.0148
-0.014715
-0.006867
0.0229554
0.0507177
0.0596
0.0081423
-0.0242307
-0.037
-0.0273
0.0123
0.0758313
0.0690624
0.0383
0.0536
0.0987867
0.0803439
0.0499
0.0561132
0.0767
0.0668061
0.0383
0.0462
0.0709
0.0754389
0.0574
-0.0239
-0.136359
-0.165
-0.118995
-0.0902
-0.0987
-0.103397
-0.0823
-0.0623
-0.0401229
-0.013
0.0335502
0.0545436
0.0070632
-0.0391419
-0.0458127
-0.0515025
-0.0258003
0.00186
-0.0380628
-0.0938817
-0.140479
-0.163
-0.157647
-0.0943722
-0.0736
-0.0625
-0.0389
0.0130473
0.0751446
0.130865
0.135476
0.100651
0.0184
-0.0391419
-0.0286452
-0.0514044
-0.0792648
-0.0425754
-0.0196
-0.0486
-0.0281547
0.0565056
0.123
0.135
0.0999
0.0697
0.064
0.0671
0.0628
0.0525
0.0356
0.0381609
0.0181
-0.0354141
-0.0617
-0.0862299
-0.126
-0.16883
-0.196
-0.194
-0.141656
-0.0639612
-0.0066708
0.0198
0.0164
0.0143
0.0103
-0.0428697
-0.099081
-0.0731
-0.0409077
-0.0583695
-0.0588
0.00834
0.0921
0.095157
0.0558
0.0221
-0.0092214
-0.0056898
-0.00265
-0.0339426
-0.074556
-0.0523854
-0.0165789
0.0330597
0.0524
0.063765
0.0571923
0.0337464
0.005886
-0.0028449
0.000981
0.0387495
0.055917
0.0123606
-0.0261927
-0.0097119
-0.0163827
-0.022563
-0.0051993
-0.024525
-0.113698
-0.188254
-0.206697
-0.172656
-0.120467
-0.0940779
-0.0587619
-0.001962
0.0259965
0.0277623
0.0335502
0.0281547
0.0315882
0.0466956
0.0183447
0.0012753
0.0042183
0.012753
-0.0017658
-0.0375723
-0.10222
-0.104182
-0.101828
-0.0840717
-0.0204048
0.0424773
0.0671004
0.0964323
0.118897
0.138713
0.191785
0.25143
0.27105
0.227984
0.1652
0.0929988
0.0077499
-0.0493443
-0.0872109
-0.132926
-0.168536
-0.134986
-0.0205029
0.0989829
0.169517
0.19571
0.241326
0.292534
0.312939
0.238873
0.169026
0.0929988
-0.0377685
-0.188941
-0.269775
-0.284098
-0.251921
-0.173539
-0.0655308
0.0709263
0.207776
0.283509
0.31755
0.315097
0.274091
0.245054
0.226219
0.152742
0.0825021
-0.0565
-0.108106
-0.0300186
0.0731826
0.165593
0.279291
0.33972
0.317746
0.288218
0.254079
0.199633
0.124783
0.0541512
0.0268794
0.0622935
0.107812
0.124783
0.0203067
-0.0702396
-0.103594
-0.159118
-0.214152
-0.208561
-0.1084
-0.0334521
-0.0834831
-0.209836
-0.329322
-0.334619
-0.245054
-0.209345
-0.239364
-0.235832
-0.0406134
0.184036
0.261437
0.223668
0.229358
0.275367
0.268794
0.0987867
-0.154115
-0.344723
-0.432523
-0.535626
-0.668061
-0.724665
-0.689741
-0.599195
-0.505902
-0.405251
-0.210424
0.04905
0.250449
0.339622
0.351689
0.321768
0.24319
0.151564
0.0597429
-0.029
-0.120271
-0.17815
-0.214447
-0.215624
-0.141068
0.0502272
0.284392
0.358752
0.324613
0.360223
0.432621
0.485987
0.458127
0.316569
0.0996696
-0.10948
-0.305385
-0.481475
-0.564566
-0.51836
-0.464013
-0.431248
-0.372289
-0.222393
-0.0501291
0.138517
0.294987
0.419476
0.512572
0.625486
0.750661
0.810208
0.854745
0.825708
0.675615
0.411235
0.163435
-0.0779895
-0.268696
-0.342173
-0.357771
-0.453026
-0.547692
-0.653444
-0.775971
-0.781759
-0.697589
-0.585167
-0.501978
-0.433308
-0.325398
-0.259082
-0.207187
-0.156175
-0.0974133
-0.0981981
-0.0874071
-0.037278
0.0063765
0.0357084
0.0189333
-0.0693567
-0.164219
-0.156764
-0.0087309
0.114777
0.254471
0.386318
0.456165
0.534939
0.731924
0.851116
0.809816
0.62372
0.499231
0.381217
0.177463
-0.0381609
-0.216801
-0.377783
-0.498348
-0.437428
-0.264674
-0.0473823
0.226121
0.446944
0.576632
0.663941
0.675124
0.540531
0.242601
-0.0378666
-0.260946
-0.467937
-0.658153
-0.777344
-0.848565
-0.810208
-0.649814
-0.497563
-0.417906
-0.356397
-0.301069
-0.255943
-0.238579
-0.257022
-0.386612
-0.588109
-0.796376
-0.943035
-1.01946
-1.03397
-0.960105
-0.859258
-0.700728
-0.433994
-0.184134
0.044145
0.249468
0.424675
0.533566
0.60665
0.690624
0.729472
0.725842
0.652954
0.512278
0.324221
0.131062
-0.079461
-0.246918
-0.333638
-0.303129
-0.132043
0.100553
0.383375
0.667276
0.932637
1.15493
1.34073
1.46444
1.52869
1.51555
1.38753
1.21134
1.03702
0.901833
0.816781
0.71201
0.570942
0.469114
0.390046
0.298911
0.220921
0.202576
0.142735
0.0352179
-0.074556
-0.0827964
-0.0171675
0.103299
0.281253
0.439194
0.550243
0.61234
0.615087
0.48638
0.244073
-0.0321768
-0.321081
-0.624112
-0.918216
-1.14532
-1.30247
-1.43148
-1.55449
-1.65711
-1.72175
-1.70841
-1.61257
-1.53419
-1.48053
-1.47464
-1.52506
-1.60982
-1.64455
-1.66642
-1.6625
-1.60315
-1.41195
-1.10166
-0.735358
-0.347764
-0.0084366
0.250253
0.505509
0.718484
0.864457
0.96295
1.0946
1.29855
1.48484
1.69723
1.95229
2.19116
2.37706
2.49037
2.47977
2.44485
2.29946
2.14604
1.92237
1.59834
1.24312
0.850527
0.414374
-0.0446355
-0.481082
-0.836008
-1.17288
-1.39999
-1.50534
-1.34054
-1.16
-1.0585
-1.03378
-0.997775
-1.00915
-1.02514
-1.07851
-1.25077
-1.52212
-1.78395
-1.94601
-2.12426
-2.26297
-2.30653
-2.2665
-2.0237
-1.62042
-1.17073
-0.699061
-0.168143
0.396913
0.940092
1.44423
1.79817
1.96465
1.95072
1.81171
1.56577
1.26127
0.913115
0.663254
0.498937
0.371014
0.316765
0.433013
0.59792
0.712402
0.858081
0.996107
1.05536
0.964323
0.795297
0.635492
0.412511
0.220333
0.0903501
-0.0890748
-0.226611
-0.259278
-0.274974
-0.3046
-0.401229
-0.487
-0.595271
-0.650109
-0.596644
-0.559268
-0.591837
-0.637159
-0.640004
-0.706909
-0.751937
-0.688956
-0.520617
-0.408488
-0.345214
-0.309702
-0.246623
-0.245152
-0.29842
-0.320787
-0.336385
-0.353356
-0.367385
-0.31343
-0.227788
-0.0103005
0.263497
0.519243
0.685621
0.771556
0.754193
0.670415
0.554265
0.527288
0.562407
0.524835
0.452143
0.301363
0.169321
0.11978
0.131748
0.177561
0.193551
0.14715
0.0533664
-0.081423
-0.107321
0.0016677
0.11154
0.11978
0.104967
0.131062
0.155292
0.168143
0.164808
0.173539
0.150387
0.150485
0.181779
0.235734
0.270167
0.336287
0.446159
0.570255
0.686013
0.82973
1.00945
1.21968
1.44727
1.57804
1.45276
1.01681
0.479709
-0.149112
-0.815701
-1.36231
-1.57166
-1.31572
-0.691016
0.07848
0.862789
1.45266
1.67741
1.47562
0.934206
0.203263
-0.481769
-1.03986
-1.25028
-0.920865
-0.189039
0.709263
1.36693
1.48994
0.922631
-0.28243
-1.69615
-2.68323
-2.71472
-1.84997
-0.375723
1.25764
2.47055
2.87767
2.45407
1.50966
0.521401
-0.0145188
-0.071613
0.358065
0.949608
1.41941
1.53683
1.17465
0.51581
-0.158628
-0.733494
-1.02554
-1.01131
-0.725744
-0.319021
0.0551322
0.278506
0.39289
0.417023
0.369739
0.201596
0.080442
-0.0181485
-0.0942741
-0.167261
-0.187861
-0.131944
-0.113502
-0.101926
-0.0917235
-0.100847
-0.198162
-0.325103
-0.458716
-0.551126
-0.66502
-0.805597
-0.909976
-0.974133
-0.863869
-0.626761
-0.350315
-0.129492
0.0347274
0.206206
0.32579
0.362381
0.189431
-0.0681795
-0.404564
-0.675811
-0.90664
-1.09833
-1.22684
-1.30934
-1.31719
-1.22409
-1.13551
-0.95314
-0.650109
-0.113011
0.447728
0.775775
0.919491
0.976684
0.95569
0.83954
0.712304
0.587815
0.365128
0.166868
-0.013734
-0.094176
-0.1291
-0.126451
-0.202969
-0.247506
-0.162944
0.0269775
0.342663
0.613321
0.790196
0.862103
0.844837
0.673555
0.3769
0.0054936
-0.400444
-0.825511
-1.20751
-1.44962
-1.52428
-1.42216
-1.16729
-0.901833
-0.711715
-0.502272
-0.176384
0.202282
0.482652
0.627251
0.69445
0.652561
0.560838
0.371603
-0.0145188
-0.436251
-0.656976
-0.601255
-0.342075
-0.0641574
0.16883
0.281056
0.377783
0.67846
0.968836
1.07586
1.01612
0.873286
0.744873
0.661194
0.690722
0.809816
0.986199
1.17033
1.34976
1.48945
1.57627
1.64661
1.63513
1.48347
1.17426
0.719367
0.293908
-0.160099
-0.62009
-1.05408
-1.42667
-1.63072
-1.67211
-1.56254
-1.3527
-1.23645
-1.02927
-0.80805
-0.606062
-0.487557
-0.422811
-0.409273
-0.413688
-0.381609
-0.34492
-0.368562
-0.365619
-0.306268
-0.237402
-0.225434
-0.141951
0.0934893
0.46931
0.949412
1.38498
1.63444
1.65554
1.4147
1.18161
0.975997
0.747326
0.514829
0.213171
0.0418887
0.114679
0.413295
0.6764
0.837087
0.806676
0.679048
0.432719
0.0400248
-0.572904
-1.33642
-2.03754
-2.5195
-2.62388
-2.41915
-1.96965
-1.37801
-0.813347
-0.380432
-0.132043
-0.107518
-0.498054
-1.14198
-1.94287
-2.57395
-3.03757
-3.10526
-2.74229
-1.99947
-0.926751
0.328831
1.48406
2.33046
2.59455
2.24208
1.2596
0.0583695
-1.07655
-1.82711
-2.00899
-1.53762
-0.625093
0.532585
1.59962
2.35303
2.64066
2.40571
1.75746
0.919197
0.0042183
-0.763022
-1.19505
-1.18367
-0.957947
-0.617638
-0.321866
-0.212485
-0.224845
-0.415061
-0.657859
-0.865733
-1.012
-1.20555
-1.64082
-2.11209
-2.18783
-2.25463
-2.30241
-2.27533
-2.11082
-1.86184
-1.52045
-1.05026
-0.518753
-0.223962
-0.0748503
0.0311958
0.152055
0.238187
0.305385
0.331284
0.358948
0.417514
0.56692
0.740263
0.829043
0.80854
0.696216
0.495699
0.304012
0.0540531
-0.145875
-0.33923
-0.553774
-0.784211
-0.979332
-1.14326
-1.30748
-1.42363
-1.50181
-1.53536
-1.58118
-1.61267
-1.59903
-1.5332
-1.40666
-1.18269
-0.84984
-0.467152
-0.139204
0.107616
0.318236
0.514142
0.705633
0.859258
1.02622
1.09843
1.13492
1.10824
1.05624
1.02456
0.998462
0.993361
0.97325
0.961772
0.977861
1.02358
1.04143
1.00082
0.917824
0.770183
0.565546
0.327262
0.0807363
-0.185213
-0.342271
-0.399856
-0.349726
-0.225728
-0.0695529
0.0981
0.263104
0.475393
0.717503
0.928222
1.069
0.896634
0.582616
0.325594
0.166574
0.148916
0.165495
0.205225
0.353847
0.56486
0.87152
1.13305
1.3009
1.28099
1.05654
0.803733
0.553382
0.27262
-0.0216801
-0.287433
-0.507079
-0.681599
-0.826983
-0.878976
-0.888492
-0.934893
-1.00435
-1.03986
-1.02387
-0.926751
-0.722605
-0.454203
-0.189824
0.0537588
0.228475
0.363068
0.515712
0.692292
0.82561
0.956671
1.14973
1.4043
1.65936
1.88823
2.13603
2.35862
2.51617
2.53392
2.47801
2.32095
2.06265
1.75736
1.36604
0.949216
0.387397
-0.189627
-0.724076
-1.24509
-1.58961
-1.76815
-1.8382
-1.80681
-1.65828
-1.47739
-1.29992
-1.11059
-0.871226
-0.623327
-0.399561
-0.173931
0.0310977
0.240345
0.491775
0.798632
1.12462
1.45159
1.73568
1.97407
2.17282
2.39511
2.55855
2.63781
2.60887
2.51911
2.36293
2.1117
1.78777
1.39881
0.962361
0.466171
-0.0052974
-0.417808
-0.710636
-0.740851
-0.675124
-0.667472
-0.682972
-0.734769
-0.807854
-0.932048
-1.10264
-1.26049
-1.39165
-1.42117
-1.31935
-1.09431
-0.81629
-0.532094
-0.257218
-0.0063765
0.243092
0.505706
0.761354
0.957652
1.1152
1.24332
1.34034
1.36869
1.35133
1.26235
1.09744
0.834635
0.49099
0.122723
-0.210424
-0.448023
-0.646283
-0.820214
-0.951374
-0.976585
-0.959418
-0.899479
-0.824825
-0.715836
-0.583303
-0.478924
-0.463719
-0.545436
-0.744873
-0.946959
-1.07557
-1.12187
-1.09254
-1.00621
-0.900852
-0.780582
-0.620188
-0.45489
-0.304012
-0.230927
-0.201792
-0.246525
-0.280762
-0.291161
-0.228867
-0.143913
-0.122821
-0.194042
-0.31235
-0.493443
-0.656583
-0.811385
-0.933422
-1.03388
-1.10049
-1.13423
-1.16219
-1.17798
-1.16425
-1.14689
-1.07626
-0.929792
-0.709852
-0.466171
-0.159511
0.296851
0.752525
1.23165
1.57558
1.80533
1.9155
1.9156
1.84359
1.61365
1.33691
1.09136
0.846799
0.616068
0.342859
0.0237402
-0.229456
-0.360419
-0.350904
-0.226415
0.028449
0.272914
0.474608
0.601451
0.667963
0.684738
0.656878
0.579575
0.402308
0.203754
0.0634707
0.0041202
0.0177561
0.0775971
0.121742
0.130964
0.122625
0.159805
0.275563
0.418397
0.563585
0.662273
0.729962
0.7022
0.614106
0.434485
0.25506
0.0607239
-0.131356
-0.32373
-0.49619
-0.638239
-0.741146
-0.79304
-0.710244
-0.465288
-0.213171
-0.0092214
0.142735
0.249566
0.318531
0.315195
0.269579
0.187469
0.134005
0.0896634
0.0829926
0.0673947
-0.0584676
-0.203165
-0.344233
-0.461953
-0.579084
-0.646185
-0.674634
-0.667178
-0.604492
-0.573002
-0.505313
-0.476962
-0.54524
-0.671985
-0.874267
-1.14865
-1.47327
-1.80406
-2.06039
-2.29848
-2.45917
-2.51783
-2.46143
-2.23325
-1.79405
-1.19476
-0.462443
0.310585
1.08763
1.71126
2.14133
2.34145
2.30996
2.00909
1.4405
0.678558
-0.156666
-0.94176
-1.59128
-2.01272
-2.14329
-2.03106
-1.69183
-1.26971
-0.841011
-0.374644
0.0125568
0.230241
0.232693
-0.0197181
-0.445668
-0.864948
-1.15748
-1.34005
-1.33769
-1.14336
-0.701611
-0.0119682
0.840815
1.76649
2.69853
3.46705
3.97482
4.1926
4.22389
3.89231
3.37621
2.69942
1.93335
1.12472
0.419868
-0.148425
-0.630391
-0.993164
-1.15326
-1.13688
-0.960595
-0.688956
-0.378077
-0.171675
-0.182172
-0.387593
-0.642849
-0.810797
-0.874463
-0.865242
-0.796376
-0.628331
-0.357575
-0.0150093
0.297537
0.56329
0.770183
0.93038
1.05644
1.1306
1.17867
1.18201
1.12854
1.02112
0.88653
0.732415
0.517576
0.245642
-0.0012753
-0.167359
-0.256924
-0.275857
-0.229946
-0.157745
-0.0628821
0.0399267
0.182074
0.40839
0.647068
0.803733
0.82404
0.842875
0.862888
0.836204
0.787939
0.694057
0.618913
0.527876
0.453418
0.37641
0.243484
0.0407115
-0.246918
-0.607828
-0.973446
-1.30473
-1.5491
-1.69046
-1.69301
-1.59089
-1.40273
-1.1408
-0.792648
-0.45489
-0.173147
0.0103005
0.114777
0.0938817
0.0035316
-0.138713
-0.342663
-0.565448
-0.795199
-1.007
-1.15228
-1.20202
-1.14806
-1.05418
-0.951276
-0.898007
-0.842875
-0.785094
-0.692586
-0.565645
-0.368169
-0.144305
0.0404172
0.240541
0.463719
0.66865
0.816584
0.865929
0.809619
0.556325
0.0662175
-0.480101
-0.891435
-1.19976
-1.41656
-1.52241
-1.52075
-1.38517
-1.12589
-0.764395
-0.379255
-0.0974133
0.0454203
0.0805401
0.0259965
-0.0859356
-0.219646
-0.40015
-0.622739
-0.843268
-1.01288
-1.11147
-1.12825
-1.0995
-1.02201
-0.905561
-0.713089
-0.418102
-0.0762237
0.196298
0.353258
0.396226
0.369248
0.311075
0.24113
0.185409
0.149897
0.164514
0.21376
0.325888
0.48069
0.703377
0.973839
1.20692
1.30522
1.19192
0.87721
0.46725
-0.0027468
-0.494914
-0.885254
-1.05752
-0.84935
-0.322651
0.376704
1.04898
1.52408
1.67182
1.39214
0.730158
-0.075537
-0.682482
-0.842777
-0.592916
-0.062784
0.502664
0.824334
0.723978
0.224551
-0.43321
-0.956573
-1.11687
-0.833948
-0.206795
0.495601
0.922925
0.882311
0.386514
-0.19002
-0.380628
-0.0246231
0.809031
1.78944
2.43376
2.30094
1.38095
0.11929
-0.883979
-1.00651
-0.147739
1.14816
1.98898
1.60452
0.14303
-1.49328
-2.09914
-1.0896
0.966383
2.814
3.2579
2.12347
0.282626
-1.02024
-1.09107
-0.235048
0.652267
0.789803
0.218763
-0.536999
-1.10009
-1.203
-0.827866
-0.316765
0.0097119
0.0908406
0.0656289
0.0150093
0.0112815
0.0672966
0.167359
0.314214
0.450475
0.560249
0.625093
0.635296
0.642163
0.57467
0.446061
0.219352
-0.0415944
-0.31961
-0.563879
-0.808344
-0.988259
-1.0687
-1.07969
-1.13227
-1.37526
-1.77012
-1.87606
-1.28658
-0.247408
0.543082
0.491677
-0.465779
-1.30836
-1.45227
-1.34937
0.570844
3.6245
2.56738
-0.800104
-0.0310977
2.35038
1.76864
1.76992
2.85157
-0.337856
-0.0737712
0.701709
1.5232
0.363559
-1.72793
-1.00445
-0.202086
-1.27599
-1.34191
0.298714
-0.0734769
-0.0165789
-0.666884
0.316765
0.128217
0.798828
1.069
1.23145
1.12285
0.401916
0.582125
0.97943
1.71538
0.812562
1.01671
1.33534
1.40656
1.37173
0.736535
0.177953
0.420457
0.616166
-0.12341
-1.13973
-1.44629
-1.14061
-0.937149
-1.06429
-1.18191
-1.01906
-0.644713
-0.260946
0.0257022
0.246427
0.424773
0.560543
0.621758
0.549851
0.375625
0.136751
-0.095157
-0.277231
-0.403485
-0.475785
-0.498348
-0.488342
-0.438703
-0.379843
-0.302246
-0.19051
-0.0452241
0.12596
0.297243
0.471763
0.640887
0.819527
0.973741
1.10058
1.19192
1.20526
1.14728
1.0068
0.826394
0.62372
0.428795
0.17864
-0.124293
-0.499231
-0.837185
-1.04123
-1.12285
-1.05654
-0.941564
-0.775775
-0.572708
-0.357084
-0.116739
0.0877014
0.29999
0.449985
0.475589
0.401229
0.251332
0.0397305
-0.203656
-0.454007
-0.685523
-0.887707
-1.03152
-1.115
-1.11049
-0.986886
-0.731728
-0.345116
0.129786
0.663352
1.19515
1.66113
2.06726
2.37078
2.55933
2.60406
2.50057
2.26179
1.94267
1.50103
1.02671
0.528367
0.0429678
-0.412707
-0.795689
-1.12756
-1.3787
-1.57362
-1.6987
-1.74461
-1.71391
-1.6056
-1.41382
-1.13512
-0.787351
-0.394951
0.0057879
0.400738
0.783623
1.11893
1.38174
1.5437
1.61365
1.56931
1.41774
1.17131
0.825217
0.399954
-0.0574866
-0.555442
-1.06929
-1.54714
-1.98368
-2.33547
-2.59612
-2.76926
-2.84294
-2.824
-2.71502
-2.54677
-2.30663
-2.03842
-1.7194
-1.35329
-0.957064
-0.559661
-0.209836
0.0958437
0.345018
0.579967
0.765965
0.907229
0.977763
0.984335
0.911643
0.790686
0.638533
0.460383
0.253687
-0.0002943
-0.240345
-0.439488
-0.576436
-0.646773
-0.66296
-0.628134
-0.554069
-0.458519
-0.330989
-0.189725
-0.0258984
0.164219
0.342565
0.494816
0.600666
0.665805
0.685327
0.633628
0.506687
0.350021
0.203067
0.0910368
0.0309996
0.0046107
0.0403191
0.132827
0.25918
0.451947
0.705829
0.966972
1.20379
1.36908
1.44697
1.43069
1.3012
1.09558
0.830122
0.509433
0.218665
-0.0369837
-0.235048
-0.402112
-0.558876
-0.713187
-0.853961
-0.948823
-1.01357
-1.0843
-1.16543
-1.21615
-1.20938
-1.14365
-1.03025
-0.862397
-0.670906
-0.476766
-0.273503
-0.0919197
0.0660213
0.170498
0.234067
0.230045
0.161571
0.0552303
-0.0712206
-0.186782
-0.302344
-0.407017
-0.519145
-0.640691
-0.781268
-0.918412
-1.05055
-1.15307
-1.19241
-1.20418
-1.20271
-1.17465
-1.10343
-0.977861
-0.786173
-0.543572
-0.310879
-0.10791
0.069651
0.228082
0.34747
0.440175
0.497171
0.504528
0.478434
0.443216
0.386122
0.307642
0.216114
0.109382
0.035316
-0.0361989
-0.0929988
-0.150191
-0.200713
-0.236421
-0.245741
-0.218174
-0.14558
-0.026487
0.0938817
0.197377
0.275072
0.345803
0.400444
0.433602
0.43164
0.381413
0.273797
0.127039
-0.0384552
-0.209934
-0.366305
-0.466564
-0.534056
-0.539354
-0.48275
-0.340505
-0.168928
-0.016677
0.108302
0.186488
0.228573
0.223178
0.166476
0.0459108
-0.117131
-0.278702
-0.407606
-0.484418
-0.529151
-0.531604
-0.53543
-0.546417
-0.545142
-0.532487
-0.480984
-0.420162
-0.380138
-0.366502
-0.374153
-0.382492
-0.380922
-0.347372
-0.294594
-0.246427
-0.197279
-0.146463
-0.0945684
-0.0528759
-0.0374742
-0.0354141
-0.0160884
0.0247212
0.0930969
0.186292
0.311173
0.429776
0.519341
0.579771
0.614204
0.635688
0.643144
0.618717
0.590071
0.578594
0.584087
0.602628
0.615381
0.622444
0.625093
0.632156
0.632647
0.632941
0.616166
0.572806
0.480003
0.339328
0.195415
0.0654327
-0.0368856
-0.0995715
-0.124881
-0.117033
-0.0623916
0.025506
0.119093
0.199732
0.254668
0.274091
0.262123
0.20444
0.120074
0.0259965
-0.0388476
-0.0612144
-0.0649422
-0.0462051
-0.0231516
-0.0023544
0.0271737
0.0335502
0.0047088
-0.0599391
-0.176874
-0.33766
-0.499623
-0.623425
-0.706909
-0.75949
-0.756547
-0.705535
-0.626859
-0.540531
-0.449494
-0.368366
-0.29842
-0.26899
-0.23907
-0.215035
-0.181289
-0.149897
-0.128805
-0.113109
-0.118014
-0.110559
-0.0845622
-0.0315882
0.0550341
0.143226
0.264576
0.410548
0.590464
0.770379
0.93558
1.05261
1.13492
1.17504
1.16435
1.1358
1.09401
1.02642
0.934991
0.853176
0.795591
0.761648
0.75949
0.790784
0.854549
0.92165
0.979529
1.02073
1.04692
1.05713
1.06085
1.03388
0.988848
0.915567
0.814917
0.685229
0.508845
0.326379
0.170204
0.0528759
-0.0110853
-0.014715
0.0545436
0.18227
0.326967
0.457244
0.558778
0.630489
0.664431
0.647068
0.583695
0.468231
0.315686
0.136948
-0.0174618
-0.134397
-0.211405
-0.274974
-0.307347
-0.295772
-0.256335
-0.199928
-0.133514
-0.0763218
-0.0502272
-0.0119682
0.0175599
0.042183
0.034335
-0.0179523
-0.0666099
-0.122233
-0.188156
-0.265164
-0.337072
-0.402014
-0.43164
-0.437918
-0.400346
-0.327948
-0.237108
-0.144403
-0.0672966
-0.0180504
0.0065727
0.0003924
-0.0277623
-0.051993
-0.0620973
-0.0590562
-0.0573885
-0.0442431
-0.0212877
0.0174618
0.0701415
0.114581
0.139302
0.128413
0.0942741
0.0534645
-0.0052974
-0.0560151
-0.115169
-0.158333
-0.176482
-0.153134
-0.100749
-0.0506196
-0.006867
0.0060822
-0.0053955
-0.0395343
-0.0870147
-0.155096
-0.225139
-0.295281
-0.356692
-0.390046
-0.401916
-0.389359
-0.366502
-0.346784
-0.314509
-0.276642
-0.22769
-0.187371
-0.159805
-0.129198
-0.119486
-0.122429
-0.148327
-0.17295
-0.186586
-0.196494
-0.199241
-0.182466
-0.156666
-0.127628
-0.126843
-0.13577
-0.140479
-0.132043
-0.0935874
-0.0400248
0.0081423
0.059841
0.104771
0.169517
0.225434
0.253392
0.25663
0.229456
0.18276
0.11723
0.0361008
-0.0413982
-0.112717
-0.187763
-0.244367
-0.28292
-0.306661
-0.302344
-0.301363
-0.304699
-0.303227
-0.284784
-0.245348
-0.203165
-0.155783
-0.115169
-0.0722016
-0.0498348
-0.0532683
-0.0835812
-0.14352
-0.218371
-0.291847
-0.36248
-0.41045
-0.433013
-0.416827
-0.354141
-0.273012
-0.171283
-0.0907425
-0.0450279
-0.0369837
-0.0531702
-0.0903501
-0.134789
-0.180602
-0.211896
-0.208953
-0.167947
-0.106439
-0.0462051
0.0115758
0.0624897
0.104182
0.144501
0.175305
0.195808
0.226317
0.268402
0.311566
0.351983
0.361793
0.365422
0.353356
0.336973
0.305483
0.249174
0.17452
0.105065
0.0703377
0.0724959
0.101043
0.153232
0.205323
0.25918
0.303521
0.331774
0.334423
0.305189
0.237402
0.159805
0.0565056
-0.0617049
-0.169517
-0.269971
-0.352768
-0.419181
-0.456852
-0.476864
-0.479905
-0.477747
-0.474019
-0.474706
-0.475196
-0.481279
-0.498937
-0.529151
-0.564173
-0.583989
-0.600568
-0.605081
-0.595173
-0.574964
-0.546319
-0.518655
-0.491383
-0.451064
-0.40584
-0.363853
-0.32785
-0.29587
-0.261142
-0.213858
-0.164808
-0.111147
-0.0580752
-0.0157941
0.0084366
0.0267813
0.045126
0.0615087
0.090252
0.119486
0.163238
0.211405
0.265459
0.326967
0.389359
0.438507
0.479611
0.505411
0.514142
0.505117
0.471371
0.428599
0.375331
0.315097
0.262319
0.218174
0.172165
0.135378
0.0998658
0.0703377
0.0389457
-0.0022563
-0.0415944
-0.0809325
-0.122429
-0.152349
-0.190608
-0.215918
-0.234459
-0.243484
-0.241816
-0.235342
-0.223668
-0.21994
-0.226611
-0.238089
-0.237206
-0.229848
-0.217978
-0.207089
-0.183545
-0.147542
-0.110559
-0.0828945
-0.0749484
-0.0700434
-0.0770085
-0.0828945
-0.0911349
-0.087309
-0.0679833
-0.0557208
-0.0651384
-0.0855432
-0.0989829
-0.108989
-0.106046
-0.0855432
-0.0469899
-0.0059841
0.0214839
0.0368856
0.0658251
0.109283
0.160982
0.213956
0.263006
0.330401
0.388378
0.443608
0.495503
0.539256
0.569274
0.585167
0.581537
0.571236
0.548968
0.516595
0.477256
0.434779
0.381805
0.330499
0.289199
0.249468
0.205029
0.166476
0.128413
0.0940779
0.0552303
0.005886
-0.034335
-0.0714168
-0.0988848
-0.120173
-0.147542
-0.155979
-0.149701
-0.128021
-0.103005
-0.0855432
-0.0724959
-0.0610182
-0.0545436
-0.0439488
-0.0443412
-0.0540531
-0.0689643
-0.0806382
-0.0981981
-0.137634
-0.175501
-0.199143
-0.21013
-0.233184
-0.261633
-0.299303
-0.338543
-0.375429
-0.409175
-0.432229
-0.458519
-0.477649
-0.48893
-0.492168
-0.474313
-0.441156
-0.39652
-0.344723
-0.293319
-0.239266
-0.173637
-0.1084
-0.0454203
0.0170694
0.074556
0.120173
0.15696
0.192865
0.225826
0.237893
0.229554
0.206108
0.172754
0.136555
0.10222
0.0661194
0.0560151
0.0639612
0.108106
0.184036
0.273699
0.36297
0.436055
0.497171
0.547594
0.583989
0.58448
0.55093
0.476864
0.373859
0.272031
0.181877
0.115169
0.0704358
0.0649422
0.0769104
0.108793
0.139498
0.156764
0.159511
0.154606
0.167162
0.172558
0.174324
0.172656
0.164906
0.150584
0.12547
0.0854451
0.0281547
-0.0259965
-0.0809325
-0.123802
-0.164906
-0.193551
-0.2117
-0.225924
-0.238873
-0.243288
-0.244759
-0.232497
-0.217193
-0.1807
-0.131062
-0.0777933
-0.021582
0.0223668
0.0374742
0.048069
0.0425754
0.0250155
-0.0028449
-0.0534645
-0.118407
-0.176482
-0.222098
-0.236519
-0.22357
-0.179033
-0.107518
-0.0040221
0.12596
0.251234
0.343448
0.414865
0.449887
0.472744
0.469801
0.44969
0.421045
0.389163
0.366894
0.349138
0.3201
0.28655
0.260946
0.249566
0.266734
0.298813
0.336287
0.378862
0.418298
0.4595
0.496876
0.518066
0.529151
0.518753
0.484614
0.420555
0.318335
0.218076
0.113894
0.007848
-0.0948627
-0.196494
-0.286844
-0.352571
-0.402995
-0.444687
-0.467446
-0.48069
-0.471272
-0.458127
-0.43939
-0.409371
-0.380039
-0.351394
-0.328341
-0.318138
-0.315588
-0.317354
-0.314705
-0.313528
-0.301265
-0.270952
-0.230829
-0.189431
-0.15127
-0.124783
-0.0929007
-0.0525816
-0.008829
0.0287433
0.0658251
0.105261
0.135672
0.16314
0.190412
0.211405
0.21631
0.202478
0.160001
0.113502
0.0707301
0.0341388
0.0217782
0.0223668
0.0386514
0.0636669
0.0774009
0.066708
0.0246231
-0.0210915
-0.0671004
-0.119486
-0.165691
-0.203459
-0.248193
-0.284882
-0.295575
-0.288905
-0.27831
-0.274876
-0.268598
-0.260063
-0.239756
-0.207874
-0.162159
-0.139694
-0.126549
-0.11821
-0.112128
-0.10222
-0.0790686
-0.041202
0.0093195
0.0668061
0.134201
0.182172
0.20238
0.208364
0.196494
0.169909
0.12547
0.0758313
0.0129492
-0.0682776
-0.149112
-0.219057
-0.288512
-0.358359
-0.427716
-0.478237
-0.513455
-0.530329
-0.52974
-0.507766
-0.467937
-0.418691
-0.365815
-0.321474
-0.282724
-0.258984
-0.245839
-0.235734
-0.238972
-0.241915
-0.237696
-0.222295
-0.205225
-0.182564
-0.159216
-0.13116
-0.0859356
-0.0320787
0.0208953
0.0694548
0.126157
0.174814
0.219352
0.241228
0.24319
0.243975
0.250351
0.270069
0.306563
0.338739
0.369739
0.395539
0.412511
0.415159
0.398678
0.37278
0.348647
0.337856
0.326084
0.315195
0.300775
0.292436
0.285667
0.287237
0.290866
0.285667
0.278408
0.252215
0.197181
0.121742
0.031392
-0.0472842
-0.111638
-0.160295
-0.182368
-0.19571
-0.182662
-0.149406
-0.0890748
-0.0275661
0.0145188
0.0258003
0.0336483
0.0249174
-0.0023544
-0.0435564
-0.0858375
-0.129198
-0.158235
-0.18433
-0.195023
-0.179621
-0.151074
-0.123508
-0.0947646
-0.0712206
-0.0425754
-0.0173637
0.0096138
0.0437526
0.0723978
0.100062
0.121742
0.145678
0.156077
0.151172
0.141068
0.121055
0.0960399
0.0743598
0.0727902
0.0720054
0.0821097
0.0817173
0.0674928
0.0514044
0.0473823
0.0651384
0.0919197
0.121546
0.149112
0.153723
0.14303
0.128511
0.111834
0.0929988
0.072594
0.0492462
0.0395343
0.0414963
0.0512082
0.0592524
0.063765
0.0496386
0.0144207
-0.0283509
-0.0665118
-0.099081
-0.124685
-0.140283
-0.128217
-0.112913
-0.0975114
-0.0995715
-0.0994734
-0.114581
-0.135378
-0.146758
-0.158922
-0.166672
-0.169713
-0.164219
-0.157156
-0.142637
-0.126941
-0.0972171
-0.066708
-0.0391419
-0.0136359
-0.0008829
0.0155979
0.022563
0.0288414
0.023544
0.0148131
0.0139302
0.015696
0.0132435
0.0150093
0.004905
-0.0027468
-0.0060822
-0.0103986
-0.0177561
-0.0179523
-0.0149112
0.0013734
0.0285471
0.050031
0.0606258
0.0640593
0.0710244
0.0699453
0.053955
0.0399267
0.0236421
0.0001962
-0.0151074
-0.021582
-0.0231516
-0.0199143
-0.0237402
-0.0280566
-0.0390438
-0.0416925
-0.0413001
-0.0550341
-0.0823059
-0.104771
-0.118995
-0.114679
-0.106046
-0.0890748
-0.0621954
-0.0213858
0.0309015
0.0789705
0.10634
0.117131
0.113109
0.103201
0.107223
0.100945
0.0793629
0.0556227
0.0393381
0.0227592
0.0097119
0.0026487
0.0037278
0.0133416
0.0234459
0.0302148
0.0344331
0.03924
0.0397305
0.0198162
-0.0021582
-0.028449
-0.062784
-0.0945684
-0.108204
-0.0986886
-0.0535626
0.0188352
0.102907
0.176678
0.224257
0.265066
0.294496
0.316765
0.326869
0.317157
0.295
0.257022
0.225728
0.205618
0.202184
0.19826
0.191884
0.19571
0.204539
0.206206
0.194925
0.165102
0.119093
0.0620973
0.0146169
-0.0089271
-0.0227592
-0.0161865
0.0016677
0.0321768
0.0504234
0.0641574
0.0638631
0.0645498
0.062784
0.0747522
0.079461
0.0917235
0.103496
0.107518
0.110657
0.10379
0.102416
0.0954513
0.0861318
0.0674928
0.0422811
0.0097119
-0.0256041
-0.0605277
-0.0855432
-0.0984924
-0.107812
-0.117033
-0.130571
-0.136948
-0.138517
-0.141656
-0.144011
-0.146856
-0.152349
-0.165495
-0.180013
-0.194238
-0.202478
-0.192767
-0.186684
-0.191785
-0.204637
-0.221216
-0.226709
-0.222295
-0.210719
-0.200418
-0.190608
-0.175305
-0.163827
-0.15853
-0.142539
-0.122527
-0.104378
-0.0867204
-0.085347
-0.0927045
-0.101141
-0.109676
-0.127138
-0.140381
-0.149504
-0.131944
-0.105948
-0.0786762
-0.0467937
-0.0106929
0.0341388
0.0697491
0.0866223
0.0813249
0.0516987
0.014715
-0.0157941
-0.037278
-0.0525816
-0.0631764
-0.0530721
-0.0262908
0.0140283
0.0606258
0.109283
0.153919
0.18639
0.198751
0.175207
0.120957
0.0354141
-0.0670023
-0.17452
-0.262319
-0.336091
-0.384454
-0.412805
-0.410156
-0.374153
-0.307838
-0.222098
-0.147346
-0.0906444
-0.0476766
-0.0202086
0.0061803
0.0232497
0.0320787
0.0352179
0.0281547
0.0191295
0.0062784
-0.0317844
-0.0658251
-0.084366
-0.0903501
-0.0783819
-0.0594486
-0.0319806
-0.0012753
0.0367875
0.0734769
0.0970209
0.0994734
0.097119
0.0899577
0.0770085
0.0585657
0.0363951
0.0203067
0.0100062
0.0061803
0.0132435
0.0405153
0.0748503
0.111932
0.151172
0.185213
0.215133
0.23956
0.255845
0.277231
0.286158
0.293613
0.294594
0.287041
0.267911
0.233576
0.185115
0.143618
0.107518
0.0791667
0.0505215
0.0361989
0.0347274
0.0424773
0.0607239
0.0816192
0.102809
0.122723
0.137046
0.151368
0.157843
0.16314
0.162257
0.1549
0.143324
0.123606
0.102514
0.0773028
0.0433602
0.0149112
-0.0060822
-0.0103005
-0.0035316
0.0030411
0.005886
-0.0017658
-0.0094176
-0.0224649
-0.0377685
-0.0502272
-0.0560151
-0.0617049
-0.0732807
-0.0825021
-0.0886824
-0.0957456
-0.115758
-0.149014
-0.193846
-0.239364
-0.27056
-0.287531
-0.291161
-0.278506
-0.252804
-0.230339
-0.208168
-0.187763
-0.158235
-0.121644
-0.0845622
-0.0445374
-0.0042183
0.0303129
0.0589581
0.0768123
0.0865242
0.0832869
0.0729864
0.0623916
0.0563094
0.0572904
0.0645498
0.0762237
0.0920178
0.108302
0.126451
0.149504
0.170792
0.174716
0.163925
0.144305
0.106635
0.0649422
0.0237402
-0.0157941
-0.0492462
-0.0816192
-0.106831
-0.125176
-0.135574
-0.135182
-0.126941
-0.110853
-0.0915273
-0.0709263
-0.0576828
-0.0456165
-0.0408096
-0.0298224
-0.0260946
-0.0268794
-0.0285471
-0.0322749
-0.0406134
-0.0607239
-0.0819135
-0.0985905
-0.111834
-0.118995
-0.110853
-0.0932931
-0.06867
-0.0400248
-0.0073575
0.0178542
0.0408096
0.0508158
0.0545436
0.0560151
0.0488538
0.0298224
0.0027468
-0.0286452
-0.0493443
-0.0692586
-0.0816192
-0.0894672
-0.0845622
-0.0763218
-0.0645498
-0.0506196
-0.0403191
-0.0332559
-0.0334521
-0.0319806
-0.0279585
-0.0184428
-0.0151074
-0.0236421
-0.0309015
-0.0393381
-0.0491481
-0.0632745
-0.0758313
-0.0828945
-0.0832869
-0.0777933
-0.0636669
-0.0464013
-0.030411
-0.0084366
0.0175599
0.0440469
0.0554265
0.0604296
0.0610182
0.0651384
0.0684738
0.0754389
0.0763218
0.074556
0.0717111
0.0673947
0.0620973
0.0544455
0.0429678
0.0366894
0.0393381
0.0469899
0.0550341
0.0638631
0.0702396
0.0769104
0.0827964
0.0900558
0.099081
0.102907
0.103299
0.104575
0.105359
0.100454
0.0942741
0.0847584
0.077499
0.0680814
0.0562113
0.0417906
0.0224649
0.0061803
-0.0112815
-0.0175599
-0.0203067
-0.0158922
-0.0071613
0.0060822
0.0171675
0.0271737
0.0352179
0.0374742
0.0347274
0.0322749
0.0322749
0.0341388
0.0384552
0.0427716
0.0492462
0.0545436
0.0564075
0.0537588
0.0487557
0.0393381
0.0329616
0.0280566
0.0253098
0.0258003
0.0219744
0.01962
0.0154998
0.0090252
0.0017658
-0.0067689
-0.0103986
-0.0108891
-0.0115758
-0.006867
-0.000981
0.0034335
0.0062784
0.0055917
0.0040221
0.0034335
0.0038259
0.0075537
0.012753
0.0216801
0.0292338
0.0381609
0.0434583
0.0483633
0.04905
0.0488538
0.0469899
0.0450279
0.0400248
0.032373
0.0217782
0.0099081
0.0007848
-0.0089271
-0.0162846
-0.0244269
-0.0314901
-0.0361008
-0.0386514
-0.0410058
-0.0417906
-0.0442431
-0.0467937
-0.0487557
-0.0494424
-0.04905
-0.0478728
-0.0454203
-0.0425754
-0.0398286
-0.0386514
-0.0374742
-0.0369837
-0.0361989
-0.0374742
-0.0364932
-0.0348
-0.0324711
-0.0288414
-0.0241326
-0.0192276
-0.0160884
-0.0136359
-0.0114777
-0.0094176
-0.0077499
-0.0070632
-0.0074556
-0.0087309
-0.0099081
-0.0110853
-0.0126549
-0.013734
-0.0135378
-0.0121644
-0.0092214
-0.0060822
-0.0036297
-0.0014715
9.81e-05
0.0027468
0.0051012
0.0064746
0.0070632
0.0070632
0.0067689
0.0062784
0.0057879
0.0047088
0.0030411
0.0007848
-0.0010791
-0.0026487
-0.0041202
-0.0057879
-0.006867
-0.0077499
-0.0077499
-0.0073575
-0.0061803
-0.004905
-0.0034335
-0.0018639
-0.0002943
0.0003924
0.0006867
0.0003924
-9.81e-05
-0.0004905
-0.000981
-0.0017658
-0.0026487
-0.0035316
-0.003924
-0.0041202
-0.0040221
-0.0040221
-0.0037278
-0.0033354
-0.0030411
-0.0028449
-0.0027468
-0.0027468
-0.0025506
-0.0024525
-0.0021582
-0.0020601
-0.0017658
-0.0015696
-0.0014715
-0.0015696
-0.0015696
-0.0017658
-0.0018639
-0.0018639
-0.0017658
-0.0016677
-0.0013734
-0.0011772
-0.000981
-0.0008829
-0.0006867
-0.0005886
-0.0003924
-0.0003924
-0.0002943
-0.0003924
-0.0003924
-0.0003924
-0.0003924
-0.0004905
-0.0004905
-0.0006867
-0.0005886
-0.0006867
-0.0005886
-0.0005886
-0.0004905
-0.0005886
-0.0004905
-0.0004905
-0.0003924
-0.0003924
-0.0002943
-0.0002943
-0.0001962
-0.0001962
-9.81e-05
-0.0001962
-9.81e-05
-9.81e-05
0
-9.81e-05
0
0
9.81e-05
0
9.81e-05
9.81e-05
0.0001962
9.81e-05
0.0001962
0.0001962
0.0002943
0.0001962
0.0002943
0.0002943
0.0002943
0.0002943
0.0003924
0.0003924
0.0003924
0.0003924