0.0067689
-0.0001962
-0.0063765
0.0042183
0.0012753
0.0030411
-0.000883
0.0011772
-0.0083385
0.0014715
-0.000687
0.00265
-0.00461
0.000491
-0.0020601
0.00177
0.00167
0.0010791
0.000294
-0.0016677
-0.0002943
-0.00167
-0.0050031
-0.00275
0
-0.0015696
0.0003924
-0.000883
0.004905
-0.0012753
-0.0021582
0.0043164
0.0025506
-0.004905
0.0017658
-0.0043164
0.00275
-0.0022563
0.00206
-0.0015696
0.0005886
-0.00245
-0.000981
-0.0034335
-0.0016677
-0.0016677
0.0074556
-0.001962
0.0099081
-0.0006867
0.0061803
-0.0004905
0.0011772
-0.0036297
0.0051993
-0.00755
0.0038259
0.0036297
0.000883
-0.0027468
0.0016677
9.81e-05
0.0001962
0.0061803
0.0004905
0.0016677
0.0055917
-0.0003924
-0.0002943
0.000981
0.005886
-0.0053955
0.0004905
0.0001962
0.0057879
-0.0013734
0.0020601
-0.0023544
-0.0007848
0.0001962
-0.000981
0.0043164
0.0031392
0.0015696
0.00245
-0.0003924
0.0040221
-0.0013734
0.0018639
0.0051012
0.0021582
0.0011772
-0.0048069
0.0047088
0.0018639
0.0052974
0.00471
0.0042183
0.00147
0.0060822
0.0092214
0
0.0002943
-0.0017658
-0.0014715
0.0021582
-0.0018639
0.0040221
0.00196
0.000785
-0.0051993
0.0059841
0.0041202
0.00432
0.0027468
0.0027468
0.0040221
0.0005886
-0.0023544
0.0051993
0.00265
0.00304
-0.0001962
-0.0017658
-0.0011772
0.0010791
0.0061803
0.00618
0.0063765
0.0037278
-0.0034335
0.0014715
0.0006867
-0.0026487
-0.0036297
-0.0013734
0.0018639
-0.001962
0.0011772
0.0028449
-0.0069651
-0.000981
0.00245
0.000981
-0.0046107
0.00726
0.00598
0.018639
0.0120663
0.0180504
0.0101
0.0104967
0.0015696
0.0024525
-0.0071613
0.002943
-0.002943
-0.00981
-0.0084366
-0.00235
-0.0085347
-0.0033354
-0.0120663
0.0086328
0.0114777
0.0194238
0.010791
0.0103005
0.0164808
0.0051993
0
0.0119
0.0081423
0.0123606
9.81e-05
0.0053955
-0.0129
-0.0170694
-0.0149112
-0.0173637
0.0005886
0.0101043
0.0002943
-0.00432
0.0114777
0.0202086
-0.0122625
0.0013734
-0.0072594
-0.0104
0.0041202
0.0040221
-0.021582
-0.0048069
0.0007848
0.0108891
0.0183
0.0184428
0.0227592
0.0526797
0.0412
0.00245
-0.0256041
-0.0204048
-0.0407
-0.0221706
-0.0220725
-0.0084366
-0.0048069
0.0096138
0.0210915
0.0277623
0.0179
0.0341
0.0139
0.0125
0.0201
0.0293
-0.0123
-0.0259965
-0.0172656
-0.0087309
-0.0221706
-0.0179523
-0.00383
0.0253098
0.0377685
0.038259
0.0128
0.005886
-0.0187371
-0.0104967
-0.0345
-0.0436
-0.0250155
-0.0154017
-0.0443412
-0.0550341
-0.026487
-0.0005886
-0.0195219
0.001962
0.0359046
0.0570942
0.0263889
0.0055917
0.0018639
0.0242
-0.0258984
-0.0468918
-0.014715
0.0507
0.0300186
-0.00903
-0.0171675
0.0311958
0.0746
0.0411039
0.0472842
0.083
0.0403191
-0.0315882
-0.0702396
-0.0943
-0.149799
-0.175
-0.178444
-0.112324
-0.0216801
0.0548379
0.151
0.251
0.224
0.121055
0.0325
-0.0083385
0.0064746
-0.0183447
-0.041202
-0.0413
-0.105065
-0.198
-0.205
-0.0846
-0.0300186
0.0214
0.0626
0.103299
0.112
0.115
0.14352
0.180602
0.135967
0.0221
-0.0651384
-0.0854451
-0.0249
0.0335
-0.034335
-0.134789
-0.15
-0.13783
-0.146169
-0.0675909
0.0324711
0.0910368
0.0493443
-0.0256041
-0.0522873
-0.04905
-0.0479
0.0244
0.0669042
0.0397305
0.0162
0.0413001
0.0771066
0.0889767
0.0834
0.011
-0.127
-0.228867
-0.193
-0.0826983
-0.0143226
0.0114
0.0296262
0.0259965
0.0623
0.139694
0.2117
0.277
0.285
0.205
0.125078
0.046
0.0048069
-0.0598
-0.133
-0.212
-0.242209
-0.224453
-0.125078
-0.0619992
0.0201
0.0268794
0.0143
0.0389
0.0917235
0.137732
0.136065
0.079461
0.00451
-0.0981
-0.172165
-0.140675
-0.0582
-0.0664
-0.0708282
-0.0918216
-0.0921159
-0.0222687
0.0471861
0.0907
0.0700434
0.0138321
-0.0353
-0.0208953
0.026487
0.0620973
0.0852489
0.131748
0.0987867
0.0358065
0.0231516
0.0910368
0.0996696
0.0198162
-0.0575
-0.0859356
-0.0565056
-0.0007848
0.0184428
0.0786762
0.143226
0.0872109
-0.0385533
-0.104
-0.138812
-0.201497
-0.245
-0.244367
-0.135967
0.0208953
0.0991791
0.135
0.180112
0.084366
-0.0565056
-0.0429678
0.0616068
0.121153
0.0862299
0.0125568
-0.0232497
-0.0785781
-0.197
-0.206697
-0.171773
-0.141068
-0.089
0.0478728
0.111
0.114286
0.174618
0.28
0.289
0.175501
0.0937836
0.131944
0.158
0.146954
0.10379
0.0753408
-0.0097119
-0.0697
-0.102809
-0.131454
-0.0893691
-0.0782838
-0.161178
-0.188
-0.130669
-0.077499
0.0080442
0.135476
0.197279
0.158137
0.120074
0.083385
0.0968247
0.0197181
-0.0803
-0.137144
-0.196396
-0.279095
-0.238677
-0.237304
-0.246231
-0.229554
-0.16265
-0.134299
-0.0622935
0.0855432
0.231124
0.281
0.320296
0.366
0.361
0.227886
0.115
0.0336
-0.0722997
-0.149504
-0.0917235
-0.0234459
0.0700434
0.154
0.228965
0.272228
0.282528
0.237402
0.142637
-0.00657
-0.15284
-0.212092
-0.241522
-0.296851
-0.266
-0.107223
0.0483633
0.159609
0.209345
0.171381
0.0960399
0.0276642
-0.0802458
-0.175893
-0.211798
-0.201105
-0.169026
-0.137634
-0.02943
0.0960399
0.117033
0.10016
0.0876033
0.064746
-0.0300186
-0.158137
-0.205618
-0.225434
-0.193453
-0.10222
-0.0218763
0.0474804
0.194925
0.300873
0.303718
0.298224
0.261829
0.211994
0.155096
0.0717111
-0.0413001
-0.10428
-0.0573885
0.0143226
0.0733788
0.0950589
0.075537
0.0525816
-0.0491481
-0.187567
-0.251332
-0.232791
-0.132729
-0.075537
0.0161
0.169909
0.277819
0.223864
0.122821
0.0472842
-0.0949608
-0.129296
-0.105752
-0.052974
0.0679833
0.097119
0.0299205
0.0222687
0.0962361
0.11566
0.040221
-0.115758
-0.194728
-0.260946
-0.401033
-0.493835
-0.38259
-0.106439
0.19983
0.482652
0.639514
0.722016
0.859356
0.885647
0.870932
0.846309
0.787645
0.661096
0.41202
0.0104967
-0.396128
-0.739183
-1.06242
-1.32317
-1.39959
-1.30875
-1.06
-0.645596
-0.246525
0.122527
0.51787
0.755468
0.6867
0.551518
0.36915
0.189137
0.0085347
-0.103888
-0.190412
-0.213269
-0.183055
-0.0246231
0.262025
0.588208
0.686406
0.58085
0.328929
0.13577
-0.0846603
-0.41359
-0.73624
-1.00808
-1.18917
-1.26549
-1.34358
-1.27903
-1.01681
-0.525718
0.0108891
0.32373
0.462149
0.569765
0.860239
1.17887
1.30748
1.30738
1.21595
1.09754
0.919001
0.847682
0.803243
0.650109
0.420162
0.195415
-0.181976
-0.736829
-1.30375
-1.69095
-1.93277
-1.99349
-1.86665
-1.57912
-1.16739
-0.78637
-0.495405
-0.220136
0.04905
0.233478
0.368169
0.445178
0.46882
0.486576
0.491383
0.595761
0.794708
0.99287
1.17592
1.32798
1.32435
1.10412
0.705633
0.101043
-0.650501
-1.28374
-1.56715
-1.66073
-1.69821
-1.68918
-1.56126
-1.28482
-0.96138
-0.667374
-0.319119
0.0579771
0.38308
0.6144
0.707203
0.695529
0.805009
1.0432
1.26902
1.43844
1.60148
1.73823
1.80229
1.66986
1.32455
0.975997
0.630293
0.2633
0.024525
-0.101239
-0.187861
-0.234263
-0.276838
-0.442431
-0.638239
-0.674634
-0.772537
-0.93764
-0.950295
-0.82198
-0.504823
-0.115267
0.208757
0.455674
0.617147
0.701807
0.539746
0.167751
-0.361499
-0.789607
-1.08989
-1.16141
-0.751544
-0.106929
0.463326
0.973348
1.40322
1.65298
1.85419
2.02292
1.94
1.37144
0.60459
-0.0974133
-0.859846
-1.64514
-2.33753
-2.69334
-2.85226
-2.84
-2.53559
-2.01125
-1.43216
-0.799809
-0.102711
0.659722
1.33357
1.84016
2.11307
2.17753
2.24041
2.17036
1.82898
1.11049
0.250449
-0.591935
-1.14767
-1.28158
-1.13531
-0.869951
-0.289984
0.523265
1.39224
1.97927
2.28602
2.34037
2.21814
1.93993
1.5076
0.991399
0.500212
0.106733
-0.195611
-0.357182
-0.366403
-0.343252
-0.255256
-0.0149112
0.341486
0.72437
1.04427
1.13492
1.03446
0.880055
0.711814
0.622739
0.544259
0.490304
0.440175
0.408096
0.375331
0.411726
0.35365
0.164219
-0.0935874
-0.294202
-0.415846
-0.467054
-0.543278
-0.606258
-0.602628
-0.597723
-0.664628
-0.78068
-0.863672
-0.859454
-0.773617
-0.628134
-0.347666
0.0085347
0.380334
0.648245
0.813053
0.887118
0.725253
0.35885
-0.0871128
-0.441058
-0.854745
-1.23469
-1.5282
-1.7505
-1.94483
-2.0809
-2.14682
-2.16566
-2.13721
-2.09679
-2.00536
-1.93826
-1.95631
-2.02606
-2.05107
-1.98957
-1.83673
-1.50054
-0.931459
-0.181976
0.644615
1.41843
2.13515
2.69118
3.11762
3.299
3.24201
2.8811
2.10375
1.14267
0.303718
-0.352964
-0.804616
-1.24803
-1.56048
-1.59795
-1.45835
-1.2394
-0.945978
-0.617049
-0.185801
0.0965304
0.283901
0.39858
0.386808
0.339818
0.24937
0.237893
0.451162
0.788332
1.13099
1.42529
1.57607
1.56322
1.44119
1.36879
1.3061
1.20928
1.12687
1.1723
1.29119
1.54252
1.84693
1.9416
1.73029
0.918805
-0.0800496
-1.00131
-1.67211
-2.1115
-2.38099
-2.43916
-2.3598
-1.90236
-1.21154
-0.658545
-0.18021
0.180112
0.425656
0.35885
0.0476766
-0.495307
-1.141
-1.60227
-1.81259
-1.72852
-1.50672
-1.24685
-0.972956
-0.631274
-0.193944
0.223864
0.489323
0.319119
-0.047088
-0.393185
-0.575258
-0.680814
-0.676694
-0.683855
-0.602432
-0.439488
-0.0513063
0.389065
0.736437
1.03191
1.23302
1.3577
1.37418
1.24204
1.03731
0.824531
0.806088
0.99238
1.05791
1.06851
1.15287
1.26137
1.27187
1.16553
1.17543
1.33151
1.50211
1.58029
1.59883
1.54625
1.29629
0.926554
0.482946
0.0615087
-0.389653
-0.885941
-1.52359
-2.07158
-2.41758
-2.39619
-2.4164
-2.52421
-2.60073
-2.51165
-2.47006
-2.6489
-2.61515
-2.46535
-2.35793
-2.3185
-2.28426
-2.62457
-2.91602
-3.30607
-2.99617
-1.78925
1.04447
4.79591
5.89983
4.90333
4.58539
2.29819
3.65373
-2.84951
-0.421143
0.0795591
0.973348
1.61993
2.80389
1.71322
-0.932931
1.82476
2.00919
-0.0406134
-1.99398
-2.59916
-1.01239
-1.75354
-1.90736
-3.13783
-1.38625
-0.0746541
-0.169321
0.624701
0.411137
0.303031
-0.403093
-0.530231
-1.50603
-1.60364
-1.17661
-0.415257
-0.119192
-0.182074
-0.303423
-0.249861
-0.168634
-0.0973152
0.0077499
0.0665118
0.136261
0.147444
0.179817
0.307249
0.519538
0.630293
0.562996
0.382394
0.162356
-0.0253098
-0.32216
-0.539746
-0.610869
-0.604394
-0.46519
-0.378568
-0.418495
-0.635001
-1.23616
-1.91295
-2.4008
-2.6692
-2.78741
-2.82891
-2.7625
-2.55698
-2.20597
-1.59491
-0.61028
0.627448
1.6472
2.11759
2.20028
2.10876
1.7918
1.4301
0.981491
0.474313
-0.0810306
-0.662764
-1.31366
-1.82319
-2.04009
-2.03616
-1.88342
-1.65809
-1.33936
-1.02848
-0.727215
-0.52925
-0.303227
-0.0862299
0.10948
0.359733
0.504725
0.608907
0.645106
0.501389
0.0090252
-0.634216
-1.24106
-1.67388
-2.05382
-2.31182
-2.33007
-2.04627
-1.399
-0.712304
0.0521892
0.80285
1.40018
1.70576
1.80681
1.8329
1.7553
1.60315
1.28403
1.07243
0.880153
0.907229
1.10166
1.33867
1.63356
2.16801
2.63222
2.87168
2.51391
1.86429
0.943232
0.003924
-0.728491
-1.14934
-1.40018
-1.43079
-1.16415
-0.480984
0.580654
1.53664
2.07746
2.4113
2.42729
2.36823
2.02047
1.55547
1.04084
0.737516
0.603609
0.467937
0.522775
0.789999
1.23508
1.585
1.86812
2.0754
2.07256
1.78189
1.22144
0.38053
-0.59792
-1.39508
-1.96612
-2.24296
-2.20764
-2.0702
-2.07266
-2.18498
-2.32713
-2.44416
-2.53284
-2.6024
-2.26425
-1.59442
-0.552892
0.593505
1.67417
2.43347
2.78526
2.86678
2.89748
2.73199
2.27003
1.53625
0.771458
0.0377685
-0.721035
-1.36585
-1.76256
-1.8848
-1.8276
-1.58549
-1.00376
-0.446159
0.0199143
0.196789
0.269186
0.385239
0.429972
0.168241
-0.267715
-0.617736
-0.800692
-0.825708
-0.651776
-0.490206
-0.323436
-0.0634707
0.106635
0.382394
0.655308
0.830024
1.15061
1.31022
1.51869
1.82868
2.11474
2.24247
1.85478
1.33504
1.04261
0.818448
0.418691
0.0115758
-0.5318
-0.976585
-1.37291
-1.67673
-1.73245
-1.44423
-1.11716
-0.759294
-0.528465
-0.518262
-0.53592
-0.81266
-1.08685
-1.21006
-1.00445
-0.755566
-0.741636
-0.943526
-1.08822
-1.14483
-1.03378
-0.53543
0.0279585
0.440567
0.680618
0.763512
0.695725
0.594486
0.744775
1.01759
1.36369
1.54331
1.63268
1.53556
1.18887
0.870441
0.603805
0.437918
0.134397
-0.15902
-0.536803
-0.726234
-0.754193
-0.73624
-0.720348
-0.865438
-1.02446
-1.13992
-1.1412
-0.963636
-0.709263
-0.296654
0.205618
0.532683
0.456852
-0.131944
-0.906934
-1.71655
-2.3748
-2.7313
-2.3955
-1.30807
0.091233
1.32209
2.2152
2.71109
2.5918
1.89068
0.594486
-0.938621
-2.3389
-3.03041
-2.80635
-2.06393
-1.01269
-0.292632
-0.132337
-0.54524
-1.11304
-1.07361
-0.899283
-0.440567
0.221412
1.03594
1.89225
2.62388
2.99107
2.8757
2.48321
2.05402
1.66888
1.53644
1.61188
1.64965
1.49926
1.1258
0.845622
0.595467
0.535724
0.500702
0.530623
0.628821
0.656878
0.575553
0.494424
0.473529
0.586344
0.814132
1.00091
1.00013
0.805205
0.472646
0.166672
-0.0217782
-0.0972171
0.0866223
0.364834
0.692488
1.03721
1.32298
1.51977
1.53409
1.30502
0.92783
0.443216
-0.065727
-0.543572
-0.975114
-1.30365
-1.52663
-1.5695
-1.70939
-1.84085
-2.04794
-2.14908
-2.25336
-2.29721
-2.18861
-1.94277
-1.5642
-1.07998
-0.569274
-0.100454
0.312056
0.784113
1.10765
1.27236
1.19868
0.945586
0.585755
0.237794
-0.129001
-0.527582
-0.805891
-0.979627
-1.06645
-1.15317
-1.21634
-1.26353
-1.1926
-0.871913
-0.418985
-0.0301167
0.0818154
0.0678852
-0.0925083
-0.321277
-0.566135
-0.781465
-0.878387
-0.698472
-0.379157
0.1291
0.735946
1.229
1.52771
1.82348
2.15859
2.53883
2.89434
3.10781
3.13596
2.93682
2.48477
1.84438
1.11608
0.352277
-0.362676
-0.964617
-1.43717
-1.78444
-2.04372
-2.19077
-2.16448
-2.05824
-1.82721
-1.47209
-0.991791
-0.359438
0.50237
1.36388
2.01929
2.30996
2.32291
2.17331
1.84232
1.46179
1.05418
0.652365
0.188156
-0.186881
-0.555442
-0.867596
-0.803929
-0.194434
0.500016
0.951864
1.31464
1.69831
1.81995
1.57666
1.1205
0.640985
0.196298
-0.142539
-0.498348
-0.811581
-1.05261
-1.11756
-1.04476
-0.862103
-0.53749
-0.123704
0.176776
0.277231
0.359536
0.44714
0.409567
0.160884
-0.112423
-0.353356
-0.399169
-0.209345
0.144501
0.495111
0.722997
0.927634
1.09813
1.24185
1.30846
1.42323
1.53585
1.38301
0.806971
0.0641574
-0.554854
-0.997186
-1.31523
-1.43089
-1.32572
-1.03476
-0.655014
-0.255747
0.171773
0.597135
1.0276
1.35957
1.67025
1.90971
2.10395
2.25287
2.28132
2.31359
2.26611
2.14398
1.79621
1.31277
0.782347
0.236519
-0.220136
-0.594878
-0.787645
-0.868676
-0.814034
-0.683561
-0.530525
-0.273993
-0.146463
-0.117524
-0.094176
-0.153134
-0.173441
-0.158137
-0.0962361
-0.0796572
-0.1291
-0.210523
-0.253785
-0.34384
-0.461364
-0.652169
-0.877505
-1.01455
-1.01818
-0.841796
-0.55093
-0.18845
0.189529
0.461266
0.658153
0.783721
0.762924
0.616264
0.266734
-0.209051
-0.714855
-1.08675
-1.31738
-1.41529
-1.37477
-1.1048
-0.664039
-0.155783
0.353552
0.861122
1.32278
1.67398
1.91825
2.07766
2.05451
1.82083
1.30865
0.621365
-0.0808344
-0.748209
-1.26304
-1.68781
-1.91952
-2.10326
-2.04019
-2.03126
-1.92992
-1.76207
-1.57323
-1.24881
-0.90203
-0.575258
-0.366894
-0.28861
-0.305778
-0.435172
-0.624505
-0.743892
-0.582714
-0.0858375
0.443412
0.957456
1.36673
1.72038
2.10886
2.3078
2.29279
1.97367
1.40106
0.59684
-0.379843
-1.26127
-1.97407
-2.45005
-2.66028
-2.65822
-2.45417
-2.19509
-1.94709
-1.75344
-1.5283
-1.27599
-0.916941
-0.46156
-0.0331578
0.347176
0.693076
1.05202
1.41902
1.74088
1.99996
2.15594
2.10591
1.78836
1.12501
0.404859
-0.21376
-0.8261
-1.42667
-1.90569
-2.18518
-2.2202
-2.17635
-2.0703
-1.93149
-1.60835
-0.984237
-0.109774
0.784015
1.47631
1.88617
1.9774
1.91511
1.59305
1.02181
0.290572
-0.495405
-1.16278
-1.77443
-2.23187
-2.52117
-2.66312
-2.5869
-2.23403
-1.62218
-0.948529
-0.326869
0.261338
0.708478
0.961576
0.899381
0.540335
0.179817
0.0714168
0.110166
0.301952
0.424184
0.612046
0.850821
1.17288
1.52869
1.8537
1.95445
1.85792
1.58716
1.20094
0.825708
0.389163
-0.0163827
-0.250351
-0.341682
-0.311271
-0.176384
-0.0230535
0.146659
0.298224
0.415552
0.529838
0.37072
-0.117033
-0.622935
-1.0997
-1.53477
-1.89608
-2.24266
-2.49351
-2.65145
-2.72492
-2.8551
-2.93397
-3.02276
-3.03639
-2.90347
-2.6746
-2.31143
-1.86351
-1.29924
-0.691801
-0.142441
0.188842
0.316471
0.352866
0.395735
0.444393
0.422026
0.350609
0.300382
0.334619
0.478434
0.682776
0.876229
1.0742
1.29767
1.51064
1.73617
1.94935
2.12553
2.19097
2.15751
1.92845
1.44697
0.720643
-0.138223
-0.918314
-1.52251
-1.98446
-2.28671
-2.40306
-2.31781
-1.90177
-1.2652
-0.554265
0.0959418
0.654425
1.12285
1.47739
1.7608
1.94572
2.08855
2.17056
2.03008
1.46041
0.630194
-0.270167
-0.986788
-1.57666
-1.99427
-2.22275
-2.26935
-2.11258
-1.82093
-1.42726
-0.897713
-0.268696
0.429482
1.01288
1.42363
1.57244
1.54007
1.32553
0.889277
0.293613
-0.321277
-0.758313
-0.95775
-0.942839
-0.755959
-0.469114
-0.111245
0.303914
0.610378
0.745462
0.712598
0.618226
0.500408
0.379353
0.314312
0.273012
0.266342
0.292927
0.254864
0.344723
0.481279
0.703377
0.961184
1.14571
1.23753
1.15572
0.978646
0.747816
0.431444
0.0954513
-0.214348
-0.469899
-0.637944
-0.653346
-0.718681
-0.840128
-0.85965
-0.785781
-0.70063
-0.590562
-0.442725
-0.188254
0.244858
0.807461
1.40352
1.85242
2.16634
2.31653
2.36058
2.27778
2.179
2.00222
1.62159
1.07841
0.548477
0.135084
-0.160001
-0.360616
-0.522971
-0.569961
-0.538373
-0.396618
-0.205029
-0.0801477
-0.0273699
-0.03924
-0.109087
-0.215133
-0.434092
-0.830711
-1.32631
-1.80484
-2.17439
-2.4062
-2.43837
-2.29593
-1.97446
-1.49112
-0.928909
-0.324122
0.122527
0.361695
0.474215
0.51787
0.58291
0.63147
0.608711
0.468624
0.126058
-0.201596
-0.48638
-0.695529
-0.840619
-0.905659
-0.852685
-0.695921
-0.534253
-0.461953
-0.512474
-0.665118
-0.909681
-1.16631
-1.39704
-1.46718
-1.24097
-0.743108
-0.0754389
0.703966
1.43991
2.07325
2.54874
2.89395
3.01756
2.79477
2.04803
1.20202
0.439488
-0.228769
-0.776462
-1.10098
-1.29306
-1.26912
-1.11746
-0.850723
-0.561034
-0.340211
-0.166181
-0.136261
-0.298028
-0.444197
-0.562505
-0.663156
-0.674928
-0.641574
-0.575945
-0.552205
-0.606749
-0.750563
-0.950981
-1.18446
-1.33024
-0.946861
0.174029
1.1979
2.03783
2.57512
2.88306
2.99529
2.91573
2.64792
2.34282
1.97397
1.55498
1.0689
0.442137
-0.226611
-0.8829
-1.41862
-1.8381
-2.13083
-2.28043
-2.33341
-2.26513
-2.11268
-1.77316
-1.36035
-0.92057
-0.518066
-0.0650403
0.421143
0.895261
1.25205
1.55577
1.84477
2.12926
2.2823
2.31604
2.18459
1.9669
1.6365
1.20879
0.743206
0.269873
-0.176188
-0.569274
-0.86534
-1.07086
-1.17691
-1.16661
-1.09901
-0.973544
-0.748111
-0.359929
0.207776
0.77911
1.26716
1.67888
2.06334
2.3493
2.53951
2.39099
1.86733
1.37369
1.04889
0.952649
0.834242
0.620973
0.324907
-0.11566
-0.633137
-1.08989
-1.39184
-1.66436
-1.91432
-2.13054
-2.26817
-2.17802
-1.75785
-1.07616
-0.289591
0.500899
1.19927
1.71381
1.98731
2.01988
1.76207
1.30247
0.783525
0.247997
-0.276642
-0.713874
-1.02613
-1.24352
-1.39577
-1.4769
-1.42628
-1.23998
-0.966285
-0.663843
-0.414473
-0.282136
-0.27105
-0.377881
-0.530427
-0.700924
-0.899479
-1.08675
-1.301
-1.50034
-1.63572
-1.6937
-1.64367
-1.46365
-1.15061
-0.718779
-0.232987
0.267421
0.731434
1.146
1.49102
1.81505
2.08963
2.28014
2.42238
2.54383
2.64546
2.73248
2.8346
2.88875
2.88512
2.59327
1.88136
1.06056
0.256924
-0.370229
-0.936757
-1.41813
-1.74147
-1.86969
-1.76776
-1.4869
-1.09901
-0.762531
-0.635982
-0.654621
-0.770772
-0.933323
-1.15454
-1.41274
-1.63513
-1.71665
-1.58137
-1.24528
-0.733396
-0.0872109
0.639318
1.38949
2.07913
2.60995
2.95605
3.08966
3.07926
2.84412
2.39953
1.86508
1.29659
0.697883
0.161571
-0.298813
-0.570059
-0.712402
-0.781268
-0.827964
-0.839049
-0.83179
-0.848957
-0.919491
-1.04839
-1.15209
-1.21683
-1.22331
-1.19917
-1.12697
-1.01121
-0.843758
-0.641476
-0.407017
-0.154507
0.0550341
0.277525
0.449102
0.665216
0.885647
1.04604
1.13207
1.10176
0.916254
0.571727
0.0889767
-0.395343
-0.801673
-1.1516
-1.36594
-1.44796
-1.42412
-1.27246
-1.04408
-0.764101
-0.55142
-0.409371
-0.386024
-0.451554
-0.656779
-0.922729
-1.17965
-1.42735
-1.5801
-1.63346
-1.58216
-1.4506
-1.25637
-1.02063
-0.756253
-0.554952
-0.434289
-0.417219
-0.490108
-0.672181
-0.91184
-1.14031
-1.34995
-1.51653
-1.6314
-1.70223
-1.70282
-1.65593
-1.53713
-1.36869
-1.18799
-0.955102
-0.656289
-0.303718
0.0806382
0.444295
0.828651
1.20408
1.55086
1.8588
2.12092
2.28485
2.35322
2.33037
2.19028
1.98554
1.71361
1.39371
1.04526
0.7125
0.450475
0.248782
0.0826002
-0.0715149
-0.176874
-0.283411
-0.345214
-0.381707
-0.416729
-0.442823
-0.462836
-0.410745
-0.290866
-0.132141
0.0305091
0.150878
0.201694
0.162061
0.0386514
-0.133612
-0.320787
-0.466956
-0.55142
-0.594388
-0.564075
-0.511395
-0.395735
-0.20189
0.0407115
0.308917
0.496778
0.590464
0.595958
0.523756
0.375331
0.13528
-0.107714
-0.342663
-0.538569
-0.726627
-0.844641
-0.918314
-0.87927
-0.679735
-0.384748
-0.0515025
0.250449
0.5318
0.716522
0.795591
0.747522
0.570844
0.303423
-0.0256041
-0.341682
-0.650403
-0.893495
-1.10372
-1.27216
-1.41853
-1.55999
-1.68801
-1.78532
-1.84693
-1.80857
-1.65073
-1.32867
-0.838853
-0.270658
0.322455
0.85298
1.28148
1.61639
1.80416
1.83987
1.68222
1.32504
0.883096
0.473136
0.145973
-0.115071
-0.305483
-0.333442
-0.227396
-0.0037278
0.3046
0.605179
0.866321
1.02348
1.07626
1.07155
1.00808
0.912722
0.794218
0.698963
0.663352
0.68827
0.804028
0.961969
1.15022
1.29718
1.36987
1.30502
1.0638
0.697197
0.319708
-0.0101043
-0.225336
-0.33972
-0.327163
-0.186782
0.0631764
0.350904
0.599685
0.738104
0.762826
0.674143
0.488636
0.275563
0.113502
0.0458127
0.0087309
0.0010791
0.0055917
-0.0185409
-0.124685
-0.300677
-0.526699
-0.765376
-0.977959
-1.17112
-1.29904
-1.35358
-1.26677
-0.990221
-0.601157
-0.169026
0.228279
0.597037
0.893102
1.11765
1.26657
1.30385
1.2084
0.960203
0.666786
0.406036
0.192668
0.0522873
-0.0312939
-0.0043164
0.117033
0.305778
0.520126
0.73624
0.885352
0.957064
0.957358
0.927928
0.874169
0.752918
0.549458
0.338151
0.202969
0.179817
0.191785
0.233086
0.288512
0.389359
0.517576
0.586049
0.598704
0.547202
0.474608
0.38308
0.247212
0.107223
-0.0450279
-0.190118
-0.314509
-0.420359
-0.4492
-0.405447
-0.373663
-0.366305
-0.398875
-0.478826
-0.567214
-0.629704
-0.610672
-0.50443
-0.406919
-0.292828
-0.153428
0.0241326
0.176972
0.268794
0.307936
0.287433
0.243779
0.171283
0.137929
0.15745
0.195023
0.251136
0.383473
0.528563
0.633137
0.658251
0.590366
0.400346
0.159118
-0.109774
-0.345999
-0.547594
-0.695529
-0.767927
-0.794708
-0.757921
-0.649716
-0.522873
-0.424969
-0.34904
-0.311762
-0.325692
-0.409567
-0.543278
-0.708282
-0.850723
-0.974427
-1.0741
-1.19152
-1.29757
-1.37379
-1.39322
-1.35084
-1.23331
-1.03064
-0.759686
-0.448709
-0.166083
0.0671985
0.244269
0.342173
0.340505
0.239462
0.0929988
-0.0999639
-0.288905
-0.462443
-0.648539
-0.785585
-0.838951
-0.777148
-0.589973
-0.361891
-0.138419
0.0558189
0.228671
0.37896
0.484418
0.546417
0.539452
0.518753
0.512769
0.509041
0.516693
0.528857
0.564075
0.594878
0.596448
0.608907
0.631666
0.660213
0.683266
0.701317
0.728
0.758411
0.764788
0.754193
0.693665
0.614891
0.545926
0.476079
0.442922
0.424871
0.427814
0.430463
0.424283
0.368169
0.296851
0.227494
0.192374
0.170988
0.171773
0.167261
0.13783
0.0504234
-0.0928026
-0.224355
-0.367286
-0.521107
-0.658545
-0.766652
-0.834242
-0.889963
-0.952943
-1.02868
-1.09175
-1.11912
-1.11912
-1.09166
-1.04241
-0.949019
-0.860239
-0.786173
-0.764493
-0.766652
-0.817565
-0.879663
-0.915862
-0.918608
-0.849154
-0.734573
-0.615381
-0.515417
-0.431934
-0.34904
-0.267126
-0.185703
-0.091233
0.0442431
0.238579
0.469605
0.747326
1.00631
1.26765
1.49259
1.67084
1.77365
1.80622
1.78307
1.71135
1.58981
1.39312
1.12609
0.834635
0.529936
0.280174
0.0729864
-0.0358065
-0.0381609
0.0751446
0.269775
0.495601
0.687485
0.811876
0.866615
0.845622
0.760275
0.626172
0.467446
0.284392
0.0888786
-0.118407
-0.33148
-0.527189
-0.697001
-0.866321
-1.03652
-1.19878
-1.31493
-1.36634
-1.36104
-1.31582
-1.20418
-1.04457
-0.860827
-0.686896
-0.553382
-0.462738
-0.372584
-0.285667
-0.209836
-0.133612
-0.0611163
0.0059841
0.0190314
-0.00981
-0.0346293
-0.0164808
0.0299205
0.0954513
0.175599
0.240443
0.341682
0.441254
0.581733
0.718681
0.84003
0.925083
0.955102
0.940975
0.889178
0.819233
0.747424
0.672377
0.588894
0.531408
0.465288
0.414571
0.392498
0.342859
0.260357
0.1652
0.094176
0.0146169
-0.0714168
-0.146561
-0.221019
-0.309113
-0.395245
-0.499231
-0.603904
-0.7125
-0.817271
-0.89889
-0.977959
-1.0378
-1.05673
-1.07213
-1.05271
-1.02004
-0.974525
-0.957456
-0.966481
-0.959516
-0.921944
-0.848761
-0.758705
-0.679539
-0.623327
-0.576632
-0.536313
-0.475098
-0.417415
-0.359635
-0.315784
-0.28086
-0.240345
-0.166574
-0.0712206
0.0351198
0.118112
0.196985
0.230045
0.220333
0.17815
0.0884862
-0.0236421
-0.143422
-0.243386
-0.306563
-0.321179
-0.31598
-0.310094
-0.293711
-0.287433
-0.295772
-0.316078
-0.351885
-0.377096
-0.402112
-0.426048
-0.435858
-0.43321
-0.423988
-0.444687
-0.473038
-0.504136
-0.511788
-0.493247
-0.454007
-0.391517
-0.340309
-0.311173
-0.322553
-0.389163
-0.475687
-0.558679
-0.664726
-0.75488
-0.842483
-0.894476
-0.90458
-0.893887
-0.827179
-0.729472
-0.591739
-0.427324
-0.243582
-0.044145
0.170105
0.397697
0.645596
0.86122
1.04889
1.20045
1.30208
1.33122
1.2856
1.18613
1.08253
0.948235
0.827866
0.714168
0.623818
0.56329
0.571433
0.619207
0.69239
0.767633
0.836008
0.892318
0.93195
0.957358
0.968149
1.00425
1.06684
1.14875
1.23655
1.30551
1.34446
1.33789
1.29718
1.23429
1.16347
1.0686
0.965795
0.877505
0.806382
0.754095
0.707792
0.660017
0.574277
0.453418
0.326477
0.17089
0.0261927
-0.0948627
-0.186586
-0.258297
-0.336091
-0.413884
-0.470684
-0.504332
-0.48432
-0.437134
-0.37484
-0.310388
-0.279291
-0.27262
-0.316961
-0.384258
-0.471174
-0.562407
-0.651973
-0.720446
-0.772047
-0.785487
-0.772636
-0.724272
-0.644125
-0.53337
-0.389457
-0.232301
-0.0847584
0.0380628
0.135182
0.201007
0.218273
0.230241
0.219155
0.187175
0.126549
0.0695529
0.0644517
0.099081
0.179719
0.283803
0.404074
0.53543
0.670906
0.77136
0.828651
0.850919
0.840619
0.788822
0.708969
0.650697
0.574081
0.508648
0.422909
0.335894
0.235244
0.126745
0.0376704
-0.0387495
-0.0930969
-0.103397
-0.0610182
0.0233478
0.0979038
0.134593
0.151172
0.183839
0.20807
0.223766
0.224355
0.212288
0.188548
0.135574
0.0724959
0.0020601
-0.0567999
-0.103888
-0.124979
-0.11723
-0.0705339
-0.0338445
-0.0126549
0.0037278
0.0322749
0.0338445
0.0183447
0.0031392
0.0246231
0.0567999
0.0942741
0.101337
0.0840717
0.0550341
0.0283509
-0.0226611
-0.0981
-0.162944
-0.21739
-0.272522
-0.332068
-0.375821
-0.436153
-0.506687
-0.582224
-0.65521
-0.715247
-0.736633
-0.743598
-0.729374
-0.709655
-0.679539
-0.653935
-0.621365
-0.588404
-0.580654
-0.550733
-0.530427
-0.517674
-0.516104
-0.508354
-0.480298
-0.450083
-0.397207
-0.320591
-0.259671
-0.214348
-0.218076
-0.249076
-0.304502
-0.375233
-0.422517
-0.441156
-0.394166
-0.309604
-0.189627
-0.0782838
0.0429678
0.162061
0.279193
0.391223
0.50237
0.599685
0.646577
0.647068
0.620384
0.591837
0.573296
0.569863
0.54318
0.505804
0.441941
0.377391
0.294791
0.221804
0.159903
0.16059
0.181877
0.216703
0.268107
0.320198
0.387103
0.408488
0.416827
0.392792
0.357378
0.321474
0.289395
0.256728
0.206108
0.130865
0.0371799
-0.0737712
-0.187665
-0.281939
-0.331284
-0.348647
-0.342663
-0.293221
-0.233576
-0.169419
-0.115464
-0.0832869
-0.0478728
-0.0693567
-0.132239
-0.212975
-0.294692
-0.362872
-0.448709
-0.522579
-0.599293
-0.655112
-0.674536
-0.663058
-0.5989
-0.503351
-0.403976
-0.308917
-0.223079
-0.144207
-0.0544455
0.0442431
0.148131
0.236813
0.273601
0.292044
0.251038
0.185115
0.10948
0.0347274
-0.044145
-0.136261
-0.232301
-0.315686
-0.379843
-0.419672
-0.393675
-0.282234
-0.115856
0.047088
0.200909
0.325692
0.412903
0.438409
0.443314
0.428206
0.392694
0.335993
0.290965
0.274974
0.282528
0.319414
0.392302
0.453614
0.49668
0.50031
0.46107
0.391713
0.289886
0.152644
0.013734
-0.104771
-0.204539
-0.263497
-0.288708
-0.270854
-0.216997
-0.150682
-0.0612144
0.0375723
0.139204
0.17452
0.171381
0.154311
0.132435
0.110363
0.0962361
0.0867204
0.0807363
0.0754389
0.0821097
0.0945684
0.128315
0.157549
0.162356
0.142834
0.0897615
0.0218763
-0.0395343
-0.0866223
-0.121546
-0.146659
-0.12959
-0.0791667
0.0046107
0.130571
0.272718
0.418397
0.538471
0.638042
0.713874
0.774303
0.804224
0.775873
0.696706
0.604787
0.481279
0.378764
0.27311
0.185507
0.118505
0.0672966
0.034335
-0.0214839
-0.094176
-0.194238
-0.293221
-0.36297
-0.421143
-0.481279
-0.533468
-0.552794
-0.542003
-0.48069
-0.394852
-0.288022
-0.227298
-0.189627
-0.194728
-0.237598
-0.317255
-0.415748
-0.506883
-0.552892
-0.547594
-0.503253
-0.442333
-0.351296
-0.276936
-0.2117
-0.164514
-0.138615
-0.149504
-0.189333
-0.249763
-0.292436
-0.291553
-0.264576
-0.234655
-0.209051
-0.178248
-0.150289
-0.132141
-0.109283
-0.0616068
-0.018639
0.0228573
0.0504234
0.0926064
0.137242
0.173833
0.205618
0.241032
0.276446
0.283411
0.267224
0.25712
0.274582
0.309015
0.326869
0.318236
0.316471
0.344429
0.374546
0.415453
0.434877
0.424577
0.414473
0.416631
0.423988
0.446453
0.469114
0.463424
0.399856
0.314999
0.218665
0.0995715
-0.0219744
-0.135967
-0.209247
-0.263889
-0.312939
-0.344429
-0.371701
-0.379941
-0.380138
-0.371505
-0.362872
-0.389065
-0.435662
-0.497956
-0.54112
-0.553676
-0.554952
-0.545436
-0.538765
-0.518753
-0.48069
-0.445472
-0.399856
-0.356299
-0.345803
-0.351983
-0.368071
-0.382492
-0.395834
-0.396618
-0.38308
-0.378077
-0.37896
-0.370818
-0.372584
-0.352375
-0.312645
-0.228573
-0.112521
0.0018639
0.0837774
0.114679
0.0987867
0.0734769
0.0406134
0.0185409
0.0070632
0.0093195
0.0069651
0.018639
0.0524835
0.093195
0.129688
0.146758
0.139106
0.115954
0.0543474
-0.036297
-0.128315
-0.198456
-0.208953
-0.158922
-0.0620973
0.0628821
0.165004
0.247212
0.296262
0.295281
0.286746
0.263398
0.238481
0.23956
0.251234
0.269088
0.291651
0.308623
0.339426
0.383473
0.426735
0.464405
0.468526
0.446355
0.405545
0.356495
0.308819
0.28243
0.274876
0.283705
0.31549
0.370622
0.433994
0.497073
0.550243
0.582714
0.572315
0.550243
0.5163
0.483241
0.464013
0.468526
0.49256
0.500408
0.514044
0.536215
0.535135
0.506687
0.480298
0.432719
0.381805
0.332167
0.279291
0.214447
0.157745
0.124096
0.0926064
0.0704358
0.0737712
0.0881919
0.111932
0.136359
0.146365
0.165298
0.185801
0.187665
0.161276
0.116837
0.056898
-0.0178542
-0.100062
-0.173147
-0.208561
-0.211504
-0.179719
-0.14352
-0.117524
-0.10742
-0.11409
-0.14097
-0.159805
-0.193846
-0.239658
-0.313724
-0.40378
-0.49099
-0.583401
-0.654033
-0.697001
-0.702102
-0.663941
-0.644026
-0.636865
-0.618815
-0.604492
-0.596252
-0.572904
-0.530917
-0.485791
-0.468427
-0.451358
-0.447827
-0.438409
-0.441646
-0.444099
-0.436937
-0.449004
-0.452732
-0.451456
-0.432523
-0.401327
-0.380039
-0.364834
-0.358948
-0.36866
-0.39603
-0.427422
-0.492658
-0.546711
-0.615774
-0.675517
-0.699551
-0.682482
-0.645694
-0.603315
-0.555246
-0.489028
-0.413099
-0.335796
-0.292927
-0.266538
-0.271541
-0.264478
-0.273012
-0.276936
-0.29842
-0.316176
-0.347568
-0.369347
-0.381805
-0.356986
-0.335306
-0.290082
-0.265459
-0.244073
-0.242896
-0.229162
-0.194532
-0.137634
-0.0856413
-0.0415944
0.0095157
0.0723978
0.149897
0.235342
0.329714
0.408096
0.46725
0.514829
0.528563
0.528857
0.537196
0.542395
0.542297
0.544651
0.538373
0.510218
0.454203
0.366894
0.299597
0.227102
0.167162
0.11723
0.0759294
0.0622935
0.0992772
0.178444
0.277329
0.377881
0.45489
0.529446
0.600568
0.665707
0.714658
0.716522
0.700924
0.665805
0.626957
0.60979
0.618815
0.665412
0.74919
0.853274
0.972858
1.07675
1.15552
1.20437
1.20486
1.15895
1.09068
1.02495
0.933225
0.84366
0.744971
0.669631
0.617834
0.58036
0.552597
0.533566
0.508158
0.484418
0.425067
0.352277
0.24888
0.12135
0.0091233
-0.0793629
-0.137144
-0.159609
-0.171283
-0.18482
-0.209444
-0.238187
-0.259867
-0.296752
-0.337758
-0.37484
-0.404466
-0.434387
-0.458029
-0.480101
-0.496582
-0.493345
-0.487165
-0.455871
-0.411039
-0.370818
-0.329714
-0.27831
-0.249763
-0.220627
-0.227494
-0.263104
-0.325103
-0.403387
-0.468526
-0.523756
-0.547692
-0.541414
-0.518164
-0.468035
-0.423988
-0.372976
-0.311958
-0.230633
-0.146856
-0.0600372
0.0139302
0.0750465
0.124195
0.170204
0.216409
0.267617
0.296164
0.293417
0.297145
0.2633
0.23132
0.193944
0.162257
0.122134
0.0690624
0.0243288
-0.0230535
-0.0713187
-0.113306
-0.166476
-0.211798
-0.272424
-0.319414
-0.363362
-0.385239
-0.399856
-0.404564
-0.38465
-0.364932
-0.336679
-0.29793
-0.257316
-0.212288
-0.179327
-0.150093
-0.119584
-0.102514
-0.0860337
-0.0734769
-0.0693567
-0.0609201
-0.0710244
-0.0820116
-0.0832869
-0.0802458
-0.085347
-0.096138
-0.132239
-0.166279
-0.193649
-0.188646
-0.164318
-0.124783
-0.0732807
-0.0261927
0.0033354
0.026487
0.0337464
0.0446355
0.044145
0.0413982
0.0331578
0.0242307
0.0142245
0.0211896
0.0319806
0.0444393
0.0594486
0.0476766
0.0269775
0.0051993
-0.0091233
-0.0199143
-0.0265851
-0.0322749
-0.0213858
0.0051993
0.0256041
0.0482652
0.0607239
0.061803
0.0547398
0.0359046
0.0071613
-0.0109872
-0.0168732
-0.0095157
0.0073575
0.017658
0.0340407
0.0462051
0.0631764
0.0832869
0.117033
0.146954
0.167162
0.15647
0.13783
0.106046
0.0684738
0.0318825
-0.0150093
-0.0525816
-0.0797553
-0.0839736
-0.0778914
-0.0632745
-0.0587619
-0.0574866
-0.0625878
-0.0777933
-0.0906444
-0.0988848
-0.105163
-0.112521
-0.119976
-0.126451
-0.138419
-0.132337
-0.114188
-0.0875052
-0.0595467
-0.0363951
-0.0199143
-0.0004905
0.0345312
0.0739674
0.109382
0.137732
0.151859
0.160884
0.169419
0.170792
0.171675
0.169222
0.172264
0.179131
0.177659
0.172067
0.158333
0.139891
0.120761
0.106242
0.0950589
0.0825021
0.0660213
0.0394362
0.0273699
0.0121644
-0.0094176
-0.0234459
-0.02943
-0.0240345
-0.0207972
-0.0283509
-0.0373761
-0.0435564
-0.0523854
-0.0551322
-0.0585657
-0.0616068
-0.0649422
-0.0698472
-0.072594
-0.0718092
-0.060822
-0.0474804
-0.0444393
-0.0434583
-0.0487557
-0.0522873
-0.0586638
-0.070632
-0.0682776
-0.0567018
-0.0370818
-0.0138321
0.0112815
0.0226611
0.0341388
0.0369837
0.03924
0.0388476
0.0350217
0.0373761
0.0376704
0.0327654
0.0311958
0.0201105
0.0135378
0.0040221
0.0016677
0.0045126
0.0132435
0.0227592
0.0361989
0.0485595
0.0564075
0.0593505
0.0635688
0.0688662
0.0724959
0.0744579
0.0705339
0.0621954
0.0482652
0.0242307
0.0012753
-0.0187371
-0.0324711
-0.0399267
-0.0449298
-0.046107
-0.0481671
-0.0506196
-0.0515025
-0.0507177
-0.0484614
-0.0467937
-0.045126
-0.0405153
-0.0341388
-0.028449
-0.0226611
-0.0206991
-0.0172656
-0.0160884
-0.0138321
-0.0126549
-0.0073575
-0.0025506
0.0020601
0.0055917
0.0082404
0.0100062
0.0116739
0.0123606
0.0139302
0.0149112
0.0141264
0.0131454
0.011772
0.0094176
0.0087309
0.0079461
0.0071613
0.0052974
0.0037278
0.0015696
0.000981
-0.0002943
0.0011772
0.0018639
0.0043164
0.0054936
0.007848
0.0089271
0.0105948
0.011772
0.0133416
0.0126549
0.0103005
0.0059841
0.0015696
-0.0038259
-0.0074556
-0.011772
-0.014715
-0.0167751
-0.0171675
-0.0171675
-0.0158922
-0.0144207
-0.0122625
-0.0114777
-0.0100062
-0.0086328
-0.0066708
-0.0054936
-0.0040221
-0.0032373
-0.0023544
-0.0025506
-0.0025506
-0.0032373
-0.0034335
-0.0040221
-0.0034335
-0.002943
-0.0016677
-0.0010791
0.0001962
0.0007848
0.0018639
0.0018639
0.0024525
0.0021582
0.0025506
0.001962
0.0018639
0.0010791
0.0008829
-9.81e-05
-0.0004905
-0.0016677
-0.0017658
-0.0025506
-0.0025506
-0.002943
-0.0026487
-0.0030411
-0.0025506
-0.0027468
-0.0022563
-0.0024525
-0.001962
-0.0021582
-0.0016677
-0.0020601
-0.0015696
-0.001962
-0.0014715
-0.0017658
-0.0012753
-0.0014715
-0.000981
-0.0012753
-0.0008829
-0.0011772
-0.0006867
-0.000981
-0.0004905
-0.0007848
-0.0002943
-0.0005886
-9.81e-05
-0.0003924
0
-0.0002943
9.81e-05
-0.0002943
9.81e-05
-0.0001962
0.0001962
-0.0001962
0.0001962
-0.0001962
0.0001962
-0.0001962
0.0001962
-0.0001962
9.81e-05
-0.0002943
9.81e-05
-0.0002943
0
-0.0003924
-9.81e-05
-0.0004905
-9.81e-05
-0.0005886
-0.0001962
-0.0006867