0.0427
0.0429678
0.043164
0.0433602
0.0434583
0.0437526
0.0438507
0.0438507
0.0439
0.0439488
0.0440469
0.0439488
0.0438507
0.0437526
0.0436545
0.0434583
0.0432621
0.043164
0.0428697
0.0425754
0.0422811
0.0418887
0.0415
0.041202
0.0407115
0.040221
0.0397305
0.03924
0.0386514
0.0379647
0.0374742
0.0367875
0.0361008
0.0354141
0.0347274
0.0338445
0.0330597
0.0322749
0.031392
0.0306
0.0297
0.0287433
0.0278604
0.0268794
0.0259
0.0249174
0.0238
0.0227592
0.0217782
0.0206991
0.0195219
0.0185
0.0173637
0.0161865
0.0151074
0.0139302
0.012753
0.0115758
0.0103986
0.00932
0.0080442
0.006867
0.0055917
0.0045126
0.0032373
0.00216
0.000883
-0.0002943
-0.00147
-0.00255
-0.0037278
-0.004905
-0.0273699
-0.028
-0.0286452
-0.0296262
-0.0292338
-0.0278604
-0.0269
-0.029
-0.0330597
-0.0381
-0.0414
-0.0389457
-0.0342
-0.0332559
-0.0356
-0.0436545
-0.0397305
-0.0339426
-0.0297243
-0.0248193
-0.0207
-0.0193257
-0.0111
-0.0143226
-0.0316863
-0.0265
0.00363
0.019
-0.0229554
-0.065727
-0.0739674
-0.0379647
0.0044145
-0.0157
-0.00177
0.0285471
0.012753
-0.0444
-0.100454
-0.147
-0.102
-0.109578
-0.150682
-0.0835812
0.0311958
0.0872
0.00971
-0.0493443
0.0345312
0.177
0.22
0.209
0.208
0.297
0.312
0.0229554
-0.280958
-0.286
-0.0793
0.0325692
-0.0878976
-0.279781
-0.37484
-0.227886
-0.0081423
0.145482
0.199437
0.146267
0.0701415
0.12
0.0551
0.110068
0.0713
-0.0021582
-0.0859356
-0.0800496
0.0189
0.141264
0.269579
0.134
-0.0272718
-0.142
-0.000981
0.183251
0.227788
0.145875
0.0446355
-0.0258
0.0669
0.149
0.177
0.204048
0.165
0.101
0.218
0.308
0.303
0.249174
0.337
0.21788
-0.0457
-0.271
-0.311
-0.147542
0.0393
0.311
0.361891
0.166966
0.0074556
0.121252
0.198947
0.128119
0.0393381
0.122625
0.0553284
0.105359
0.261731
0.360517
0.170792
-0.08829
0.0568
0.203
0.269677
0.368071
0.434779
0.216016
-0.107125
0.108597
0.603609
0.790784
0.659
0.140185
-0.316373
-0.248
0.437918
0.618717
0.351983
0.0880938
-0.299794
-0.688073
-0.62735
-0.309407
0.0502272
0.249272
0.172754
0.216997
0.283215
0.412
0.205912
0.0185
0.234263
0.669
0.843
0.485889
-0.235146
-0.580654
-0.325692
0.0309
-0.137242
-0.349
-0.220136
-0.0249174
0.217978
0.360321
0.109382
-0.325
-0.269
0.117033
0.403
0.303521
0.143
-0.07
-0.34
-0.297733
-0.177169
-0.37484
-0.672
-0.428305
0.0779895
0.0988
-0.0881
0.0974
0.376
0.52
0.39
0.163
-0.18021
-0.465877
-0.434191
-0.0936855
0.0955494
0.0651
-0.172067
-0.346
-0.394166
-0.272
-0.154
-0.232987
-0.364
-0.425165
-0.349
-0.291
-0.325
-0.378
-0.279
-0.100847
0.14
0.351787
0.445
0.484
0.393283
0.154
-0.0223
0.0170694
-0.0314
-0.248
-0.514338
-0.667
-0.405
0.0144207
0.203754
-0.0469
-0.431836
-0.522873
-0.324515
-0.0295
0.323534
0.551616
0.439
0.03
-0.180406
-0.080442
-0.258592
-0.232
0.0619
0.322455
0.283803
0.0932931
-0.0677
-0.428599
-0.878584
-1.1
-0.791
-0.421634
-0.583695
-0.730649
-0.685032
-0.903
-1.19
-1.38262
-1.39351
-1.33
-1.20565
-0.786
-0.199
0.152
0.358
0.597331
0.665
0.670121
0.657662
0.482
0.21219
0.384356
0.752
0.758313
0.332853
-0.232987
-0.92
-1.57146
-2.16222
-2.27926
-2.21569
-1.88
-1.31
-0.519
0.167
0.115
-0.361
-0.407
-0.117
0.015696
0.065727
0.265949
0.541
0.738
0.617638
-0.036297
-1.18
-2.39256
-2.86001
-2.24
-0.509237
1.43412
1.62
0.272
-2.1
-3.7693
-3.61832
-2.27003
-1.08
-1.00288
-1.73715
-2.70579
-2.42
-2.79
-3.35
-2.43582
0.41202
1.18201
0.573983
1.52
1.80602
0.0341388
-0.567
0.459
0.985
0.709067
-0.102318
-0.285
1.2
2.40688
1.9415
0.983
-0.27262
-1.36
-0.96501
-0.0289
-0.0726
-0.277
1.11069
3.25
4.26
2.95928
0.415
-1.06615
-1.56
-1.98
-2.73042
-3.08
-2.34
-0.968149
0.016
0.0252117
-0.643242
-1.01661
-0.11566
0.330499
-0.041202
3.11369
3.78
3.06769
2.73709
2.62202
4.08
4.08685
4.34612
4.98
4.75
4.78
5.02419
4.75187
3.97776
3.82727
2.41689
-1.63
-2.15653
-2.13426
-2.99382
-2.99323
-1.71999
-1.41
0.455
1.16768
0.664922
0.302
-0.577
-0.804
-0.391
-0.512
-0.674
-0.25
0.601
1.28
1.39302
1.23
0.912722
0.273
-0.389359
-0.729
-0.640397
-0.21
0.187
0.301265
0.391419
0.566822
0.701
0.374
-0.303
-1.08
-1.70723
-1.80602
-1.8
-1.94797
-2.30535
-2.39
-2.15
-1.82
-1.5385
-1.27
-0.836
-0.424283
-0.237794
-0.0403
0.172165
0.569667
1.27677
2.10297
2.54883
2.66
2.52666
2.24521
1.76825
1.07655
0.102122
-0.834733
-1.47081
-1.75795
-1.4509
-0.920374
-0.347372
0.0239364
0.246918
0.822667
1.4922
2.01409
2.19479
2.45221
2.72453
2.91112
2.92985
2.66253
2.23384
1.60511
0.885451
0.158922
-0.456067
-0.902912
-0.981392
-0.921355
-0.734965
-0.43321
-0.133416
0.0789705
-0.0521892
-0.814132
-1.60276
-2.21824
-2.83852
-3.54239
-3.99767
-3.97707
-3.40544
-2.44259
-1.34299
-0.235048
0.67532
1.32523
1.90922
2.6901
3.2888
3.48432
3.09888
2.64134
2.16418
1.66024
1.09126
0.596056
0.312252
0.0684738
-0.219155
-0.500997
-0.556129
-0.513946
-0.507864
-0.502664
-0.408292
-0.31235
-0.0982962
0.435564
1.23057
2.13446
2.53932
2.45741
2.36176
2.20529
1.84919
1.53654
1.28138
1.13374
0.836793
0.223178
-0.597429
-0.954022
-1.04
-1.08695
-1.05045
-0.854942
-0.855138
-0.966187
-1.06752
-1.0587
-1.54978
-2.21814
-2.49557
-2.39786
-1.97868
-1.34966
-0.584676
0.138615
0.795689
1.2702
1.42529
1.14394
0.42595
-0.538373
-1.38851
-1.97152
-2.38432
-2.65979
-2.86226
-3.02452
-2.90366
-2.41022
-1.66064
-0.873679
-0.0671004
0.692194
1.26274
1.47611
1.39155
1.0326
0.527386
-0.0146169
-0.49619
-0.801575
-0.89114
-0.771753
-0.586834
-0.345803
-0.131062
0.145678
0.329027
0.265557
-0.133808
-0.786762
-1.70763
-2.55933
-2.93741
-2.70785
-1.97721
-0.93401
0.207972
1.24204
2.01
2.44357
2.52951
2.47359
2.18792
1.65838
1.08803
0.49825
-0.118701
-0.675615
-1.00062
-1.05536
-0.990614
-0.922532
-0.699747
-0.16883
0.499525
1.06831
1.47209
1.77394
1.86007
1.7245
1.30944
0.839049
0.387691
-0.0785781
-0.553873
-0.993066
-1.31944
-1.46198
-1.32151
-1.18054
-1.15787
-1.10009
-1.07282
-1.01151
-1.00739
-0.893004
-0.67895
-0.403093
-0.079461
0.349432
0.871815
1.38655
1.58255
1.48484
1.19211
0.858767
0.609299
0.516595
0.615774
0.843856
1.20791
1.52183
1.81524
2.02733
2.08355
1.84261
1.17426
0.497269
0.0600372
-0.144894
-0.17658
-0.0970209
0.133907
0.529348
0.869951
0.929988
0.764984
0.558679
0.427422
0.390242
0.436447
0.451456
0.320395
0.0411039
-0.318727
-0.735652
-1.0276
-1.23057
-1.30581
-1.10686
-0.775088
-0.583205
-0.629508
-0.870539
-1.29384
-1.58118
-1.67241
-1.47405
-1.02534
-0.64589
-0.450181
-0.340898
-0.338053
-0.657466
-0.867106
-0.87927
-0.688858
-0.244563
0.311075
0.748209
1.04437
1.33445
1.4506
1.18348
0.786958
0.654818
0.534645
0.324809
0.198358
0.25506
0.402504
0.4079
0.465288
0.542689
0.52611
0.123998
-0.388966
-0.732611
-0.973446
-1.10775
-1.12952
-0.806872
-0.540237
-0.609986
-0.804028
-0.794806
-0.581635
-0.446846
-0.674045
-1.06076
-1.14473
-1.11912
-1.09754
-1.16033
-1.2548
-1.09421
-0.638827
-0.167751
0.10428
0.29381
0.385925
0.408488
0.515516
0.623131
0.613812
0.445864
0.167849
-0.0296262
-0.144109
-0.0426735
0.352866
0.691507
0.815898
0.809521
0.696706
0.259376
-0.362185
-0.870834
-1.06811
-1.13727
-1.11618
-1.05997
-0.975114
-0.876916
-0.71976
-0.512671
-0.293908
-0.103201
0.0084366
0.0261927
-0.032373
-0.106929
-0.117524
-0.0420849
-0.0191295
-0.0426735
-0.0840717
-0.0465975
0.120663
0.274582
0.376017
0.372878
0.551322
0.789803
0.920669
0.958045
0.954415
0.971582
0.945292
0.862495
0.586246
0.190412
-0.0511101
-0.132239
-0.15853
-0.335502
-0.720152
-1.08979
-1.45139
-1.62375
-1.60227
-1.1305
-0.48275
-0.114875
0.0556227
0.0995715
-0.0545436
-0.558091
-0.82355
-0.879172
-0.788332
-0.607631
-0.271933
0.0173637
0.143422
0.12959
0.144403
0.240443
0.384454
0.522677
0.628232
0.677773
0.595
0.400444
0.176972
0.12959
0.183545
0.381707
0.651678
0.808933
0.937738
1.07851
1.16857
1.09617
0.800987
0.559366
0.470978
0.419279
0.362774
0.353552
0.261633
0.115954
0.0204048
0.0624897
0.258297
0.410941
0.451064
0.448906
0.370327
0.201301
-0.0381609
-0.327458
-0.498642
-0.630391
-0.772734
-0.982472
-1.14669
-1.33514
-1.46542
-1.52084
-1.55479
-1.5595
-1.52908
-1.46581
-1.32984
-1.0326
-0.546319
-0.115856
-0.0004905
-0.256728
-0.566527
-0.579869
-0.398384
-0.0426735
0.37
0.809423
0.885745
0.619109
0.139891
-0.134495
-0.249763
-0.241718
0.251921
0.94539
1.40803
1.66937
1.90893
2.21559
1.91678
0.924004
0.06867
-0.373369
-0.602236
-0.861808
-1.12658
-1.29198
-1.31994
-0.972073
-0.293417
0.211994
0.425362
0.455086
0.636277
1.06036
1.18054
0.905169
-0.149406
-1.0066
-1.37605
-1.41853
-1.42785
-1.57598
-1.63081
-1.19447
-0.588796
-0.437722
-0.584284
-0.868676
-0.987475
-0.852195
-0.575945
-0.226611
0.211798
0.618521
0.821391
0.814917
0.382198
0.0260946
0.0259965
0.236715
0.504725
0.536215
0.506294
0.572806
0.891729
1.38664
1.74226
1.9104
1.9257
1.91795
1.70164
1.18436
0.615283
0.151859
-0.0285471
-0.0569961
-0.0590562
-0.0945684
-0.163925
-0.200811
0.201596
0.645302
1.03545
1.14424
1.04329
0.801968
0.447238
0.209051
0.0591543
-0.165985
-0.402602
-0.529838
-0.544553
-0.601059
-0.754291
-0.939994
-1.07272
-1.11314
-1.07939
-0.949608
-0.730649
-0.557993
-0.421143
-0.160688
0.226121
0.503449
0.652365
0.673947
0.611457
0.504725
0.365913
0.273895
0.278898
0.360419
0.475589
0.718975
1.04565
1.33661
1.5178
1.62483
1.65691
1.61531
1.53164
1.33956
0.923808
0.386416
0.0916254
0.0307053
0.11978
0.100258
-0.0556227
-0.25869
-0.420064
-0.466269
-0.421928
-0.399856
-0.475295
-0.604983
-0.725351
-0.819626
-0.874856
-0.961576
-1.10588
-1.31513
-1.41205
-1.43373
-1.43128
-1.45669
-1.44756
-1.33681
-1.11226
-0.73624
-0.292142
0.041202
0.284981
0.525326
0.725449
0.920276
1.069
1.11088
1.0431
0.979234
1.00778
1.09146
1.19231
1.24665
1.31405
1.38478
1.43991
1.4664
1.41195
1.33651
1.26451
1.18279
1.0585
0.803439
0.343448
-0.0384552
-0.291847
-0.469114
-0.653935
-0.859454
-1.02514
-1.06389
-0.935089
-0.731826
-0.488734
-0.305483
-0.143422
-0.0715149
-0.101828
-0.3253
-0.624112
-0.848859
-0.970994
-1.05202
-1.03947
-0.91076
-0.714757
-0.517085
-0.391615
-0.321474
-0.294202
-0.235244
-0.131454
-0.0197181
0.12184
0.263497
0.43007
0.635982
0.82247
0.908406
0.889571
0.709361
0.495503
0.378666
0.317648
0.27831
0.198064
0.127138
0.0399267
-0.0307053
0.0184428
0.114777
0.111245
0.041202
-0.0134397
-0.0251136
-0.069651
-0.175599
-0.360616
-0.457146
-0.453713
-0.338151
-0.255452
-0.24162
-0.306268
-0.38622
-0.399071
-0.351394
-0.305778
-0.29273
-0.305876
-0.278212
-0.206108
-0.118309
-0.0307053
0.0615087
0.171283
0.283019
0.29587
0.227592
0.123802
0.0586638
0.053955
0.084366
0.136653
0.198849
0.243975
0.247212
0.231614
0.184232
0.122233
0.0623916
0.0100062
-0.0767142
-0.163336
-0.244956
-0.296164
-0.289003
-0.250057
-0.20807
-0.15902
-0.112521
-0.0626859
-0.0300186
-0.0322749
-0.0723978
-0.146758
-0.23956
-0.270069
-0.283117
-0.258101
-0.271737
-0.259474
-0.205912
-0.11566
-0.052974
-0.0092214
0.0359046
0.0328635
0.0188352
-0.0110853
0.0025506
0.0759294
0.185213
0.248487
0.304993
0.342958
0.323141
0.26693
0.13783
-0.0464994
-0.180308
-0.271639
-0.319904
-0.368562
-0.391811
-0.409371
-0.371112
-0.33148
-0.28292
-0.218763
-0.164023
-0.127824
-0.12596
-0.159118
-0.156666
-0.163631
-0.176286
-0.236519
-0.350609
-0.416533
-0.433406
-0.4182
-0.455674
-0.474804
-0.504332
-0.516104
-0.492854
-0.457931
-0.421634
-0.371407
-0.362774
-0.358457
-0.383571
-0.405545
-0.419868
-0.395245
-0.363657
-0.267224
-0.15745
0.0055917
0.161375
0.405153
0.600862
0.779601
0.905169
1.00209
1.07733
1.04702
0.903697
0.631175
0.340603
0.0711225
-0.147739
-0.420064
-0.616853
-0.718877
-0.771655
-0.773028
-0.75537
-0.745756
-0.740263
-0.577711
-0.326084
0.061803
0.537784
0.841894
1.02799
1.05536
0.97482
0.78068
0.578201
0.513161
0.51061
0.479022
0.392008
0.236813
0.113011
0.0732807
0.0933912
0.114286
0.164612
0.209149
0.183545
0.123998
0.060822
-0.0050031
-0.0553284
-0.046107
0.142539
0.359046
0.444589
0.514829
0.572708
0.605179
0.599489
0.521009
0.367581
0.223668
0.0848565
0.0210915
-0.0501291
-0.0788724
-0.115758
-0.116641
-0.0871128
-0.0093195
0.0393381
0.0358065
0.0322749
-0.0022563
-0.0338445
-0.132141
-0.263497
-0.417514
-0.52925
-0.565252
-0.45332
-0.201988
0.0306072
0.203067
0.354337
0.517281
0.607141
0.601745
0.479709
0.226121
-0.0544455
-0.281547
-0.465681
-0.642065
-0.809129
-0.940485
-0.976193
-0.932048
-0.599783
-0.291749
-0.0576828
0.0653346
0.147837
0.194336
0.148229
0.0675909
-0.0413982
-0.147444
-0.210326
-0.212975
-0.149112
-0.104182
-0.0751446
-0.0474804
-0.0390438
-0.0414963
0.0183447
0.0619011
0.149504
0.240345
0.306955
0.335404
0.327065
0.292632
0.232105
0.11772
0.0135378
-0.0389457
-0.0703377
-0.0991791
-0.101043
-0.0750465
-0.061803
-0.0538569
-0.0658251
-0.093195
-0.13528
-0.190903
-0.213073
-0.231222
-0.284098
-0.318727
-0.345508
-0.358752
-0.331382
-0.280958
-0.201007
-0.134201
-0.0850527
-0.0379647
-0.0072594
-0.0042183
-0.0070632
-0.030411
-0.0610182
-0.0530721
-0.0555246
-0.091233
-0.134397
-0.152153
-0.146561
-0.133612
-0.114875
-0.0962361
-0.0679833
-0.0287433
0.012753
0.0458127
0.0622935
0.0739674
0.0929007
0.126255
0.154017
0.160001
0.1549
0.132043
0.120859
0.0997677
0.0883881
0.0728883
0.064746
0.0405153
0.0125568
-0.006867
-0.012753
-0.0044145
0.0113796
0.0297243
0.0554265
0.0739674
0.0864261
0.0929007
0.0878976
0.0827964
0.0723978
0.0640593
0.0636669
0.0619011
0.0543474
0.0425754
0.0322749
0.0258003
0.0243288
0.0272718
0.0316863
0.0378666
0.0425754
0.0464013
0.0488538
0.0479709
0.0464013
0.0439488
0.0410058
0.0389457
0.0368856
0.0351198
0.0341388
0.0331578
0.0322749
0.0310977
0.0298224
0.0285471
0.027468
0.0262908
0.0252117
0.0241326
0.0230535
0.0219744
0.0209934
0.0198162
0.0187371
0.0177561
0.0165789
0.0154998
0.0143226
0.0131454
0.0120663
0.010791
0.0066708
0.0065727
0.0065727
0.0065727
0.0065727
0.0066708
0.0066708
0.0065727
0.0066708
0.0065727
0.0065727
0.0065727
0.0066708
0.0065727
0.0066708
0.0065727
0.0065727
0.0064746
0.0065727
0.0065727
0.0065727
0.0064746
0.0065727
0.0064746
0.0064746
0.0064746
0.0065727
0.0064746
0.0064746
0.0063765
0.0063765
0.0062784
0.0063765
0.0063765
0.0063765
0.0062784
0.0062784
0.0061803
0.0061803
0.0061803
0.0062784
0.0061803
0.0061803
0.0060822
0.0060822
0.0059841
0.0060822
0.0059841
0.0059841
0.005886
0.005886
0.0057879
0.0057879
0.0042183
0.0042183
0.0041202
0.0041202
0.0041202
0.0041202
0.0040221
0.0040221
0.003924
0.003924
0.0038259
0.003924
0.0038259
0.0038259
0.0038259
0.0037278
0.0036297
0.0036297
0.0036297
0.0036297
0.0035316
0.0034335
0.0034335
0.0034335
0.0033354
0.0034335
0.0032373
0.0032373
0.0032373
0.0032373
0.0031392
0.0030411
0.0030411
0.0030411
0.002943
0.0030411
0.0028449
0.0028449
0.0028449
0.0028449
0.0026487
0.0027468
0.0026487
0.0026487
0.0025506
0.0025506
0.0024525
0.0025506
0.0024525
0.0023544
0.0023544
0.0023544
0.0022563
0.0022563
0.0021582
0.0022563
0.0020601
0.0020601
0.0020601
0.0020601
0.0018639
0.001962
0.0018639
0.0018639
0.0017658
0.0017658
0.0017658
0.0017658
0.0015696
0.0016677
0.0015696
0.0015696
0.0014715
0.0014715
0.0014715
0.0013734
0.0013734
0.0013734
0.0012753
0.0012753
0.0011772
0.0012753
0.0010791
0.0010791
0.0010791
0.0010791
0.000981
0.000981
0.000981
0.0008829
0.0008829
0.0008829
0.0007848
0.0007848
0.0006867
0.0007848
0.0006867
0.0006867
0.0005886
0.0005886
0.0004905
0.0004905
0.0004905
0.0004905
0.0003924
0.0003924
0.0003924
0.0003924
0.0002943
0.0002943
0.0002943
0.0001962
0.0001962
0.0001962
0.0001962
9.81e-05
9.81e-05
9.81e-05
9.81e-05
0
-9.81e-05
0
-9.81e-05
-9.81e-05
-0.0001962
-9.81e-05
-0.0001962
-0.0001962
-0.0002943
-0.0001962
-0.0002943
-0.0001962
-0.0002943
-0.0002943
-0.0002943
-0.0002943
-0.0003924
-0.0003924
-0.0003924
-0.0003924
-0.0003924
-0.0004905
-0.0004905
-0.0004905
-0.0004905
-0.0004905
-0.0005886
-0.0005886
-0.0005886
-0.0005886
-0.0005886
-0.0006867
-0.0006867
-0.0006867
-0.0006867
-0.0006867
-0.0006867
-0.0006867
-0.0007848
-0.0006867
-0.0007848
-0.0006867
-0.0007848
-0.0007848
-0.0008829
-0.0007848
-0.0007848
-0.0007848
-0.0007848
-0.0007848
-0.0008829
-0.0008829
-0.0008829
-0.0008829
-0.0008829
-0.0008829
-0.0008829
-0.0007848
-0.000981
-0.0008829
-0.000981
-0.0008829
-0.000981
-0.0008829
-0.0008829
-0.0008829
-0.0008829
-0.0008829
-0.000981
-0.000981
-0.000981
-0.000981
-0.000981
-0.000981
-0.000981
-0.0008829
-0.000981
-0.0008829
-0.000981
-0.0008829
-0.0008829
-0.0008829
-0.000981
-0.000981
-0.000981
-0.000981
-0.000981
-0.000981
-0.000981
-0.000981
-0.000981
-0.0008829
-0.000981
-0.0008829
-0.000981
-0.0008829
-0.0008829
-0.0008829
-0.0008829
-0.0008829
-0.0008829
-0.0008829
-0.0008829
-0.0008829
-0.0008829
-0.0007848
-0.0008829
-0.0007848
-0.0008829
-0.0007848
-0.0008829
-0.0007848
-0.0007848
-0.0007848
-0.0007848
-0.0007848
-0.0007848
-0.0007848
-0.0007848
-0.0007848
-0.0007848
-0.0007848
-0.0007848
-0.0006867
-0.0007848
-0.0006867
-0.0007848
-0.0005886
-0.0006867
-0.0005886
-0.0005886
-0.0005886
-0.0005886
-0.0005886
-0.0005886
-0.0005886
-0.0005886
-0.0005886
-0.0005886
-0.0005886
-0.0005886
-0.0005886
-0.0005886