-0.0001962
-0.0002943
-0.0002943
-0.0002943
-0.0002943
-0.0003924
-0.000392
-0.0003924
-0.0003924
-0.0004905
-0.000491
-0.000491
-0.000589
-0.000589
-0.0005886
-0.000589
-0.000687
-0.0006867
-0.000687
-0.0007848
-0.0007848
-0.000785
-0.0008829
-0.000883
-0.000883
-0.000981
-0.000981
-0.000981
-0.0010791
-0.0010791
-0.0010791
-0.0011772
-0.0011772
-0.0011772
-0.0012753
-0.0012753
-0.00137
-0.0013734
-0.00137
-0.0014715
-0.0014715
-0.00147
-0.0015696
-0.0015696
-0.0016677
-0.0016677
-0.0016677
-0.0017658
-0.0017658
-0.0018639
-0.0018639
-0.0018639
-0.001962
-0.001962
-0.0020601
-0.00206
-0.0021582
-0.0021582
-0.00226
-0.0022563
-0.0022563
-0.0023544
-0.0023544
-0.0024525
-0.0024525
-0.0025506
-0.0025506
-0.0026487
-0.0026487
-0.0027468
-0.0027468
-0.0028449
-0.0178542
-0.0178542
-0.0177561
-0.0177561
-0.0177561
-0.0172656
-0.0172656
-0.017658
-0.0179
-0.0182466
-0.0173637
-0.0161865
-0.0173
-0.0155979
-0.0157941
-0.0172656
-0.0173637
-0.0160884
-0.0116739
-0.0133416
-0.0180504
-0.0177561
-0.0249174
-0.0256041
-0.0137
-0.0070632
0.00128
0.0043164
-0.0052974
-0.0209934
-0.0121644
-0.0001962
9.81e-05
0.0048069
-0.0055917
-0.0050031
-0.00579
-0.0109
-0.012753
-0.0123606
-0.012753
-0.00608
-0.0070632
-0.0110853
-0.0132435
0.0054936
-0.0239364
-0.0530721
-0.0445
-0.0324
-0.0275661
-0.0103986
-0.0121644
0.0126549
0.0337464
0.026
-0.0066708
0.0315882
0.047088
0.0169713
0.0181485
-0.0444393
-0.0820116
-0.041202
-0.0065727
0.0121644
-0.0195219
-0.0707301
-0.0809325
-0.048
-0.0388
-0.0358065
-0.0210915
0.00716
0.0197
0.0170694
0.01962
0.0305091
0.0449
0.0143226
-0.0351198
-0.0438507
-0.0218763
-0.0041202
-0.0267813
0.012753
0.0168732
-0.00412
-0.0081423
-0.0072594
-0.0232497
-0.0100062
-0.0194238
0.0025506
0.0679833
0.028449
-0.0135378
0.0228573
0.0709263
0.0727
0.0231516
-0.0435564
-0.0462051
-0.07848
-0.163
-0.138125
-0.0655308
-0.0082404
0.114385
0.164906
0.111638
-0.017
-0.12135
-0.176482
-0.130473
-0.0472842
0.0934893
0.207
0.148229
0.0636669
0.0425754
-0.026487
-0.147444
-0.245152
-0.179
-0.0503253
0.0525816
0.0463032
0.0136
0.0143
0.0677871
-0.0485595
-0.2
-0.0087309
0.252117
0.242896
0.160001
0.0820116
-0.0244269
-0.121252
-0.215
-0.222
-0.183
-0.104
-0.0436
-0.1
-0.129
-0.0062784
0.137438
0.16059
0.114188
-0.030411
-0.155
-0.154311
-0.115954
0.0929007
0.226
0.177953
0.0933912
0.0345312
-0.0478
-0.093
-0.033354
0.0671004
0.106144
0.0714168
0.0012753
-0.0217782
-0.0488538
-0.10173
-0.166476
-0.112423
0.0499329
0.217782
0.307642
0.136
-0.0617049
-0.109774
-0.122625
-0.226
-0.120369
-0.00549
-0.0025506
-0.0296262
-0.057
-0.118112
-0.119388
0.0053
0.116739
0.114483
0.0198162
-0.124
-0.196494
-0.148
0.048069
0.179425
0.23544
0.30568
0.266
-0.0223
-0.107
-0.0159903
0.13
0.19414
0.160982
0.116445
0.0753408
0.105
0.225924
0.348
0.384
0.425
0.497171
0.581
0.535
0.384552
0.156
0.0329
0.0185409
0.0133416
-0.0077499
0.0144
0.120859
0.114777
0.0501
-0.00157
-0.0289395
-0.0800496
-0.155
-0.219842
-0.225532
-0.273307
-0.373074
-0.321376
-0.0643536
0.0771066
-0.0785781
-0.288414
-0.344
-0.238
-0.0741636
-0.0061803
0.0776
0.153723
0.0793629
-0.0028449
-0.0195
-0.0368
-0.0649
-0.0763218
-0.0771
-0.0935874
-0.105948
-0.113
-0.186684
-0.313528
-0.656
-0.969522
-1.13021
-1.06
-0.414
0.266
0.535822
0.264
-0.309309
-0.767
-1.07
-1.04
-0.812759
-0.454203
0.132043
0.616559
0.64
0.697295
1.1
1.37
1.18181
1.12079
1.60825
2.3235
2.82
3.05807
3.21503
3.30617
3.3
3.08
2.67941
2.2975
1.88352
1.39282
0.887315
0.42
0.0342369
-0.314607
-0.672
-0.898988
-0.861612
-1.00759
-1.36634
-1.70341
-2.26238
-2.97125
-3.32314
-3.39907
-3.43742
-3.21994
-3.22
-3.52522
-3.77636
-3.61185
-2.99578
-1.96249
-1.12109
-0.425165
0.217684
0.832
1.27962
1.48523
1.75
1.98211
2.02312
2.0704
2.29093
2.73
2.7261
1.81828
0.319708
-1.96641
-3.64716
-4.44128
-1.6988
-3.49933
-3.10339
-0.600666
2.09
2.58601
2.62388
3.67237
4.14
0.405643
0.703
-0.118309
1.03397
0.9
0.0331
-1.59579
0.320002
-1.12325
0.477
1.47081
2.30751
0.231025
-0.677675
0.0052
-0.959026
-1.66319
-2.5401
-3.50737
-1.40675
1.26
-0.284784
0.117622
-1.68065
-0.878093
1.63484
2.54079
1.90657
2.0651
0.438409
-1.36624
-1.06
-1.54576
-2.03175
-1.71999
-1.27373
-1.92011
-2.51715
-2.11788
-0.986395
0.239854
1.03937
0.0790686
-1.36565
-1.5
-0.534253
0.633
1.45
1.75883
1.39
0.511
0.0113796
0.17815
0.443118
0.13891
-0.92008
-2.11
-2.3181
-1.04938
1.14542
2.76514
2.70089
1.59
0.867793
1.14277
1.81407
1.89058
1.05
0.0005886
-0.402504
-0.120859
0.0925083
-0.0328635
-0.308721
-0.473823
-0.403976
-0.0743598
0.204342
0.0811287
-0.382296
-0.849055
-1.09637
-1.09646
-0.943624
-1.12187
-1.36663
-0.702886
0.236127
1.24842
1.96926
2.29583
2.33321
2.02047
1.5026
1.00376
0.615283
0.366109
0.141264
0.0710244
0.165004
0.39083
0.697883
0.879663
0.678852
-0.0663156
-1.02181
-1.73598
-1.85125
-1.39547
-0.747522
-0.388966
-0.398384
-0.606552
-0.912134
-1.1667
-1.09156
-0.29018
0.592
1.52624
2.51617
2.24943
2.18547
3.31058
0.980215
2.0086
3.18089
4.90637
5.08187
4.98525
3.3716
0.972171
-0.543376
-1.24685
-1.16435
-0.717111
-0.469212
-0.955396
-2.09247
-3.38043
-4.36427
-4.44226
-3.80108
-3.14352
-2.6334
-2.37343
-1.88087
-0.785781
0.609888
1.94248
2.83901
3.0152
2.32428
1.10264
0.165102
-0.357673
-0.53131
-0.224551
0.652169
1.65573
2.39
2.35371
1.63974
0.527974
-0.876327
-1.91069
-2.17125
-1.48209
-0.19777
1.05713
1.69958
1.41254
0.250744
-1.30071
-2.34969
-2.72071
-2.73081
-2.54334
-2.06775
-1.40116
-0.977665
-0.988848
-1.24754
-1.55547
-1.78738
-2.03126
-2.1636
-2.12749
-1.95141
-1.56146
-0.927732
-0.196298
0.566626
1.22399
1.65406
1.82172
1.76796
1.39155
0.750759
-0.0587619
-0.933422
-1.69948
-2.12985
-1.98231
-1.41333
-0.795983
-0.272326
0.0474804
0.0146169
-0.239364
-0.541218
-0.961478
-1.35398
-1.52496
-1.58834
-1.60962
-1.59256
-1.47189
-1.26343
-1.05242
-0.836695
-0.648441
-0.428795
-0.361891
-0.349726
-0.397109
-0.54367
-0.754095
-0.648049
-0.319021
0.257512
0.894476
1.51358
1.96288
2.29662
2.37755
2.00242
1.27893
0.412805
-0.473627
-1.26
-1.71724
-1.57421
-1.09264
-0.570353
0.0126549
0.382099
0.565546
0.604787
0.586442
0.558189
0.533664
0.548477
0.669729
0.93607
1.22046
1.45816
1.73411
2.08512
2.26827
2.13505
2.00085
2.13593
2.3648
2.49851
2.42719
2.21412
2.0187
1.53487
0.841894
0.160688
-0.383473
-0.808933
-1.20379
-1.48612
-1.55508
-1.45728
-1.19084
-0.837578
-0.494914
-0.13891
0.236519
0.687681
1.28972
1.81632
2.07766
2.06922
1.77002
1.07871
0.0816192
-0.64128
-0.977174
-1.07763
-1.21811
-1.25274
-1.15366
-1.01
-0.856511
-0.676007
-0.42389
-0.0233478
0.410647
0.652954
0.686504
0.506294
0.112717
-0.437722
-0.92057
-1.16278
-1.22909
-1.24106
-1.2703
-1.36241
-1.47101
-1.55665
-1.66525
-1.73735
-1.66535
-1.49995
-1.30708
-1.18171
-1.11353
-0.884371
-0.545338
-0.0862299
0.408587
0.841502
1.19025
1.51172
1.71479
1.59775
1.14218
0.759
0.507668
0.326967
0.266636
0.43007
0.89271
1.20634
1.23066
1.20634
1.13992
0.907425
0.581831
0.422615
0.38828
0.491089
0.807167
1.04163
1.18966
1.36928
1.66162
1.94454
2.13848
2.15506
2.03508
1.59108
1.12187
0.906738
0.80648
0.675909
0.436447
0.243779
0.293025
0.403878
0.329518
0.119093
-0.0906444
-0.385925
-0.758019
-1.16298
-1.41843
-1.49897
-1.51211
-1.45374
-1.30365
-1.00052
-0.715051
-0.538471
-0.418691
-0.280075
-0.103692
0.104673
0.230437
0.230927
0.180798
0.151859
0.201694
0.327556
0.428991
0.506687
0.563388
0.58909
0.44508
0.197377
-0.0499329
-0.223276
-0.308721
-0.302148
-0.174422
0.123802
0.485006
0.7538
0.915175
0.98875
0.972956
0.910172
0.816682
0.720643
0.574964
0.465583
0.429678
0.424479
0.453516
0.517968
0.5731
0.585265
0.562505
0.334227
0.0148131
-0.277034
-0.491285
-0.621856
-0.782347
-0.858081
-0.882115
-0.869558
-0.82561
-0.732709
-0.702788
-0.820803
-0.92214
-0.945684
-0.940877
-1.02505
-1.12982
-1.14836
-1.17622
-1.20016
-1.17396
-1.01475
-0.798044
-0.523854
-0.382786
-0.360419
-0.460285
-0.695333
-0.970503
-1.18564
-1.31895
-1.3835
-1.35947
-1.0894
-0.708773
-0.443118
-0.366502
-0.433896
-0.595271
-0.744285
-0.837774
-0.959418
-1.10627
-1.12619
-0.95
-0.715345
-0.548183
-0.456263
-0.36503
-0.329812
-0.277525
-0.25143
-0.204735
-0.111245
-0.0617049
-0.0273699
0.0135378
0.0662175
0.0837774
0.11615
0.172656
0.243975
0.297047
0.360812
0.43988
0.545926
0.673358
0.838853
1.00405
1.11157
1.22664
1.36663
1.49779
1.5746
1.54292
1.41176
1.2493
1.05614
0.895162
0.81786
0.847388
0.826983
0.728883
0.633432
0.540727
0.420555
0.219646
-0.0345312
-0.156764
-0.164121
0.0150093
0.184526
0.150191
-0.0848565
-0.428795
-0.532291
-0.632549
-0.713972
-0.627251
-0.521303
-0.477551
-0.443412
-0.424086
-0.495797
-0.643438
-0.700238
-0.460579
-0.14352
-0.0018639
0.0423792
-0.0409077
-0.156666
-0.203852
-0.156568
0.139694
0.421143
0.466662
0.450083
0.652757
0.98306
1.28933
1.5231
1.54851
1.3527
1.17112
1.05055
0.951766
0.854059
0.656779
0.317942
0.0732807
0.0214839
0.0005886
-0.134397
-0.265459
-0.283411
-0.159413
0.0308034
0.133907
0.071613
-0.0722016
-0.232105
-0.418298
-0.535332
-0.618324
-0.776363
-0.970307
-1.15807
-1.30983
-1.43766
-1.42863
-1.3267
-1.17995
-1.00631
-0.842875
-0.686504
-0.558581
-0.477649
-0.42752
-0.370033
-0.279977
-0.147739
-0.0516987
-0.0358065
-0.0904482
-0.148033
-0.12341
-0.112521
-0.0822078
0.017658
0.244269
0.452928
0.513553
0.513946
0.5318
0.579182
0.65315
0.698766
0.718288
0.647362
0.648441
0.729275
0.797553
0.727313
0.589287
0.535135
0.52925
0.517674
0.475981
0.418397
0.347764
0.262025
0.207678
0.225532
0.328439
0.391125
0.343154
0.208561
0.067689
-0.0845622
-0.175109
-0.233968
-0.256924
-0.182368
-0.0475785
0.130964
0.343252
0.44557
0.424871
0.254766
-0.0460089
-0.26899
-0.348353
-0.283019
-0.137732
-0.0475785
-0.0376704
-0.0773028
-0.115562
-0.086328
-0.0736731
-0.135574
-0.320885
-0.40633
-0.472351
-0.584382
-0.68621
-0.696216
-0.611653
-0.452633
-0.34747
-0.387985
-0.520813
-0.673555
-0.771164
-0.81217
-0.799809
-0.742617
-0.703769
-0.616657
-0.480886
-0.409175
-0.414374
-0.462443
-0.55299
-0.623425
-0.660703
-0.681599
-0.638042
-0.626368
-0.623622
-0.615872
-0.572512
-0.499035
-0.469997
-0.436741
-0.352473
-0.209149
-0.0907425
-0.0465975
-0.0566037
-0.0792648
-0.0523854
0.0044145
0.0554265
0.110951
0.139694
0.141068
0.123606
0.016677
-0.113404
-0.160197
-0.149602
-0.0691605
0.0112815
0.0984924
0.179817
0.217291
0.251725
0.293515
0.375233
0.438997
0.499623
0.561034
0.579967
0.575357
0.526797
0.477355
0.402995
0.354337
0.344429
0.36503
0.439096
0.534547
0.592328
0.605375
0.614498
0.640397
0.675124
0.65109
0.539354
0.381511
0.292044
0.255845
0.182662
0.132827
0.111932
0.161473
0.221019
0.22926
0.227788
0.239266
0.248684
0.257611
0.215035
0.143716
0.0591543
-0.056898
-0.149112
-0.241424
-0.343448
-0.455969
-0.553971
-0.57928
-0.557895
-0.533762
-0.512671
-0.512769
-0.522088
-0.535822
-0.47912
-0.377685
-0.32167
-0.350511
-0.459795
-0.600961
-0.671593
-0.654621
-0.654818
-0.674241
-0.703573
-0.673358
-0.600078
-0.486086
-0.384748
-0.319217
-0.240051
-0.19002
-0.0895653
0.0070632
0.0974133
0.144698
0.1291
0.103103
0.0389457
0.0527778
0.101043
0.217095
0.307642
0.380432
0.413197
0.441548
0.487949
0.535037
0.588306
0.602824
0.582224
0.537588
0.530329
0.546613
0.569078
0.616657
0.638925
0.66757
0.631372
0.563388
0.506
0.473038
0.522382
0.533762
0.56535
0.554265
0.511591
0.417415
0.337366
0.268598
0.240149
0.230731
0.262908
0.261142
0.2272
0.182956
0.129884
0.075537
0.0437526
0.0300186
0.050031
0.0646479
0.0933912
0.104182
0.1291
0.175991
0.236911
0.305189
0.317452
0.325888
0.250351
0.0395343
-0.17452
-0.360027
-0.485399
-0.554755
-0.573689
-0.558679
-0.51169
-0.429384
-0.341977
-0.272816
-0.226219
-0.200222
-0.172656
-0.120271
-0.0585657
0.0250155
0.0830907
0.165298
0.262418
0.333246
0.394166
0.385533
0.330401
0.212387
0.0787743
-0.0856413
-0.252509
-0.454301
-0.578692
-0.620581
-0.574277
-0.445472
-0.251528
-0.0653346
0.120271
0.265655
0.410647
0.5163
0.607926
0.674536
0.747031
0.777541
0.783525
0.742028
0.593407
0.390438
0.213466
0.0989829
0.0206991
0.007848
0.0705339
0.204342
0.325594
0.330107
0.260357
0.145973
0.001962
-0.0983943
-0.144894
-0.147542
-0.120074
-0.0334521
0.126255
0.279193
0.341192
0.38102
0.342958
0.211111
0.0452241
-0.124587
-0.268696
-0.387691
-0.452633
-0.45901
-0.378175
-0.261927
-0.0979038
0.0346293
0.127039
0.156273
0.113011
0.0697491
0.0335502
0.061803
0.109774
0.129296
0.114777
0.0693567
0.0008829
-0.167555
-0.294692
-0.366502
-0.366305
-0.310094
-0.223864
-0.0476766
0.0935874
0.168143
0.1807
0.036297
-0.127726
-0.27468
-0.381707
-0.416042
-0.385239
-0.329027
-0.240247
-0.1291
-0.0202086
0.0248193
0.0760275
0.0948627
0.071613
-0.0085347
-0.111442
-0.124783
-0.108106
-0.0498348
-0.0074556
0.0005886
0.0447336
0.0620973
0.0985905
0.104084
0.0616068
0.0151074
0.0043164
0.0216801
0.0306072
0.0111834
-0.034335
-0.116543
-0.216016
-0.28812
-0.33197
-0.327065
-0.287335
-0.234557
-0.180504
-0.131356
-0.0514044
0.0175599
0.0528759
0.0636669
0.043164
-0.0122625
-0.132239
-0.244956
-0.331578
-0.385729
-0.395539
-0.357182
-0.300284
-0.232791
-0.157843
-0.085347
-0.0435564
-0.0115758
0.0031392
0.0243288
0.0365913
0.0459108
0.0489519
0.0334521
0.0036297
-0.0120663
-0.0324711
-0.0615087
-0.097119
-0.111638
-0.108989
-0.10634
-0.102122
-0.0946665
-0.105065
-0.117818
-0.116347
-0.10222
-0.0907425
-0.0757332
-0.0684738
-0.0475785
-0.0260946
-0.0120663
-0.0013734
-0.0002943
0.0007848
-0.0149112
-0.024525
-0.0390438
-0.0423792
-0.0453222
-0.0525816
-0.0547398
-0.0576828
-0.0507177
-0.0486576
-0.0471861
-0.0446355
-0.0379647
-0.0327654
-0.0253098
-0.0177561
-0.0118701
-0.0103986
-0.0120663
-0.0138321
-0.0164808
-0.0163827
-0.0144207
-0.0100062
-0.0071613
-0.0076518
-0.0112815
-0.0180504
-0.0236421
-0.0279585
-0.0314901
-0.0332559
-0.0352179
-0.0361989
-0.0380628
-0.0391419
-0.03924
-0.038259
-0.0376704
-0.036297
-0.0359046
-0.0354141
-0.0357084
-0.0357084
-0.0361989
-0.0359046
-0.0359046
-0.0351198
-0.0349236
-0.0339426
-0.0337464
-0.0328635
-0.0325692
-0.0317844
-0.0314901
-0.0307053
-0.030411
-0.0295281
-0.0291357
-0.0282528
-0.0278604
-0.0229554
-0.0224649
-0.0213858
-0.0208953
-0.0198162
-0.0193257
-0.0182466
-0.017658
-0.0165789
-0.0160884
-0.0150093
-0.0145188
-0.0133416
-0.0128511
-0.011772
-0.0111834
-0.0101043
-0.0096138
-0.0085347
-0.0079461
-0.006867
-0.0063765
-0.0051993
-0.0047088
-0.0036297
-0.0031392
-0.0020601
-0.0015696
-0.0003924
9.81e-05
0.0011772
0.0016677
0.0026487
0.0031392
0.0042183
0.0047088
0.0057879
0.0061803
0.0072594
0.0076518
0.0087309
0.0091233
0.0102024
0.0105948
0.0115758
0.0119682
0.0129492
0.0133416
0.0143226
0.014715
0.015696
0.0159903
0.0169713
0.0172656
0.0182466
0.0185409
0.0194238
0.0198162
0.0206991
0.0209934
0.0218763
0.0220725
0.0229554
0.0232497
0.0240345
0.0243288
0.0251136
0.0253098
0.0260946
0.0262908
0.0270756
0.0272718
0.0280566
0.0282528
0.0289395
0.0291357
0.0298224
0.0299205
0.0306072
0.0307053
0.031392
0.0314901
0.0321768
0.0322749
0.0328635
0.0329616
0.0335502
0.0335502
0.0341388
0.0341388
0.0347274
0.0347274
0.0352179
0.0352179
0.0357084
0.0357084
0.0361989
0.0361008
0.0365913
0.0364932
0.0369837
0.0368856
0.037278
0.0371799
0.0375723
0.0373761
0.0378666
0.0376704
0.0380628
0.0378666
0.0381609
0.0379647
0.0383571
0.0380628
0.0383571
0.0381609
0.0384552
0.0381609
0.0384552
0.0381609
0.0383571
0.0380628
0.0383571
0.0379647
0.038259
0.0378666
0.0380628
0.0376704
0.0378666
0.0374742
0.0376704
0.037278
0.0373761
0.0369837
0.0370818
0.0366894
0.0367875
0.036297
0.0363951
0.0359046
0.0360027
0.0355122
0.0356103
0.0351198
0.0352179
0.0346293
0.0347274
0.0341388
0.0342369
0.0336483
0.0336483
0.0330597
0.0330597
0.0325692
0.0325692
0.0319806
0.0318825
0.0312939
0.0312939
0.0307053
0.0306072
0.0300186
0.0299205
0.0293319
0.0292338
0.0286452
0.0285471
0.0278604
0.0278604
0.0271737
0.0270756
0.0263889
0.0262908
0.0256041
0.025506
0.0248193
0.0247212
0.0240345
0.0239364
0.0232497
0.0231516
0.0224649
0.0222687
0.021582
0.0214839
0.0207972
0.020601
0.0199143
0.0198162
0.0190314
0.0189333
0.0182466
0.0180504
0.0173637
0.0171675
0.0164808
0.0163827
0.0155979
0.0154998
0.014715
0.0146169
0.0138321
0.013734
0.0129492
0.0128511
0.0121644
0.0119682
0.0112815
0.0110853
0.0103986
0.0103005
0.0095157
0.0094176
0.0086328
0.0085347
0.007848
0.0076518
0.0069651
0.006867
0.0061803
0.0059841
0.0052974
0.0051993
0.0045126
0.0044145
0.0037278
0.0036297
0.002943
0.0028449
0.0021582
0.0020601
0.0013734
0.0012753
0.0005886
0.0004905
-0.0001962
-0.0002943
-0.0008829
-0.000981
-0.0016677
-0.0016677
-0.0023544
-0.0023544
-0.0030411
-0.0030411
-0.0037278
-0.0037278
-0.0043164
-0.0044145
-0.0050031
-0.0050031
-0.0055917
-0.0055917
-0.0061803
-0.0061803
-0.0067689
-0.0067689
-0.0073575
-0.0073575
-0.0079461
-0.0079461
-0.0084366
-0.0084366
-0.0089271
-0.0089271
-0.0094176
-0.0094176
-0.0099081
-0.0099081
-0.0103986
-0.0103005
-0.010791
-0.0106929
-0.0112815
-0.0111834
-0.0116739
-0.0115758
-0.0119682
-0.0118701
-0.0123606
-0.0122625
-0.0126549
-0.0125568
-0.0130473
-0.0128511
-0.0132435
-0.0131454
-0.0135378
-0.0134397
-0.0138321
-0.0136359
-0.0140283
-0.0138321
-0.0142245
-0.0140283
-0.0144207
-0.0142245
-0.0146169
-0.0144207
-0.0148131
-0.0145188
-0.0149112
-0.014715
-0.0150093
-0.0148131
-0.0151074
-0.0149112
-0.0152055
-0.0149112
-0.0153036
-0.0150093
-0.0153036
-0.0150093
-0.0153036
-0.0150093
-0.0153036