0
0.0002943
-0.0006867
0.0007848
-0.0010791
0.0005886
0
-0.0006867
-0.0002943
0.0001962
-0.000392
0.000392
0.000196
-0.00108
-0.0011772
0.00167
0.000491
-0.0020601
-9.81e-05
0.0012753
-0.0005886
0.000196
-0.0002943
-0.000294
-0.000392
9.81e-05
0.0003924
0.000491
-0.0012753
-9.81e-05
0.0007848
0.0004905
-0.0005886
-0.0008829
0.0013734
9.81e-05
-0.00167
0
0.000491
0.0004905
-0.0013734
0
0.0004905
0.0001962
-0.0002943
-0.0002943
-9.81e-05
-9.81e-05
9.81e-05
0.0003924
9.81e-05
-9.81e-05
-0.000981
0.0003924
-0.0001962
-0.000196
-0.0002943
0.0004905
0.000491
-0.0001962
9.81e-05
-0.0001962
0.0002943
0.0001962
0
-0.0003924
-9.81e-05
0.0003924
-0.0005886
-0.0004905
-9.81e-05
0.0003924
-9.81e-05
-0.0006867
-9.81e-05
0.0005886
-0.0011772
-0.0012753
0.0016677
0.000981
-0.00324
0.0003924
0.0007848
-0.0002943
-0.00216
-0.0001962
0.0001962
-0.0005886
0.000981
-0.0015696
-0.0018639
0.0002943
0.0036297
-0.0018639
-0.0042183
-0.0013734
0.0109
-0.0057879
-0.00687
0.0102024
0.0007848
-0.0080442
0.004905
0.0044145
-0.0081423
0.0038259
-0.0038259
9.81e-05
0.0125
-0.0121
-0.010791
0.0237402
-0.0114777
-0.00589
0.0157941
-0.0152055
0.0013734
0.0199143
-0.0119682
-0.0158922
0.0195
0.0117
-0.0253098
0.0050031
0.0042183
0.0060822
-0.0154017
0.0126
-0.0125568
0.0021582
0.005886
-0.0022563
-0.0062784
0.0077499
-0.0123606
0.0189333
-0.0120663
-0.0008829
-0.0016677
0.0178542
-0.0242307
0.0169
-0.00265
-0.0092214
-0.0028449
0.0151
-0.0186
0.0037278
0.0023544
0.0031392
-0.0127
0.005886
-0.0002943
0.0075537
-0.0028449
-0.0076518
0.0026487
0.0161865
-0.0321768
0.0234
-0.0026487
-0.0145188
0.0092214
-0.0043164
0.0003924
-0.0074556
-0.0001962
0.0154017
0.0032373
-0.016677
0.0161865
0.00736
-0.0181485
-0.0032373
0.0450279
-0.0223668
-0.00834
0.0318825
-0.0171675
-0.0251136
0.0335502
-0.0230535
-0.007848
0.0389
-0.0315882
0.0104967
0.0038259
-0.0097119
-0.0036297
0.0431
-0.021582
-0.0081423
0.0148131
0.0279585
-0.0259965
-0.0575847
0.0359
-0.0048069
-0.0269775
-0.0085347
0.00677
0.0135
0.0209934
-0.0403191
0.0761
-0.0154998
-0.0532683
0.0476766
0.0122625
-0.0395343
-0.0148131
0.0204048
-0.0114
-0.00177
0.00491
-0.0182
-0.00628
0.0437
-0.014
-0.0126549
0.0059841
0.0446355
-0.0348255
0.0463032
-0.0319
-0.025506
0.0022563
0.0370818
-0.00795
0.0301167
-0.0238383
0.002943
0.00108
0.0165
-0.0077499
-0.0064746
0.0479709
-0.0418887
0.047088
-0.0180504
-0.0213858
-0.004905
-0.0281547
-0.0243288
0.0110853
0.0207972
-0.0191295
0.0472
-0.0157941
-0.0007848
-0.0629802
-0.0104
0.0275661
0.000981
-0.0198162
0.0111834
-0.0108
0.0286452
-0.0208953
-0.0766
0.0600372
0.0259965
0.0257022
0.0429
0.0364932
-0.0758
-0.0298224
-0.0803439
0.0698472
0.0081423
-0.00814
0.00559
-0.0439
0.0788724
0.0429
-0.0929988
0.0517968
0.0857394
0.0187371
-0.0666
-0.0140283
-0.0331
-0.0702
-0.018
-0.0220725
0.0969
-0.00755
0.0105948
0.0683
-0.0169
-0.0219744
0.0161865
-0.0150093
-0.00128
0.0234459
-0.024525
0.00334
0.0366
0.0016677
-0.0309015
-0.08
-0.0361008
0.0260946
-0.112619
-0.0025506
0.0659232
0.0347274
-0.0663156
-0.0210915
0.107518
-0.00628
-0.08
0.0690624
0.1136
-0.0614
-0.0464013
0.0491481
0.0120663
0.0418
-0.00265
0.0526
0.0790686
-0.0772
-0.0003924
0.0231516
-0.118
-0.106831
0.0867204
0.00647
0.0201105
0.0112815
-0.0252
0.0176
-0.0561
-0.0164808
-0.0653
-0.053955
0.0539
0.105
-0.00755
0.126549
0.0472842
-0.0369837
0.0163827
0.00883
-0.0929988
-0.0436
-0.14
-0.043164
0.145875
0.0648441
-0.195906
0.00736
0.104378
-0.069651
-0.083385
0.0205
-0.0796
0.124489
-0.0435564
0.14558
0.0550341
-0.218567
-0.198
0.143226
0.114286
-0.0594
-0.0219744
-0.0886824
-0.0685719
0.036297
-0.0218763
0.0776952
0.169124
0.177659
0.186586
0.0884862
-0.28606
-0.191
-0.0621954
-0.17246
-0.095157
-0.0572904
-0.0884862
-0.0648441
0.106635
-0.01962
-0.222
-0.095157
0.05886
0.212
0.164318
0.207482
0.228181
0.397796
0.342
-0.177169
0.226317
0.34335
0.0736731
0.0533664
0.0447336
-0.332363
-0.0636669
0.0798534
0.109774
0.19
-0.221216
-0.480592
-0.298126
-0.424
-0.183545
0.378
0.145973
0.0183447
0.217
-0.188
-0.293221
-0.272129
-0.361302
-0.0532
0.110264
-0.0094176
0.0544455
0.168045
0.17
-0.118112
0.0820116
-0.0006867
-0.208659
-0.07848
-0.205
0.0065727
0.156568
0.0095157
-0.0424773
0.476374
-0.006867
-0.0292338
-0.223668
-0.308328
-0.255158
-0.258
-0.22926
-0.325496
0.0624897
-0.160884
-0.203067
0.0508158
0.451358
0.428403
0.764003
1.32033
0.743206
0.327654
0.151
0.0354141
0.005
0.00314
-0.255943
-1.01
-1.07
-0.399365
-0.223472
-0.438997
-0.0427716
0.212877
0.85
0.53131
0.446944
0.415159
0.214152
0.264085
0.0811
-0.373369
-0.572315
-0.290082
-0.640397
-0.861
-1.18083
-0.602334
-0.0581733
0.0773028
0.334129
0.863182
0.75174
0.479611
0.32942
0.120369
0.0911349
0.16314
0.382394
0.702102
0.602726
0.305287
0.0949608
-0.0865242
-0.342565
-0.458323
-0.267224
-0.148425
0.170596
0.297047
-0.49982
-0.806971
-0.357771
-0.193355
0.037278
0.033354
0.272816
0.168143
0.120565
0.0140283
-0.576141
-0.124293
-0.230535
-0.424086
-0.276838
0.0502272
0.141264
-0.0984924
-0.167947
-0.110559
-0.344723
0.387103
0.568195
-0.0075537
0.0524835
0.586
0.580752
0.685817
0.34384
0.147346
0.303031
0.256826
0.198162
-0.0466956
-0.323926
-0.274189
-0.291847
-0.343939
-0.0075537
0.0154017
0.223766
0.66551
0.0760275
-0.692292
-0.319512
-0.157156
-0.215133
-0.0722997
-0.364834
-0.174029
0.318825
-0.044145
-0.566429
-0.219744
-0.345508
-0.154704
0.397501
0.274189
0.0165789
-0.341878
-0.121055
-0.225139
-0.136751
0.523167
0.929988
0.491775
-0.126647
-0.301
-0.632745
-0.416631
-0.270265
0.476276
0.442235
0.0151074
-0.118014
-0.0018639
0.0097119
0.0919197
0.0299205
0.253883
0.293123
0.597527
0.297341
0.146758
-0.482554
-0.215722
-0.345901
-0.849546
-0.609201
0.242699
0.816388
0.275955
-0.0826983
-0.0942741
-0.0271737
-0.186586
-1.08214
-0.354926
-0.367385
-0.210032
0.502861
0.347961
-0.0286452
0.0352179
0.442137
0.458225
0.40015
-0.152546
-0.140773
-0.0101043
0.185703
0.506687
0.515319
0.763807
0.809816
0.624799
0.511101
0.511003
0.0103986
-0.548673
-1.32749
-1.26461
-0.869755
-0.0087309
0.66551
0.838068
0.431836
-0.275955
-0.614204
-0.671494
-0.216212
-0.343448
-0.409567
-0.144698
-0.0545436
0.15127
0.134397
0.275465
0.127236
0.192767
-0.337856
-0.586442
-0.567116
-0.585363
-0.383473
0.184919
0.70269
0.632549
0.030411
0.159707
0.902912
0.668846
0.230535
0.290572
0.413786
0.182368
-0.76106
-1.01455
-0.752721
0.0542493
0.149308
-0.705829
-0.314803
0.209149
-0.581733
0.0566037
0.672377
0.186979
-0.229456
-0.344822
-0.690918
-0.486576
0.276936
0.0025506
-0.234753
-0.0862299
-0.251528
0.191393
0.302246
-0.567803
-0.856217
-0.523756
-0.429776
-0.424773
-0.41565
0.0746541
0.656191
0.720348
0.616657
0.507373
0.702298
1.12521
0.880251
-0.278506
0.15902
-0.0748503
0.0554265
-0.317942
-0.171479
0.0129492
0.363755
0.617147
0.221706
-0.336
-0.960988
-1.14287
0.0307053
0.181191
-0.854255
-0.274091
1.36653
1.26333
0.319414
0.972465
0.00981
-1.96592
-1.57706
-1.20928
-0.70632
-0.424577
-0.463817
-0.203459
0.40064
0.295183
-0.400542
0.846407
1.75364
0.944703
1.13207
0.611948
1.18309
1.24146
0.809325
0.0178542
0.2788
0.809619
0.55093
0.157647
-0.0411039
-0.336973
-0.419279
-0.666491
-1.46669
-0.985905
-0.414767
-0.566822
-0.51061
-1.10519
-1.46002
-1.12226
-0.411824
1.02622
1.33799
0.324417
-0.416042
0.258297
0.5989
0.453222
0.720937
0.673947
1.20045
0.70063
0.268696
-0.491383
-0.151859
0.687681
0.160884
-0.989731
-1.66721
-0.0011772
0.593309
-0.399365
-0.47863
-0.638042
-0.936365
-0.612438
0.036297
-0.572512
-0.0850527
1.36379
1.63023
1.57735
1.07802
-0.594388
0.315293
-0.255452
-0.224159
0.25918
0.837578
0.50394
-0.564467
-1.21683
-0.256335
0.617736
-0.160786
-0.904384
-1.37772
-1.63503
-1.04025
-0.0586638
0.195023
1.2133
1.39675
0.334325
0.0522873
0.451947
0.842581
0.316961
1.05359
1.29698
-1.20634
-1.36604
-0.97276
0.478139
0.421536
-0.382688
-0.644026
-0.3769
-0.1962
-0.026487
-0.771556
-0.418887
0.705535
1.0016
1.18809
-0.112324
-0.970307
-0.99287
-1.08587
-1.4098
-1.87087
-1.7504
-0.083385
0.959909
0.606847
0.481181
-0.327262
-0.228671
-0.461855
-0.0233478
0.0788724
-0.293025
-0.598999
0.138223
0.986788
1.3785
1.08371
1.07743
1.1565
1.27255
1.39253
1.51692
1.97995
1.74334
1.58834
1.2701
-0.0536607
-0.566135
-0.926554
-1.78012
-1.54625
-0.818154
-0.44145
0.135574
-0.856119
-1.93767
-1.72401
0.608907
0.323632
-0.558189
-0.170204
0.446061
0.31441
0.29067
0.283607
0.544945
0.688368
1.24656
0.230633
-1.07302
-1.29051
-1.74647
-1.09774
-0.9242
-0.436937
-0.113502
0.299107
0.721722
0.594584
0.4234
0.334129
1.22036
0.913213
-0.684248
0.0981
0.0270756
-0.77499
0.31804
0.847584
0.890356
1.10441
0.904384
0.0445374
-0.330695
-0.760275
-1.141
-0.841011
-0.504332
0.318531
0.132337
0.135672
0.0495405
-0.539256
-1.14493
-0.820607
-0.705829
-0.748111
-0.0563094
1.11559
0.470978
-0.368856
-0.494424
-0.102318
0.434485
0.527091
0.212092
0.494424
0.143422
-0.356005
-0.44508
-0.414865
-0.766848
0.45332
0.95775
1.34142
0.632353
0.795199
0.827964
0.733199
0.122429
-0.0306072
-0.225139
-0.748012
-0.540041
-1.19535
-1.2804
-0.113306
0.190314
0.0945684
0.256826
0.339426
-0.672574
-1.15797
-1.00454
-0.847486
-0.77136
-0.638042
0.0109872
1.03721
0.809816
0.815996
1.22056
1.0015
0.989437
0.43527
0.0908406
0.079461
0.336777
-0.0917235
-0.802752
-0.351787
0.959614
0.291357
-0.194827
0.259278
0.224943
-0.235832
-0.990908
-0.416925
-0.98718
-0.944311
-0.130865
0.764788
-0.12547
-0.622837
-0.531408
-0.680912
0.210817
0.805401
0.707988
0.899283
1.59736
0.936855
-0.458323
-0.616853
-0.0791667
0.282234
0.0740655
-0.699551
-0.497171
-0.216212
-0.239266
-0.0617049
0.3201
0.0634707
0.390732
0.307347
-0.324024
-1.33239
-0.969326
-0.314705
0.340407
0.296556
-0.185017
0.0079461
0.808442
0.217586
0.626663
0.628821
-0.0989829
-0.364441
0.139792
-0.28449
0.0130473
-0.346293
-0.285667
-0.351198
-0.623818
-0.461266
-0.109872
-0.244563
-0.846799
-1.10745
-0.916352
-0.251823
-0.832771
-0.87358
-0.557208
-0.981785
-1.1671
-0.87515
-0.707595
-0.411922
-0.675222
-1.04447
-0.841502
0.225336
0.788626
1.06605
1.76276
2.59975
2.67921
1.91442
2.1118
2.42915
0.607631
0.103496
-0.155881
-0.220725
0.276936
0.815211
1.26863
0.705241
0.360812
0.632843
0.604002
-0.459697
-0.964225
-0.802948
0.193649
0.255845
-0.0269775
0.22769
0.652757
0.0660213
0.166476
-0.614891
0.351885
1.19319
0.355024
0.0032373
0.655504
1.35761
1.41961
0.902226
-1.49406
-1.47228
-0.761845
-0.575651
-1.11137
-1.10951
-0.710931
-0.531506
0.140185
-0.107616
-1.69183
-1.5852
-1.42206
-0.816388
-0.754978
-1.57607
-2.10886
-0.974427
-1.19829
-0.728491
-0.463424
-0.139792
0.284
-0.469703
-0.886333
0.0024525
-0.703083
-1.88882
-1.93698
-1.96926
-1.18495
-0.553676
-0.357575
-0.256139
-1.20761
-1.37507
-0.082404
0.231908
1.63464
2.39335
2.401
3.78185
4.28
4.31169
4.57421
5.16938
2.87796
1.21369
1.0738
-0.662666
0.245741
-0.146954
-0.847976
0.0430659
-0.271639
-0.742225
0.183643
1.48602
2.00742
1.61384
2.26228
3.43997
-0.838461
-0.702396
-1.96641
-1.91217
-1.58157
-2.72669
-1.96592
-2.83872
-3.36983
-2.3389
-2.21186
-2.66861
-2.81263
-1.03388
0.754095
1.66015
0.855334
1.22066
2.39256
1.02171
-1.14179
-1.15523
-0.851606
-0.968738
0.143716
-1.74059
-1.50456
-0.605277
0.651973
1.56146
2.84127
2.69128
1.20241
-2.40237
-1.88224
-0.417514
0.757822
-0.487165
0.217488
0.967658
1.57676
3.2167
3.73408
2.05294
1.38939
-0.611555
-3.05346
-1.37183
0.0403191
0.804616
0.390536
-0.372976
0.104771
-0.307838
-1.03908
-3.24191
-3.01108
-2.98558
-1.27402
-0.281155
-0.438213
-0.502763
0.354533
0.717013
-0.345999
-0.214643
-0.405251
-1.05065
-0.578496
0.100749
0.0089271
0.209934
0.55299
-0.846505
-0.383179
0.114973
0.255452
-1.21144
-0.258493
-1.64788
-1.78552
-0.757822
-1.22537
1.87322
0.921846
0.727215
0.670612
1.68506
0.605081
-0.0888786
1.37536
2.71315
-0.0188352
-1.26225
-1.23155
-1.43226
-1.05467
0.0287433
-0.924494
-0.965893
-0.500506
1.11353
0.377096
-0.550047
-0.650403
-2.23864
-1.39165
0.260554
0.974329
-0.087309
-1.34721
-0.63814
-0.509139
-2.16085
-1.57009
-1.07272
-0.464013
-0.489028
-0.313822
-0.970503
-0.080442
0.6764
0.135476
1.6057
1.40244
-0.862986
-0.546319
0.355612
0.144501
0.566724
1.42157
1.33298
1.87381
1.03858
0.398776
0.222687
-0.99238
-1.0841
-0.376213
1.6524
3.25564
2.35312
2.85549
1.44678
1.42922
1.98741
2.21265
0.68513
0.198751
2.6641
1.8588
0.93038
1.82378
-0.582812
-0.876229
-0.181976
1.84291
1.28727
1.08038
-0.841894
-0.760962
-0.177267
-0.780582
0.842679
0.395637
-0.407017
-0.580556
-0.76724
2.79085
2.13407
2.43896
3.02295
2.73915
3.01089
3.5266
1.3787
-0.626172
0.0668061
0.694744
-1.24626
-1.24126
-1.39783
1.37615
1.95729
2.25041
3.16863
3.09398
1.97583
2.38
1.1823
1.0483
-0.688466
0.0336483
-1.7449
-2.68765
-3.19296
-1.00003
-0.502468
0.886824
0.831299
2.2409
1.51476
-2.37382
-3.02276
-3.10761
-2.91946
-1.48651
0.976095
-0.525914
-0.593211
1.84781
0.759686
-0.310094
-1.08469
-2.51322
-1.94621
-1.40626
-1.78787
-1.55636
-2.32536
-0.522971
-0.427618
0.107518
-1.22821
-1.3788
-1.5697
-1.17269
-3.392
-3.09486
-1.85958
-2.53275
-0.178542
-0.0542493
-0.146365
0.409273
0.949216
1.96985
1.88293
2.21147
1.96092
2.65665
3.67022
3.63912
3.70308
3.87554
0.28812
-1.52663
-1.68192
-1.89196
-0.138027
-0.0262908
-0.477649
-2.00359
-3.4181
-2.40011
-3.61842
-3.40701
-3.76773
0.521205
1.358
1.72009
1.61708
0.77705
1.42137
-0.593996
-1.35398
-1.12589
-1.81573
0.106537
2.35872
1.90422
0.657368
1.10549
0.820312
0.0894672
0.477355
2.02312
1.90442
2.26935
1.37477
-0.762728
-0.0488538
0.916058
-0.803635
1.68673
0.389261
-1.51035
-3.49942
-3.6453
-1.45963
0.841796
-0.129296
1.64592
2.43092
1.81191
0.539648
-1.85723
-1.94778
-1.29963
-2.26935
-1.07547
-2.5919
-3.09299
-3.95029
-4.39419
-1.54772
0.106635
-0.699845
-0.767044
-2.36715
-1.78473
1.05242
0.420457
0.263006
0.270364
0.960693
1.34034
1.96602
1.77571
-2.03518
-1.00719
0.770183
-0.11772
-1.37428
-2.64291
-0.200222
-0.0851508
-1.62149
-1.3631
-1.94935
-1.29924
0.111343
1.24979
1.49367
2.1065
1.70351
1.55861
-1.43138
-0.887413
-0.0494424
-1.25578
-1.31738
-2.84451
-2.0086
-2.84255
-2.22628
0.473529
-0.739674
-0.15902
0.51944
0.568588
1.06713
0.377194
0.50031
0.73575
0.849448
1.35594
3.041
3.87907
1.89451
0.430169
1.21526
-0.0748503
-1.59363
-2.61486
-2.74307
-1.71312
-1.28639
0.0346293
1.23478
1.30659
1.59285
2.18802
1.10931
-0.434092
-2.63379
-2.90945
-0.573198
0.636473
-0.883489
-0.661979
-0.567508
0.195611
-0.143815
2.24365
3.05738
2.85412
1.06772
1.24744
0.173245
1.6679
0.674634
-1.82142
1.1619
0.430463
0.206893
-0.0463032
-0.642947
-1.1102
1.05193
0.830318
-0.677773
-1.58951
-2.80115
-1.43049
-1.07724
-1.92374
-1.61747
-1.37379
-0.55917
-0.0494424
-0.770674
-0.230535
1.18279
2.51391
2.25326
1.59167
1.56401
1.09588
-1.32955
-3.22376
-1.27569
-0.943918
-1.93816
-0.686798
-1.11893
-0.715934
0.899577
1.38478
1.44089
2.28642
3.05738
2.6487
2.77044
1.26196
0.803831
1.09332
1.20791
1.71449
2.51862
2.20921
1.51957
0.549262
1.06851
1.10765
-0.284392
-1.72764
-3.16726
-3.24201
-3.38828
-2.03764
-2.54628
-3.0099
-1.07282
1.41342
1.55881
1.7761
0.60253
-0.351002
0.549458
0.359929
1.85448
2.32252
1.70733
2.4833
3.02158
1.7349
-0.33354
-0.863084
-0.982079
0.310486
-0.071613
-1.06654
-0.914783
-1.61453
-1.03554
-0.363166
-1.39861
-0.258886
-0.115856
0.232497
0.725253
0.0970209
-1.9261
-2.75455
-2.06187
-0.982177
1.06144
1.66358
1.28364
1.40214
0.747424
0.176482
0.472548
-0.596056
-1.96808
-2.07668
-0.272031
0.616853
-0.682776
-1.68663
-1.69448
-2.17488
-1.72931
-1.59717
-1.37595
-1.02407
-0.387495
1.24047
0.443608
-0.0133416
0.254864
0.350315
1.90373
2.40463
2.81233
2.65096
2.41826
1.52673
1.34966
0.959909
1.16523
0.302933
-0.461266
0.155292
0.641868
0.898204
1.44727
1.89539
2.18066
1.87479
0.406428
0.27517
0.0929988
-0.431051
-0.754487
-1.87253
-3.1958
-3.92165
-4.10392
-4.71537
-5.05352
-3.86328
-3.17756
-1.95621
-1.45335
-1.0221
-0.53955
-0.388084
-0.0839736
1.08862
2.39707
2.73885
1.52477
1.10225
3.43497
4.11
3.52032
1.89058
1.26127
0.548968
-0.590071
-1.74432
-1.59246
-1.51447
-1.37703
-1.47886
-1.05144
-0.0997677
0.663352
0.956769
0.0908406
-1.53477
-0.87927
-0.573296
-0.974722
-1.27236
-1.08969
-0.286158
0.787056
1.02917
0.549066
0.720348
1.51152
1.13482
0.334717
0.351689
0.148229
-0.175795
-0.511788
0.1239
2.50096
2.64733
1.7659
1.27236
1.66711
2.69314
2.8708
2.63075
0.391811
0.091233
-0.471861
-0.349236
0.181485
-0.559955
-0.576632
-0.155489
-0.391027
0.307249
0.670612
0.921453
0.981785
0.461462
1.11275
1.99771
2.34312
1.40685
0.637454
0.133808
0.515908
0.449004
-0.67532
-0.547987
0.569765
0.128609
-0.134299
-0.745364
-1.21301
-0.559661
-0.113306
-0.385533
-0.51424
-0.489911
-0.152938
0.887903
1.88529
2.28014
2.03214
1.78513
1.29423
0.0636669
-0.612733
-0.795002
-0.742127
-1.22095
-1.70929
-2.27455
-2.94712
-3.49138
-3.34992
-2.13789
-2.1943
-2.92083
-2.63143
-2.19754
-1.66201
-0.906738
-0.994734
-0.29224
0.309702
1.02465
2.28936
3.196
3.09241
2.29142
2.72375
3.88947
3.94009
3.19639
1.98231
1.57323
0.139694
-0.580556
-0.863084
-1.46758
-1.99241
-1.71714
-1.11334
-0.660703
-0.443902
-0.367679
0.635688
1.0377
1.69262
1.9256
1.66073
1.35751
1.14905
0.632156
0.178052
-0.488538
-1.21134
-1.27608
-0.723684
0.329126
0.436839
0.423203
0.70995
0.459599
-0.401327
-0.756645
-1.31709
-1.46748
-1.43873
-1.49661
-1.42167
-1.12864
-1.08646
-0.816584
-0.537784
-1.40224
-1.27442
-0.325005
0.299205
0.700532
0.216114
0.010791
-0.0258003
-0.0143226
0.483044
-0.179131
-0.0674928
0.948235
1.22625
1.47072
1.09234
0.127334
0.681991
0.993066
0.761845
0.197279
0.194238
1.76119
2.59651
2.75004
2.97008
1.96014
1.50544
0.512376
0.126255
-0.0553284
-0.331774
-0.308034
-0.208659
-1.02269
-1.25077
-1.4561
-1.53281
-0.806774
-0.457931
-0.433896
-0.233086
-0.797651
-1.14159
-1.40293
-1.8435
-1.17769
-0.644321
0.417121
0.905953
1.14041
1.56636
0.959026
0.655995
0.806186
0.234557
-0.489617
-0.982177
-1.50201
-1.13149
-0.728
-1.34515
-1.68173
-1.1565
-0.440469
-0.977861
-1.60384
-1.8121
-1.67761
-0.804714
-0.0811287
0.458716
0.0449298
-0.766357
-1.99143
-2.34479
-1.82741
-1.01661
-0.99493
-0.711127
-0.150878
0.175207
-0.146071
-0.387103
-0.262319
0.432621
0.502959
-0.247801
0.403387
0.823648
0.0619011
-0.651973
-0.612733
-0.236813
0.0759294
0.358556
0.696706
1.06674
1.3629
1.36271
1.27363
1.2394
1.10755
0.0073575
0.0207972
0.199535
-0.340309
-0.53131
-0.223276
-0.480788
-0.591249
-0.838755
-0.497367
0.0685719
-0.221117
-0.416042
-0.272718
0.848957
1.51712
1.02603
0.647362
0.627546
0.877701
0.910466
0.634609
0.262319
0.0464994
-0.35267
-0.626663
-1.4145
-0.953826
-0.688956
-0.42958
0.156175
0.149995
-0.0214839
0.312939
0.661096
0.569961
0.395049
0.545338
-0.0594486
-0.253687
-0.339328
-0.822961
-1.12864
-1.31228
-1.38272
-1.26206
-1.37006
-1.44325
-1.59285
-1.33249
-1.322
-0.556816
-0.493051
-0.602138
-0.672672
-1.40911
-1.82809
-2.1995
-2.31447
-1.6365
-1.22507
-0.551322
0.313037
0.180406
0.269284
0.207874
0.31343
-0.232399
-0.0743598
-0.196592
-0.463621
-0.711323
-0.608024
-0.649618
-1.1568
-0.859945
-0.327262
0.0044145
0.603119
0.304699
0.286158
0.646871
0.924102
1.04604
1.18554
0.422419
0.215133
0.473431
0.0543474
0.167457
0.0512082
0.317844
0.879467
0.407998
0.384062
0.0774009
0.624112
0.993753
0.811385
0.653935
0.811876
1.39498
1.42853
1.29247
0.88859
0.651384
0.360517
0.0071613
0.203656
0.396226
0.914488
0.65364
0.597331
0.0332559
-0.209149
-0.201301
0.0112815
0.494228
0.366894
0.224159
0.414571
0.440273
0.0658251
0.34904
0.501781
0.507177
0.756253
0.434681
-0.542591
-0.767436
-0.17658
0.0672966
0.108989
-0.130277
-0.0993753
-0.766161
-1.14443
-0.670415
-0.226611
0.322651
0.438115
-0.0109872
-0.461168
-0.755076
-0.362578
-0.507864
-1.08067
-0.939994
-1.25097
-1.14228
-0.901637
-1.41764
-1.4507
-0.948038
-0.267323
0.693959
1.08253
0.830417
0.877701
0.603511
0.113992
-0.232889
-0.323926
-0.914194
-0.587913
-0.420064
-0.412314
-0.388084
0.030411
0.327752
0.959712
0.944114
0.337268
0.557012
-0.0851508
-0.245741
0.273307
0.0310977
0.771949
0.930282
0.901539
0.94745
1.04221
0.984924
1.20712
0.609888
0.208561
-0.0363951
-0.145482
-0.0827964
-0.265262
0.685817
1.04594
1.42049
1.72195
1.3682
1.31228
1.06282
0.958143
0.566233
0.387691
0.363559
-0.0001962
-0.388574
-0.770674
-0.339524
0.202282
0.236715
0.979921
0.608416
-0.263497
-0.399267
-0.168634
-0.419279
-0.323926
0.131748
0.182466
0.474804
0.800104
0.969817
0.957162
0.695529
-0.103005
0.0956475
0.0435564
-0.28812
-0.52199
-0.427814
-0.0980019
0.0925083
0.662077
0.727706
0.750563
1.10539
1.2237
1.08126
0.0785781
0.0250155
0.385337
0.0626859
-0.117524
-0.0120663
0.254864
0.439782
0.139498
0.158235
0.358556
0.343939
0.118112
-0.0639612
-0.274288
0.122134
0.369347
0.370426
0.364245
0.0517968
-0.309309
-0.643242
-1.12943
-0.750563
-0.543376
-0.361499
-0.523265
-0.590268
-0.476177
-0.505411
-0.592426
-0.825119
-1.1357
-1.22164
-1.36447
-1.23449
-1.08901
-1.21281
-0.842385
-0.74605
-0.388378
0.18276
0.0967266
0.0877014
0.2685
0.22975
-0.16059
-0.644517
-1.35319
-1.65455
-1.44619
-0.370622
0.425852
0.340799
0.46882
0.888001
0.913507
1.12383
1.1877
-0.230045
-0.846309
-0.0455184
0.167261
0.003924
0.0327654
-0.023544
0.443804
0.883096
0.347274
0.319708
0.437722
0.104771
-0.143324
0.114679
0.596546
0.598802
0.775088
0.523462
0.0876033
0.0874071
0.397109
0.167261
-0.222589
-0.276936
-0.323338
0.0021582
0.21994
0.25349
-0.165887
-0.497563
-0.108891
-0.0870147
-0.0744579
0.131356
0.310879
-0.0258984
-0.299696
-0.417023
-0.789901
-0.622052
-0.411824
0.55299
0.754095
-0.789607
-1.29953
-0.903109
-0.796376
-0.801477
-0.9707
-0.910466
-0.409666
-0.148131
-0.573787
-0.301461
-0.164318
-0.269677
-0.134691
-0.0861318
-0.0695529
-0.163435
0.0399267
-0.444393
-0.857296
-0.857394
-0.685032
-0.407311
-0.463817
-0.578496
-0.942643
-0.438311
0.362283
0.284588
-0.286942
-0.183055
-0.169811
0.103201
0.345803
0.170792
0.103986
0.0858375
-0.279487
-0.703867
-0.687877
-0.21376
0.134691
0.0394362
0.0259965
0.383571
0.463424
0.438899
0.506392
0.561132
0.395834
-0.262025
-1.14483
-0.950393
-0.556325
-0.283313
0.273993
0.569765
0.574277
0.345508
0.383277
0.378666
0.147542
0.206108
-0.141264
0.0830907
0.534056
0.381413
-0.0960399
0.202969
0.342173
-0.101043
0.0007848
0.630293
0.864555
0.801869
0.253
-0.254962
0.0113796
-0.112717
-0.661979
-0.773911
-0.751054
-0.686111
-0.0383571
-0.178836
-0.443216
-0.0582714
0.51787
0.580261
0.464307
0.229848
0.338445
0.750759
0.767436
0.482063
0.157843
0.0563094
0.255845
0.0401229
0.115267
0.238481
0.421536
0.704652
0.487459
0.493247
0.567312
0.818841
0.608612
0.054936
0.0536607
0.210915
0.352081
0.443608
0.358359
0.136065
0.0146169
-0.0364932
-0.244465
-0.14715
0.162257
0.405349
0.0851508
-0.220038
-0.339328
-0.463817
-0.0202086
0.262614
0.465779
0.428991
0.467741
0.532781
0.48687
0.220431
-0.0087309
-0.0546417
-0.217095
-0.324613
-0.471272
-0.766652
-0.826394
-0.658643
-0.256139
-0.0100062
0.0496386
0.396618
0.34541
0.0079461
-0.0256041
0.14715
0.179719
0.105261
0.221902
0.0210915
-0.418985
-0.364343
-0.285667
0.2685
0.554069
0.426441
0.459991
0.774107
0.933716
0.560838
0.356299
0.216114
0.142834
0.0594486
0.235048
0.490206
0.390046
0.166083
0.292338
0.2375
0.268598
0.599881
0.753212
0.760177
0.527778
0.37896
0.241424
-0.0024525
-0.165102
-0.159216
0.133318
0.142147
0.32216
0.707105
0.687583
0.333344
0.0703377
-0.0617049
-0.0425754
-0.418789
-0.464405
-0.356692
-0.345803
-0.345606
-0.139204
-0.298224
-0.438801
-0.497073
-0.507079
-0.460972
-0.398678
-0.267126
-0.0536607
-0.0960399
-0.0295281
0.0786762
0.26536
0.371995
0.492462
0.715443
0.65776
0.366698
0.502272
0.634903
0.476766
0.358457
0.279977
0.312449
0.43164
0.708773
0.687485
0.576337
0.326084
0.296654
0.338053
0.396618
-0.0464994
-0.251136
-0.483927
-0.564467
-0.481867
-0.222687
-0.0651384
-0.0783819
-0.174029
-0.337954
-0.172754
-0.269088
-0.249763
-0.25712
0.0293319
0.0790686
0.119093
0.277133
-0.028449
-0.165004
-0.0751446
0.0007848
-0.179719
-0.0373761
-0.0475785
-0.303816
-0.265949
-0.0846603
0.136653
-0.0239364
-0.295968
-0.340407
-0.171283
0.081423
0.0024525
-0.144403
-0.316863
-0.26644
-0.133612
0.120074
0.23701
0.0428697
-0.135182
-0.0287433
-0.0772047
0.0167751
0.328046
0.431051
0.562211
0.0988848
0.0124587
0.191491
-0.0874071
-0.156175
-0.118799
-0.274288
-0.281841
0.0502272
-0.0140283
0.0910368
0.119388
0.0533664
-0.199633
-0.207678
-0.407409
-0.509237
-0.295477
-0.0672966
-0.134495
-0.0958437
-0.357476
-0.501585
-0.155096
-0.0052974
0.0934893
0.273895
0.155685
-0.243877
-0.360812
-0.363755
-0.299499
-0.451849
-0.142343
-0.0514044
-0.0380628
-0.0823059
-0.154409
0.0689643
0.110657
0.136751
-0.178836
-0.428305
-0.459206
-0.556227
-0.562604
-0.585461
-0.462738
-0.462934
-0.646381
-0.590562
-0.725351
-0.513063
-0.332657
-0.331382
-0.289689
-0.405447
-0.44351
-0.210523
-0.248782
-0.301363
-0.255158
-0.118995
0.110166
0.152153
0.0566037
-0.0253098
0.017658
-0.104869
-0.316961
-0.620286
-0.736142
-0.455478
-0.444197
-0.542591
-0.488342
-0.355711
-0.295183
-0.0807363
0.0552303
-0.185115
-0.149602
-0.0877995
0.0071613
0.0831888
0.112619
0.0400248
0.04905
-0.0004905
0.0846603
0.279977
0.252804
0.141558
-0.17246
-0.172067
-0.213171
-0.216507
-0.124587
-0.246525
-0.298714
-0.226219
-0.380432
-0.547889
-0.17246
0.106144
0.135967
0.0025506
-0.210915
-0.328243
-0.126647
0.0329616
0.0840717
0.142932
0.247702
0.130964
0.0953532
0.0070632
-0.276053
-0.438997
-0.308132
-0.23495
0.224747
0.539354
0.598802
0.525816
0.305778
0.227494
0.14146
0.0850527
-0.0309015
-0.287433
-0.346685
-0.445472
-0.159805
0.206795
0.0112815
-0.0048069
0.106733
0.478237
0.670808
0.555638
0.356495
-0.0348255
-0.0908406
-0.0625878
-0.201105
-0.230535
-0.0677871
0.347666
0.538667
0.290278
0.114581
0.174716
-0.0279585
-0.2943
-0.285275
-0.106831
-0.0389457
0.0091233
0.0628821
0.173147
0.253785
0.31343
0.263889
0.0983943
0.230633
0.29273
-0.057879
-0.118309
-0.130964
-0.176972
-0.188058
-0.283803
-0.284882
-0.180308
-0.0349236
0.0265851
0.165298
0.284294
0.352473
0.180504
0.275072
0.133416
-0.0726921
-0.156764
-0.208855
0.0555246
-0.0237402
-0.241228
-0.383571
-0.155489
0.141656
0.231614
0.106046
0.169419
0.132926
0.0322749
-0.0909387
-0.161178
0.0619992
0.321179
0.295477
0.173343
0.131356
0.062784
0.0660213
0.0803439
0.0787743
0.222393
0.327065
0.225532
0.159609
0.136751
0.0309996
-0.0641574
-0.154802
-0.0051012
0.0281547
0.110068
0.126255
0.0201105
0.0426735
0.0757332
0.128315
0.211602
0.170596
-0.0793629
-0.0689643
-0.0805401
-0.161276
-0.15539
0.170498
0.407507
0.306366
0.30823
0.353356
0.440273
0.355122
0.198653
0.177463
0.134887
0.0363951
-0.17501
-0.229456
-0.117916
-0.15696
-0.109185
-0.0604296
0.166574
0.352473
0.194728
0.179425
0.253392
0.163925
0.144207
0.15647
0.27056
0.350217
0.388966
0.284
0.180308
0.285373
0.281449
0.207482
0.267911
0.155489
-0.0374742
-0.127628
-0.0978057
0.0090252
0.0338445
-0.0317844
0.111245
0.259573
0.412118
0.496975
0.474313
0.505313
0.30411
0.107812
0.10585
-0.0822078
-0.172067
0.0232497
0.259474
0.261437
0.301952
0.222098
0.213367
0.368562
0.251332
0.219646
0.0522873
0.0452241
0.232301
0.295183
0.0687681
-0.0813249
0.0295281
0.0493443
-0.138321
-0.198653
-0.0947646
-0.0286452
-0.144011
-0.146267
-0.17246
-0.146954
0.0768123
0.2943
0.205029
-0.0507177
-0.18796
-0.341977
-0.446355
-0.280566
0.0293319
0.0231516
-0.033354
-0.0290376
-0.194532
-0.150093
-0.133808
-0.311762
-0.595271
-0.570942
-0.322651
-0.101043
0.135967
0.284686
0.149112
0.171969
0.1136
0.123312
0.0975114
0.0047088
-0.190706
-0.20758
-0.155489
-0.297733
-0.141166
-0.0027468
-0.151859
-0.144599
-0.205127
-0.118014
0.101337
0.227003
-0.0545436
-0.188744
-0.152742
-0.0330597
0.0043164
-0.0352179
-0.173637
-0.342173
-0.36091
-0.26487
-0.253294
-0.292927
-0.285863
-0.278114
-0.182662
-0.258003
-0.242601
-0.316667
-0.23495
-0.207776
-0.152742
-0.115464
-0.248095
-0.11772
-0.0489519
0.0187371
0.0112815
0.0188352
-0.0293319
-0.195415
-0.347666
-0.247408
-0.104869
-0.103692
-0.402799
-0.420064
-0.387887
-0.378764
-0.400738
-0.521107
-0.470488
-0.256041
-0.148523
-0.148327
-0.226513
-0.361695
-0.224257
-0.0740655
-0.110068
-0.134789
-0.0425754
0.102416
0.226807
0.0815211
0.0659232
0.0620973
0.0057879
-0.0388476
-0.179327
-0.263104
-0.21219
-0.128903
-0.340799
-0.356201
-0.219548
-0.0772047
0.0467937
0.0420849
0.0689643
-0.048069
-0.11615
-0.155979
-0.183839
-0.343546
-0.360517
-0.143815
-0.0801477
-0.180995
-0.143422
0.0330597
0.0090252
-0.106537
-0.0547398
-0.082404
-0.0934893
-0.0248193
-0.0558189
-0.139498
0.0626859
0.137929
0.0622935
-0.0783819
-0.175697
-0.17452
-0.222981
-0.182074
-0.187861
0.0615087
0.150682
0.166868
0.182466
-0.128021
-0.193846
-0.0936855
-0.192472
-0.0446355
0.239756
0.33923
0.0538569
-0.0998658
-0.0801477
-0.0391419
0.0128511
-0.156077
-0.10634
-0.0463032
0.0080442
0.0052974
0.0479709
0.093195
0.0612144
0.234557
0.0786762
0.127138
0.145777
0.189235
0.241228
0.0475785
0.0700434
0.208266
0.262516
0.220529
0.0628821
0.13528
0.131552
0.137046
0.192374
0.249763
0.208364
0.0418887
-0.170204
-0.157254
0.113698
0.0391419
0.0032373
0.0250155
0.111834
0.0806382
0.126843
0.293515
0.317942
0.116543
-0.141068
-0.0844641
-0.0336483
-0.0065727
0.0666099
0.266538
0.318236
0.208659
0.187175
0.170596
0.226513
0.423007
0.4492
0.325398
0.108204
-0.0051993
0.13322
0.0520911
-0.0356103
0.0796572
0.286354
0.229064
0.0334521
0.0335502
0.145678
0.339034
0.317648
0.114286
0.099081
0.148916
0.0815211
0.0903501
0.139792
0.261142
0.246427
0.128707
0.263791
0.316961
0.27625
0.0877014
0.050031
0.142049
0.136065
0.198064
0.218959
0.201988
0.286942
0.296851
0.187175
0.162356
0.268205
0.29273
0.242699
0.188352
-0.0960399
-0.118309
0.0485595
0.100454
0.230143
0.158039
0.144109
0.0910368
0.0006867
0.01962
0.138517
0.108597
0.0150093
0.0803439
0.130964
0.176188
0.322455
0.265851
0.0753408
-0.0680814
-0.067689
-0.0410058
-0.0446355
0.0806382
0.109382
0.020601
0.0226611
0.11978
0.0017658
0.0090252
0.166672
0.166279
0.272031
0.319119
0.148131
-0.0101043
0.0738693
-0.13116
-0.209542
0.174618
0.191589
0.0226611
0.0104967
0.204539
0.137438
-0.11821
-0.213466
-0.170694
0.152349
0.195317
0.146463
0.124881
0.0688662
-0.0984924
-0.0792648
-0.132141
-0.148818
-0.0405153
0.0067689
-0.0090252
-0.0621954
0.003924
0.0182466
0.0865242
0.0314901
-0.0847584
-0.0123606
0.021582
-0.0056898
-0.187763
-0.239462
-0.229358
-0.0856413
-0.0881919
-0.126451
-0.0729864
-0.0468918
-0.1239
-0.175109
-0.174226
-0.171184
-0.207678
-0.283705
-0.350217
-0.258984
0.065727
0.159118
0.0859356
0.0248193
0.0550341
0.0772047
0.159707
0.120074
0.122625
0.0514044
-0.109872
-0.353258
-0.393381
-0.221314
-0.0582714
-0.0359046
0.0448317
0.111932
0.164416
0.0144207
-0.0887805
-0.147248
-0.223472
-0.170596
0.0105948
0.0909387
0.0016677
0.0249174
0.0534645
0.0237402
-0.0179523
0.010791
0.0287433
0.06867
0.145188
0.180308
0.237696
0.181289
0.154409
0.0366894
0.0070632
-0.0169713
-0.0162846
-0.0067689
-0.0272718
0.071613
0.0054936
0.121055
0.212288
0.127432
0.0502272
-0.0298224
-0.0779895
-0.0315882
0.0669042
0.0469899
0.0218763
-0.0241326
0.0866223
0.0154017
-0.0850527
-0.146856
-0.274582
-0.28655
-0.114286
0.0805401
0.0916254
0.0798534
0.0738693
-0.0128511
-0.0463032
0.0325692
0.0289395
-0.0677871
-0.12547
-0.167162
-0.230829
-0.107321
0.0497367
-0.0642555
-0.0570942
0.214839
0.28861
0.136457
0.142343
0.135476
0.131062
0.0199143
-0.137732
-0.41408
-0.451456
-0.148916
0.106929
-0.17864
-0.381511
-0.337954
-0.366992
-0.299401
-0.108008
-0.0772047
-0.0448317
-0.0965304
-0.195611
-0.11723
-0.133907
-0.320689
-0.242503
-0.0835812
-0.23181
-0.28606
-0.337562
-0.460874
-0.434092
-0.128609
-0.0415944
0.0248193
0.130865
0.0955494
0.0611163
0.209149
0.202282
0.0298224
-0.109382
0.0161865
-0.0116739
-0.0577809
-0.0032373
0.0449298
-0.110853
-0.270462
-0.0842679
0.0675909
-0.0518949
-0.060822
-0.129296
-0.185409
-0.0231516
0.122429
-0.163729
-0.154409
0.0212877
0.105654
0.0756351
0.0074556
-0.132827
-0.112423
-0.0171675
0.0230535
0.0344331
-0.195317
-0.115267
-0.0383571
-0.169026
-0.161767
-0.0416925
0.007848
-0.136359
-0.0787743
-0.0702396
-0.0503253
-0.005886
-0.0138321
0.010791
-0.0269775
-0.0282528
-0.0648441
-0.126353
-0.14303
-0.198947
-0.14352
-0.0822078
-0.0520911
0.0494424
0.0542493
0.0823059
0.0669042
0.06867
0.0904482
0.0888786
0.0190314
-0.0750465
-0.0308034
-0.0208953
0.0700434
0.0603315
0.0807363
0.0819135
-0.0386514
-0.145384
-0.210817
-0.126941
-0.040221
0.0573885
0.155096
0.0282528
-0.0462051
-0.0966285
-0.0736731
-0.074556
-0.0741636
-0.12596
-0.0977076
-0.0589581
-0.070632
0.0251136
0.105556
-0.0095157
0.0796572
0.220333
0.256237
0.167261
0.13891
0.167947
0.0499329
0.0201105
0.0803439
0.118407
0.112423
0.0994734
0.0621954
0.061803
-0.0303129
-0.0293319
0.0885843
0.0992772
0.0573885
0.108695
0.203459
0.165004
0.0609201
0.0043164
-0.041202
0.004905
-0.028449
0.131356
0.241522
0.209444
0.13371
0.092214
0.171577
0.174618
0.188744
0.151368
0.0952551
0.0671985
0.0073575
-0.0052974
0.0702396
0.0303129
0.0252117
-0.0151074
0.0130473
0.0479709
0.0097119
0.0837774
0.0829926
0.123508
0.0750465
-0.0811287
0.166672
0.252706
0.152447
0.138223
0.156273
0.133122
-0.022563
-0.0537588
-0.0192276
-0.0436545
-0.0432621
0.0037278
-0.0446355
-0.0125568
-0.123312
-0.0671004
-0.0464994
-0.0839736
0.0768123
0.137929
0.120467
-0.0425754
-0.0866223
-0.0478728
0.0339426
0.071613
0.0083385
0.0368856
-0.103299
-0.120271
-0.112423
-0.15127
-0.241424
-0.186488
-0.111638
-0.0453222
0.0541512
0.145777
0.156764
0.151761
0.0984924
0.0124587
-0.0458127
-0.108499
-0.11723
-0.0950589
-0.107027
-0.10379
-0.0236421
-0.010791
-0.0197181
-0.0305091
0.0805401
0.132239
0.126058
0.184428
0.134593
-0.0197181
-0.121448
-0.105065
-0.0621954
-0.119093
-0.166181
-0.13528
-0.0818154
-0.109774
-0.157352
-0.14872
-0.132729
-0.047088
0.0475785
-0.0111834
-0.0445374
-0.065727
-0.0595467
-0.0684738
-0.120565
-0.155783
-0.141068
-0.0268794
-0.0482652
-0.0373761
-0.0652365
-0.120663
-0.000981
0.0453222
0.0160884
0.0523854
-0.0662175
-0.0032373
0.0174618
-0.0573885
-0.0848565
0.0648441
0.0467937
-0.0308034
0.0560151
0.137144
0.0587619
0.0324711
0.0303129
0.0812268
0.0359046
-0.0209934
-0.0673947
-0.0345312
0.0403191
0.0083385
-0.0854451
-0.150485
-0.109283
-0.100651
-0.101632
-0.123312
-0.0311958
-0.0091233
-0.0989829
-0.0407115
0.048069
0.0849546
0.100454
0.120859
0.1291
0.202576
0.256826
0.225434
0.171479
0.161473
0.116641
-0.0365913
-0.0697491
-0.0340407
0.0112815
0.0468918
0.0267813
0.0491481
-0.0720054
-0.0989829
-0.0455184
-0.0376704
-0.0121644
-0.0218763
-0.0623916
-0.110853
-0.201596
-0.187371
-0.0959418
0.0073575
0.0318825
0.0118701
0.0770085
0.182662
0.110363
0.0531702
0.0884862
0.160982
0.0928026
0.0180504
-0.0482652
-0.0819135
0.0316863
0.0292338
0.0182466
0.0940779
0.11723
0.0344331
-0.0862299
-0.0537588
-0.0662175
-0.0546417
-0.0317844
0.0504234
0.142147
0.140577
0.103299
0.0978057
0.0861318
0.0913311
-0.0074556
-0.0118701
-0.0056898
0.0354141
0.0175599
-0.052974
0.0683757
0.192374
0.0541512
-0.0233478
0.0600372
0.232595
0.231516
0.0011772
-0.173048
-0.128413
-0.120271
-0.189725
-0.199143
-0.041202
-9.81e-05
-0.0205029
-0.0083385
-0.104673
-0.185899
-0.208364
-0.246525
-0.198751
-0.169713
-0.0967266
0.0023544
0.0414963
0.0420849
0.0066708
0.0498348
0.117622
0.0903501
0.0202086
-0.0440469
-0.0683757
-0.0698472
-0.0557208
-0.0528759
-0.0008829
0.0641574
0.0715149
0.0390438
0.070632
0.107714
0.158628
0.183741
0.01962
-0.0739674
-0.0093195
0.0476766
0.150191
0.064746
0.0577809
-0.0123606
-0.0442431
-0.107321
-0.1239
-0.0241326
0.023544
0.0867204
0.040221
0.0812268
0.0801477
-0.0494424
-0.096138
-0.145678
-0.0126549
0.0148131
0.02943
0.186194
0.261927
0.1549
0.0897615
0.0396324
0.149602
0.128707
0.148327
0.150289
0.181387
0.166672
0.0680814
0.0267813
0.0473823
0.138125
0.120565
0.120663
0.0007848
-0.0732807
-0.0905463
-0.0721035
0.0312939
0.0159903
0.0477747
0.115758
0.07848
0.0809325
-0.0126549
-0.0781857
-0.125568
-0.0479709
-0.0330597
-0.0143226
0.05886
0.127039
0.0671004
0.0422811
0.0115758
0.0679833
0.207776
0.200222
0.124391
0.059841
-0.0535626
-0.0908406
0.0003924
-0.0162846
-0.0783819
-0.0708282
0.0184428
0.001962
-0.0136359
-0.0373761
-0.0684738
-0.0305091
-0.0308034
-0.0740655
-0.0975114
-0.0413001
-0.0317844
0.0207972
-0.0501291
-0.0997677
-0.0449298
-0.0178542
0.0293319
-0.0254079
-0.056898
0.0069651
0.0116739
-0.0565056
-0.0340407
0.0240345
0.0752427
0.0050031
0.0881919
0.118014
0.179327
0.153527
0.064746
0.0339426
-0.0351198
-0.0224649
-0.0988848
-0.0643536
-0.0569961
-0.0690624
-0.0449298
-0.0351198
-0.0237402
0.0047088
0.0309015
-0.0179523
-0.072594
-0.0895653
-0.12184
-0.0641574
-0.123704
-0.0540531
-0.0344331
-0.0292338
0.0527778
0.0575847
0.0758313
0.159511
0.0948627
0.01962
-0.0337464
-0.119093
-0.156371
-0.141068
-0.0910368
-0.0347274
0.0739674
0.127432
0.105948
0.0742617
0.0847584
0.0615087
-0.0062784
-0.100454
-0.0837774
-0.0759294
-0.0622935
-0.0472842
0.0449298
-0.0383571
-0.153036
-0.155587
-0.175109
-0.0561132
-0.065727
-0.147542
-0.160393
-0.0750465
-0.0556227
-0.161767
-0.146463
-0.0268794
-0.0146169
-0.0144207
0.0085347
-0.045126
-0.005886
-0.0462051
-0.0668061
-0.114777
-0.120467
-0.0962361
-0.0732807
-0.126255
-0.0122625
0.0089271
0.0136359
0.0398286
0.000981
-0.154704
-0.235538
-0.218861
-0.204735
-0.061803
0.0003924
0.0174618
-0.0652365
-0.080442
0.0417906
-0.0210915
0.0367875
0.045126
-0.0743598
-0.0834831
-0.0341388
-0.0884862
-0.133514
-0.169222
-0.0134397
0.0981981
0.128511
0.0791667
-0.001962
0.0748503
0.111245
0.0170694
-0.093195
-0.0430659
0.0226611
0.0102024
-0.0975114
-0.0065727
-0.01962
0.0027468
-0.139694
-0.122134
-0.100553
-0.0072594
-0.012753
-0.0742617
-0.036297
-0.106733
-0.0693567
-0.159413
-0.121055
-0.0874071
-0.0858375
-0.0527778
-0.124096
-0.246525
-0.186096
-0.0886824
-0.146463
-0.0567018
0.0666099
0.211504
0.191393
0.149406
-0.0072594
-0.128021
-0.0623916
-0.0569961
-0.0381609
0.0182466
0.23495
0.203067
-0.0282528
-0.0531702
0.0162846
0.036297
-0.0052974
0.0570942
0.0949608
0.114875
0.104476
0.0364932
0.114385
0.102514
0.0675909
0.138713
0.048069
-0.0194238
-0.111932
0.0013734
0.0552303
-0.011772
-0.051012
0.0408096
0.0943722
0.0849546
0.115856
0.0597429
0.0509139
0.0072594
-0.0032373
0.0261927
0.0562113
0.132141
0.103201
0.0702396
-0.0335502
-0.0547398
-0.0193257
-0.0047088
-0.025506
0.0045126
0.081423
0.0242307
0.0793629
0.172067
0.08829
0.0763218
0.0616068
0.0714168
0.0803439
0.0904482
0.127236
0.0597429
0.144894
0.176286
0.108008
0.0722016
0.036297
0.103496
0.0324711
-0.0185409
0.0417906
0.0582714
0.140185
0.138321
0.12547
-0.0240345
-0.0563094
-0.0099081
-0.0082404
-0.0007848
0.0174618
-0.0026487
0.0509139
0.0777933
0.0959418
0.117818
0.126058
0.11615
0.113404
0.171381
0.138223
0.112324
0.108793
0.0702396
0.0939798
0.109578
0.121938
0.0962361
0.0567018
0.0994734
0.113894
0.0678852
-0.0170694
0.0348255
0.048069
-0.0230535
-0.002943
0.0375723
0.065727
0.0140283
-0.0149112
0.0047088
-0.0097119
-0.0405153
-0.0587619
-0.0388476
0.0302148
-0.0385533
-0.0391419
-0.0050031
0.0060822
-0.00981
-0.0069651
0.038259
-0.0045126
-0.0103005
-0.0083385
-0.0594486
-0.0729864
-0.043164
-0.0062784
-0.0001962
0.0377685
0.0671985
0.0630783
0.0110853
-0.0075537
-0.0189333
-0.10428
-0.0546417
-0.035316
-0.0018639
0.02943
0.0799515
0.121742
0.060822
0.0791667
0.0619992
0.0671004
0.116543
0.0445374
0.0076518
-0.0121644
0.0389457
0.0569961
-0.0796572
-0.0744579
-0.0956475
-0.0153036
-0.0182466
-0.0569961
0.0057879
-0.0046107
-0.0249174
-0.0695529
-0.0974133
-0.120467
-0.134397
-0.114483
-0.148916
-0.181583
-0.205029
-0.240149
-0.217095
-0.132827
-0.0664137
-0.0251136
0.000981
-0.0754389
-0.0485595
-0.0319806
-0.129394
-0.14872
-0.204244
-0.214447
-0.201792
-0.0915273
-0.0983943
-0.0723978
-0.0085347
-0.0121644
-0.0486576
-0.0550341
-0.0427716
-0.038259
-0.031392
-0.0246231
-0.0497367
-0.015696
-0.0011772
0.0128511
-0.0329616
-0.0398286
-0.0310977
0.0100062
0.016677
-0.0020601
-0.0046107
-0.0017658
0.0016677
0.0149112
0.0099081
0.0394362
0.0208953
-0.0566037
-0.0253098
-0.0230535
-0.014715
-0.0455184
-0.0959418
-0.142834
-0.125372
-0.0590562
-0.0587619
0.0033354
0.0423792
0.0386514
0.0472842
0.0561132
0.0840717
0.0770085
0.116543
0.125666
0.106831
0.115562
0.123214
0.165495
0.139694
0.0671985
0.0465975
0.0379647
0.0055917
0.0626859
0.0401229
-0.0122625
-0.0763218
-0.0580752
-0.0152055
-0.0108891
-0.0678852
-0.0854451
-0.0391419
0.0054936
-0.0108891
0.0168732
-0.0080442
0.0631764
0.0991791
0.0591543
0.0341388
0.161669
0.122036
0.0874071
0.0673947
0.100454
0.0700434
0.0307053
-0.0189333
0.0026487
-0.0130473
-0.0567018
-0.0556227
0.0165789
0.0126549
0.0373761
0.0136359
0.0403191
-0.0180504
-0.0249174
-0.0674928
-0.101141
-0.0202086
-0.0134397
-0.0416925
-0.0524835
-0.0273699
-0.0160884
-0.0273699
-0.0483633
-0.0067689
0.0223668
0.0221706
-0.0320787
0.0112815
0.0259965
-0.0342369
-0.0498348
-0.0110853
0.0213858
0.0386514
0.0807363
0.0103986
-0.0265851
-0.0095157
-0.0518949
-0.149014
-0.108891
-0.0859356
-0.0652365
-0.0375723
-0.0797553
-0.0463032
0.0055917
0.0150093
-0.0057879
0.007848
-0.0099081
-0.0516006
-0.0775971
-0.0846603
0.0023544
0.0006867
-0.0207972
-0.024525
0.0062784
-0.0265851
-0.0502272
-0.0236421
-0.0357084
-0.0385533
-0.0379647
-0.0960399
-0.0823059
-0.0563094
-0.0435564
-0.0262908
0.022563
-0.0005886
-0.0239364
-0.0341388
-0.0434583
-0.0936855
-0.121153
-0.134789
-0.0868185
-0.0290376
-0.002943
0.0003924
0.0401229
0.0489519
0.0064746
-0.0102024
-0.0073575
-0.0469899
0.0086328
0.0651384
0.0436545
-0.0002943
-0.0087309
-0.0134397
0.0271737
0.0128511
0.0226611
0.0516006
0.0569961
0.0484614
0.0639612
0.0806382
0.0792648
0.0698472
0.0543474
0.0447336
0.103692
0.0857394
0.113698
0.0962361
0.130179
0.0829926
-0.0041202
-0.0096138
-0.0114777
-0.0187371
-0.0089271
-0.0326673
-0.0177561
0.0060822
0.0023544
0.0442431
0.0554265
0.0244269
-0.0076518
-0.0674928
-0.0809325
-0.0526797
-0.0596448
-0.052974
-0.0332559
0.0825021
0.105948
0.0903501
0.101926
0.0320787
0.0104967
0.0163827
-0.0047088
0.0069651
0.0671985
0.102416
0.0654327
0.0680814
0.0189333
0.0717111
0.0464013
0.0084366
-0.0069651
0.0734769
0.0955494
0.0860337
0.0769104
0.0821097
0.0389457
0.0350217
0.0522873
0.0481671
0.0240345
-0.0734769
-0.0569961
0.043164
0.0356103
0.0430659
0.0694548
0.0358065
-0.0129492
-0.000981
0.0266832
-0.0032373
0.0486576
0.0430659
0.0610182
0.0963342
0.0890748
0.0777933
0.0011772
0.0306072
0.10016
0.0960399
0.0018639
0.0557208
0.0162846
0.0192276
0.0730845
0.053955
-0.0301167
-0.0159903
0.0642555
-0.0042183
-0.0322749
-0.0205029
-0.0213858
-0.0214839
-0.0328635
-0.0036297
0.0073575
-0.0326673
-0.0740655
-0.0879957
-0.037278
0.0429678
0.0772047
-0.0405153
-0.0386514
-0.0213858
-0.059841
-0.0398286
-0.0083385
-0.0414963
-0.0663156
-0.0310977
-0.0561132
-0.0903501
-0.0002943
-0.0187371
-0.0757332
0.0297243
-0.0072594
-0.0731826
-0.073575
0.0046107
-0.0393381
-0.0868185
-0.0135378
-0.0034335
-0.114483
-0.0432621
-0.0212877
-0.0856413
0.0297243
-0.016677
-0.0413982
-0.110657
-0.0565056
0.0086328
-0.0171675
0.0213858
0.0134397
-0.0375723
-0.0775971
-0.120761
-0.143815
-0.138125
-0.0599391
-0.0562113
-0.0705339
-0.0783819
-0.125274
-0.0838755
-0.106929
-0.117131
-0.134201
-0.16834
-0.184526
-0.158432
-0.168634
-0.0994734
-0.0775971
-0.15647
-0.116641
-0.0631764
-0.0128511
-0.0478728
-0.0201105
-0.0369837
-0.0436545
-0.0269775
-0.0708282
-0.0061803
0.0367875
0.0121644
0.0921159
0.106635
0.0663156
0.0720054
0.0679833
0.0771066
0.077499
0.0483633
0.0749484
0.067689
0.114875
0.107223
0.0830907
0.0620973
0.095157
0.0373761
0.0437526
0.0750465
0.0747522
0.010791
0.0125568
0.0022563
0.0653346
0.0161865
0.0464013
0.0344331
0.0597429
0.0722997
0.0466956
-0.0070632
0.0468918
-0.0083385
0.0609201
0.160982
0.159413
0.17246
0.132926
0.129688
0.128021
0.10742
0.106144
0.0592524
0.110264
0.116739
0.106733
0.0690624
0.0797553
-0.0283509
-0.0012753
0.0290376
-0.027468
-0.0188352
-0.0740655
-0.047088
-0.0693567
-0.0144207
-0.0141264
-0.0645498
-0.0369837
0.0273699
0.0085347
0.0354141
0.0016677
-0.0374742
-0.0341388
-0.0458127
-0.0277623
-0.0463032
-0.0026487
0.0124587
-0.0279585
-0.0168732
0.0253098
0.0124587
0.0563094
0.005886
-0.0318825
-0.047088
0.0279585
0.0678852
-0.0146169
-0.0087309
0.0321768
-0.004905
0.0122625
-0.0002943
-0.0453222
-0.0200124
-0.0380628
-0.0958437
-0.0855432
-0.0926064
-0.053955
-0.065727
-0.0728883
-0.0425754
-0.0287433
-0.0276642
-0.0073575
-0.0356103
-0.102711
-0.0522873
-0.116249
-0.0782838
-0.0283509
-0.0205029
-0.034335
0.0209934
0.103103
0.0713187
0.036297
0.0417906
-0.0216801
0.0369837
0.0033354
0.0010791
-0.0027468
0.08829
0.0642555
-0.0024525
0.0580752
0.110264
0.0850527
0.0736731
0.0643536
0.0298224
0.0212877
0.0021582
-0.0442431
0.0839736
0.11566
0.0707301
0.149799
0.164121
0.0305091
-0.0309996
-0.0551322
-0.0754389
-0.0341388
0.0454203
0.304404
0.163533
0.0141264
-0.148229
-0.12135
0.0966285
0.0645498
0.0826002
-0.0055917
0.0963342
0.102711
-0.236225
0.102122
0.0393381
-0.0312939
-0.0011772
0.189725
0.147837
-0.163631
-0.0350217
0.0702396
0.059841
-0.0976095
-0.175207
-0.012753
0.127922
-0.0307053
-0.0136359
0.0150093
0.0057879
-0.0816192
0.0413001
0.0666099
0.0258003
-0.154115
-0.077499
0.0272718
-0.129394
-0.142049
-0.105752
0.0668061
-0.0309996
-0.15078
-0.133318
-0.0130473
0.108302
-0.0624897
-0.250351
-0.028449
-0.0370818
-0.102809
-0.0093195
-0.117524
-0.0579771
-0.0557208
-0.0321768
-0.0923121
-0.0450279
-0.0599391
-0.166868
-0.106537
-0.144599
-0.104967
-0.0789705
-0.0219744
-0.121448
-0.101435
-0.122723
-0.0283509
0.0613125
0.0269775
-0.0497367
0.0554265
-0.0680814
-0.0406134
-0.0242307
0.0287433
0.0939798
0.0962361
0.0724959
-0.0106929
0.0345312
0.0393381
0.0295281
0.0172656
0.0146169
0.109872
0.135084
0.167261
0.109676
-0.0785781
-0.0679833
-0.0270756
0.0171675
0.0150093
0.0237402
-0.0259965
-0.0094176
-0.0017658
-0.0481671
-0.0048069
0.041202
-0.104084
0.0145188
-0.0100062
-0.0455184
0.0339426
0.0517968
0.0562113
0.0132435
0.1549
0.0734769
0.0543474
0.0918216
0.002943
-0.0101043
-0.0332559
0.0134397
-0.0194238
0.0091233
-0.0188352
-0.0295281
0.0505215
0.0247212
0.0073575
0.0179523
-0.0004905
0.0754389
0.0528759
-0.0287433
0.0094176
-0.0371799
0.0224649
0.0060822
-0.0207972
0.0241326
0.112324
0.0609201
0.0493443
0.0213858
0.0297243
0.048069
0.016677
0.0111834
0.0207972
-0.006867
-0.0302148
-0.061803
-0.0491481
-0.0816192
-0.0522873
-0.0881919
-0.0541512
-0.0590562
-0.0513063
-0.0113796
-0.027468
-0.0102024
-0.0613125
-0.0786762
-0.0160884
0.0219744
0.0331578
-0.0239364
-0.130179
-0.0954513
-0.0855432
-0.0759294
-0.104771
0.0094176
-0.0006867
0.0154998
0.0499329
0.0169713
0.014715
-0.0208953
-0.0387495
0.007848
0.021582
0.0511101
0.0379647
0.0599391
0.0918216
0.0481671
0.0278604
0.0612144
0.0130473
0.0562113
0.0426735
0.022563
0.0645498
0.0411039
0.0488538
0.0897615
0.080442
0.0456165
0.0162846
0.0069651
0.0330597
-0.000981
0.0024525
-0.0365913
0.0144207
-0.0108891
0.0023544
0.0057879
-0.008829
-0.0482652
0.0378666
-0.0124587
-0.0220725
0.0434583
0.052974
0.0750465
0.0242307
-0.0135378
0.0023544
-0.0181485
0.0713187
-0.0218763
-0.0523854
0.0100062
0.0223668
0.0636669
-0.0050031
-0.0249174
0.0129492
-0.0011772
0.0511101
0.0908406
0.0802458
-0.0006867
-0.0028449
0.0464013
-0.0484614
0.06867
0.0079461
0.0414963
0.0516006
-0.0126549
0.105163
0.0504234
-0.0103986
0.0432621
0.104673
0.0849546
0.0504234
0.0835812
0.016677
0.0467937
0.0953532
0.0345312
0.0926064
0.050031
-0.02943
-0.0374742
0.0085347
0.0379647
-0.0509139
-0.0933912
-0.0489519
-0.0238383
-0.0808344
-0.0653346
-0.0524835
-0.0268794
-0.0341388
-0.0509139
-0.0272718
-0.101043
-0.12596
-0.0854451
-0.0909387
-0.0587619
-0.0351198
-0.0534645
-0.0711225
-0.0830907
-0.0970209
-0.0398286
-0.0329616
-0.0546417
-0.110951
-0.0872109
-0.0494424
-0.0297243
-0.0232497
-0.0210915
0.0243288
0.0087309
-0.0135378
0.0221706
-0.0063765
0.0101043
0.0258003
0.0108891
0.0319806
0.040221
0.0444393
0.051993
0.0111834
-0.031392
-0.0124587
0.0239364
-0.0090252
-0.0103986
-0.0633726
-0.0769104
-0.0258984
-0.0502272
-0.0411039
-0.0190314
-0.0724959
-0.0633726
-0.0585657
-0.0883881
-0.0714168
-0.0390438
-0.0811287
-0.0747522
-0.0224649
-0.0199143
0.0081423
0.0420849
0.0429678
0.0590562
0.0376704
0.0729864
0.0527778
0.0498348
0.0793629
0.0220725
-0.0043164
0.0236421
0.01962
0.0083385
-0.0481671
-0.061803
-0.032373
-0.0345312
0.0113796
-0.0035316
0.0359046
-0.0022563
-0.038259
-0.0446355
-0.0761256
-0.0339426
-0.0030411
-0.0365913
-0.0061803
-0.0004905
-0.0018639
-0.0025506
-0.040221
-0.0067689
-0.0241326
-0.0279585
-0.0330597
-0.0217782
-0.0557208
-0.021582
-0.0300186
0.0385533
-0.0262908
-0.0221706
0.0018639
-0.0191295
-0.0200124
-0.008829
0.0096138
0.0097119
0.0446355
0.0263889
-0.0233478
-0.0135378
0.0125568
0.0483633
-0.0159903
0.0584676
0.0278604
-0.0349236
0.0112815
-0.0080442
0.0054936
-0.0748503
-0.0062784
-0.0463032
-0.0430659
0.0317844
0.0234459
0.0605277
0.0782838
0.077499
0.0643536
0.0744579
0.0960399
0.059841
0.0887805
0.0871128
0.082404
0.0898596
0.11566
0.074556
0.0712206
0.0869166
0.117622
0.108499
0.0648441
0.0560151
0.0472842
0.0498348
0.0811287
0.0619992
0.0430659
0.0397305
0.0219744
0.0466956
0.048069
0.0243288
0.0533664
0.0638631
0.0423792
0.0259965
0.0486576
0.0340407
0.0370818
0.0722997
0.044145
0.0209934
-0.0122625
-0.0434583
-0.0191295
-0.0124587
0.0203067
-0.0233478
-0.0069651
-0.034335
-0.0275661
-0.0138321
-0.0278604
-0.0805401
-0.0573885
-0.0060822
-0.0095157
-0.0301167
-0.0479709
-0.071613
-0.0577809
-0.0821097
-0.0537588
-0.0113796
0.0072594
-0.0105948
0
-0.0586638
-0.0296262
-0.0417906
0.0082404
0.0514044
0.0499329
0.0202086
0.0269775
0.0389457
-0.0436545
-0.0297243
-0.0118701
0.0116739
0.0774009
0.0929988
0.054936
0.0283509
0.0286452
-0.017658
-0.0543474
0.013734
0.03924
-0.0585657
-0.0496386
-0.0456165
-0.0236421
0.0043164
-0.0336483
-0.0183447
-0.0244269
-0.0497367
0.0006867
0.0230535
0.0212877
0.0046107
0.035316
0.0037278
0.0468918
0.0857394
-0.0063765
-0.0221706
-0.0104967
-0.0153036
-0.074556
-0.101828
-0.103103
-0.0982962
-0.0828945
-0.0593505
-0.0556227
-0.110559
-0.10791
-0.100749
-0.0690624
-0.0748503
-0.111245
-0.100258
-0.075537
-0.0678852
-0.0456165
-0.0475785
-0.0268794
-0.0204048
-0.0370818
-0.0285471
-0.0212877
-0.0361008
-0.0275661
0.0269775
-0.0178542
-0.0374742
0.0340407
0.0378666
0.0154017
0.0126549
0.0123606
-0.0144207
-0.0370818
-0.0524835
-0.0161865
-0.0428697
-0.0206991
0.0375723
0.0369837
0.0391419
-0.0083385
-0.0063765
-0.0287433
-0.0342369
-0.0280566
-0.055917
0.0236421
0.046107
-0.0211896
0.0277623
0.0206991
0.0560151
-0.0416925
-0.017658
0.0062784
-0.0261927
-0.0365913
0.042183
0.0599391
-0.0671985
-0.055917
-0.003924
-0.0266832
-0.0455184
-0.0314901
0.0773028
0.0286452
0.0267813
0.0560151
0.0181485
0.0610182
0.0118701
0.0424773
0.0495405
0.0272718
0.0223668
0.0548379
0.089271
0.0978057
0.105359
0.102613
0.0641574
0.0750465
0.0536607
0.0262908
-0.0157941
0.0073575
-0.0005886
-0.0275661
-0.0346293
0.0283509
0.0053955
0.0230535
0.0537588
0.0279585
0.0685719
0.0219744
-0.020601
-0.0368856
-0.0204048
0.0054936
-0.0120663
0.0251136
0.0296262
0.0193257
0.0336483
0.0201105
0.0279585
0.0336483
0.0252117
0.0097119
-0.0172656
0.0365913
0.0550341
0.0498348
0.0329616
0.0325692
0.0268794
0.012753
0.0603315
0.0551322
0.022563
-0.0281547
-0.0087309
0.0350217
0.0056898
-0.0047088
0.0430659
0.0324711
-0.0266832
-0.0348255
-0.0079461
-0.0280566
-0.0291357
-0.0246231
0.0249174
-0.0144207
-0.0425754
-0.0139302
-0.0189333
-0.0227592
0.0336483
0.0213858
0.0093195
0.0169713
-0.0422811
-0.0429678
-0.0268794
0.016677
-0.0052974
-0.0168732
0.0360027
-0.0277623
-0.0182466
-0.0050031
-0.0154017
-0.012753
0.0150093
0.0015696
-0.0076518
0.0205029
-0.0173637
0.0324711
0.0774009
0.0464994
0.0090252
0.0230535
0.0238383
-0.0023544
0.0005886
0.0159903
0.0357084
0.0110853
0.0226611
-0.0042183
-0.0067689
0.0001962
-0.0497367
0.0204048
-0.007848
0.0387495
0.106144
0.0684738
-0.0032373
-0.0422811
0.0610182
0.0007848
-0.0116739
0.0385533
0.0257022
0.0442431
0.0195219
0.0280566
0.0119682
0.0024525
0.0516006
0.0456165
0.0230535
-0.0438507
-0.0134397
-0.0208953
-0.021582
-0.0130473
-0.0148131
-0.0278604
-0.0467937
-0.0817173
-0.0479709
-0.0205029
-0.0895653
-0.107616
-0.0648441
-0.0405153
-0.0791667
-0.03924
-0.0350217
-0.0532683
-0.0918216
-0.0930969
-0.0894672
-0.0694548
-0.0452241
-0.037278
-0.0807363
-0.0597429
-0.0737712
-0.0383571
-0.0328635
-0.0487557
-0.0379647
-0.0177561
-0.0232497
-0.0360027
-0.0365913
-0.0446355
0.0043164
-0.0262908
-0.0822078
-0.0533664
-0.0616068
-0.109676
-0.0758313
-0.0538569
-0.0209934
0.0057879
-0.040221
-0.04905
-0.0347274
-0.017658
-0.0399267
0.0031392
0.0059841
-0.0123606
0.0125568
-0.0204048
-0.0376704
-0.0297243
-0.0184428
-0.0338445
0.0060822
0.0112815
-0.0329616
0.0114777
-0.0181485
-0.0200124
-0.0190314
-0.034335
-0.0583695
-0.0234459
0.0348255
-0.0217782
0.006867
-0.0208953
0.013734
-0.0091233
0.0021582
0.0250155
0.0537588
0.0457146
0.0374742
0.0708282
0.0980019
0.054936
0.0381609
0.0258984
0.034335
0.0369837
-0.0252117
-0.0070632
0.11929
0.0760275
0.0528759
0
0.0322749
0.0617049
0.0629802
0.0613125
0.0562113
0.0614106
0.0177561
0.0282528
0.0397305
0.035316
0.0553284
0.0632745
0.121644
0.113404
0.0408096
0.025506
0.0876033
0.124881
0.0640593
0.0409077
0.0802458
0.113894
0.0868185
0.0528759
0.0467937
0.0487557
0.0858375
0.0796572
0.0769104
0.0748503
0.0563094
0.0679833
0.112619
0.0829926
0.0390438
0.0526797
0.05886
0.0182466
0.0191295
0.0403191
0.0258984
0.0757332
0.0616068
-0.0084366
0.0031392
-0.0124587
-0.0185409
0.0173637
-0.0162846
-0.0796572
-0.0619992
-0.0439488
-0.0453222
-0.0108891
-0.0312939
-0.0004905
-0.0042183
-0.0307053
-0.0237402
-0.0056898
-0.0438507
-0.0826983
-0.0705339
-0.0842679
-0.0661194
-0.083385
-0.0418887
-0.0756351
-0.0483633
-0.0829926
-0.0672966
-0.0275661
-0.0060822
-0.0324711
-0.0014715
-0.0309996
-0.0257022
-0.02943
-0.013734
-0.0381609
-0.0082404
0.0446355
0.0604296
0.0105948
-0.0380628
0.0038259
-0.0395343
-0.0336483
0.005886
0.0211896
-0.0061803
0.0219744
-0.0106929
-0.0125568
-0.0364932
-0.0602334
-0.0185409
-0.036297
-0.0238383
-0.0260946
-0.0668061
0.0072594
-0.0152055
-0.0509139
-0.0742617
-0.0398286
-0.076518
-0.0677871
-0.015696
-0.02943
-0.0744579
-0.0565056
-0.0254079
-0.0202086
-0.04905
-0.0231516
-0.0228573
-0.0253098
-0.038259
-0.077499
-0.0826002
-0.0786762
-0.0383571
-0.0565056
-0.0502272
-0.0234459
-0.0114777
-0.0265851
-0.0195219
-0.0295281
-0.0074556
-0.001962
-0.0324711
-0.0013734
0.010791
0.0138321
0.0066708
0.026487
0.0270756
-0.0055917
0.0138321
0.0474804
0.0178542
-0.0188352
-0.0241326
0.0016677
-0.0151074
-0.0177561
0.0080442
0.0012753
0.0209934
0.0249174
0.003924
-0.0119682
-0.0347274
-0.0211896
-0.0261927
0.006867
-0.0089271
0.0053955
-0.0051993
0.0038259
-0.002943
-0.0244269
-0.0044145
-0.0035316
-0.0030411
0.0207972
0.0079461
0.0002943
-0.0312939
0.006867
-0.0099081
0.0188352
0.0378666
0.0511101
0.0293319
0.0197181
0.0395343
-0.0056898
0.0001962
-0.0032373
0.0158922
0.0520911
0.0213858
0.0474804
0.0361989
0.0475785
0.0214839
0.0201105
0.0209934
0.0173637
0.0082404
0.0184428
0.0262908
0.0309996
-0.0002943
0.0131454
0.0028449
0.0204048
0.0059841
0.0124587
-0.007848
-0.0171675
0.0394362
0.069651
0.0082404
-0.0071613
0.02943
0.0581733
0.0340407
-0.0229554
-0.0228573
0.0205029
0.0691605
0.0219744
-0.0073575
0.0238383
0.051993
0.0530721
-0.0253098
-0.0217782
0.0200124
0.0287433
-0.0129492
-0.0311958
0.0159903
0.0355122
0.0021582
0.0197181
-0.0121644
0.0348255
-0.0074556
-0.0051012
0.0159903
0.0100062
0.0062784
-0.0043164
0.0260946
0.013734
0.0261927
0.00981
0.0044145
-0.0002943
0.0227592
0.0432621
0.0562113
0.0459108
0.0181485
0.0429678
0.0653346
0.0149112
0.0348255
0.041202
0.032373
0.0297243
0.0418887
0.0479709
0.0494424
0.0479709
0.0133416
0.0051993
0.0164808
0.0223668
0.013734
0.0038259
-0.0213858
-0.0338445
0.0067689
0.0126549
-0.0112815
-0.0309015
-0.0151074
-0.0164808
-0.0229554
-0.0351198
-0.032373
-0.0188352
-0.0050031
0.0059841
-0.0261927
-0.0124587
-0.0163827
-0.0221706
-0.0189333
-0.016677
0.0076518
-0.0101043
-0.0047088
-0.0121644
-0.0260946
0.0076518
0.000981
-0.0048069
0.0008829
0.0138321
0.0006867
-0.0061803
-0.0209934
-0.0277623
-0.008829
-0.0174618
-0.037278
-0.0162846
-0.034335
-0.0260946
-0.0258984
-0.0190314
-0.020601
-0.0236421
-0.0054936
0.0038259
-0.0191295
-0.0142245
-0.0074556
-0.0083385
-0.0074556
-0.0160884
-0.0013734
-0.0055917
-0.012753
0.0084366
-0.006867
0.0003924
-0.0002943
-0.0149112
-0.0220725
-0.0074556
-0.001962
-0.0121644
-0.0154017
-0.0118701
-0.0192276
-0.011772
-0.0143226
-0.0124587
-0.0157941
-0.012753
-0.0139302
-0.0146169
-0.0063765
-0.0065727
-0.0080442
-0.0022563
-0.0064746
-0.0110853
-0.0072594
0.0056898
0.0016677
-0.0045126
-0.0006867
0.0010791
0.0020601
0.0036297
0.0181485
0.0144207
0.0054936
0.011772
0.0089271
0.0123606
0.0007848
-0.001962
0.0034335
0.001962
0.0095157
0.0092214
0.001962
0.0138321
0.0083385
0.012753
0.0062784
0.0076518
-0.0015696
0.004905
0.0124587
0.00981
0.0023544
0.0148131
0.0093195
0.0027468
0.0040221
0.0126549
0.0003924
0.0093195
-0.0035316
-0.0014715
0.0003924
0.0024525
0.0005886
0.0028449
-0.0040221
0.0022563
-0.0037278
0.0037278
-0.0030411
-0.004905
-0.002943
-0.0025506
-0.0004905
-0.0023544
-0.0013734
0.0061803
-0.0044145
0.0011772
0.0001962
-0.0027468
-0.0003924
0.0032373
0.002943
-0.0014715
-9.81e-05
0.0008829
-0.0024525
-0.0005886
-0.0007848
0.0061803
0.0002943
0.0017658
0.0001962
0.0059841
0.0021582
0.0069651
0.0016677
0.001962
0.0003924
0.0018639
0.0038259
0.0001962
-0.0015696
0.0041202
0.0005886
0.0015696
0.0020601
0.0051012
0.0007848
0.0018639
0.0007848
9.81e-05
-0.0005886
0.001962
0.0013734
0.0010791
-0.0013734
-0.0018639
-0.000981
-0.0038259
-0.0041202
-0.0012753
-0.0012753
0.0015696
9.81e-05
9.81e-05
-0.0010791
0.0026487
0.0003924
-0.0036297
-0.0021582
0.0015696
0.0010791
-0.0015696
-0.0044145
-0.0012753
-0.0010791
-0.0005886
-0.0027468
-0.0005886
-0.0037278
0.0001962
-0.0020601
-0.0006867
-0.001962
-0.0027468
-0.0018639
-0.000981
-0.0024525
9.81e-05
-0.0015696
0.0004905
-0.0030411
-0.0003924
-0.001962
0.0001962
-0.0008829
0.0001962
-0.0011772
0
-0.0012753
0
-0.001962
-0.0007848
-0.0016677
-0.0002943
-0.0020601
-9.81e-05
-0.0018639
9.81e-05
-0.0014715
-0.0004905
-0.0014715
0.0001962
-0.0016677
-9.81e-05
-0.0013734
-9.81e-05
-0.0017658
0
-0.0015696
-9.81e-05
-0.0016677
-9.81e-05
-0.0013734
0
-0.0016677
0
-0.0014715
0.0001962
-0.0015696
-9.81e-05
-0.0015696
9.81e-05
-0.0011772
0.0001962
-0.0013734
9.81e-05
-0.0011772
0.0003924
-0.0012753
0.0002943
-0.0012753
0.0002943
-0.0011772
0.0001962
-0.0011772
0.0002943
-0.0011772
0.0002943
-0.0011772
0.0003924
-0.0011772
0.0003924
-0.0011772
0.0003924
-0.0010791
0.0003924
-0.0010791
0.0003924
-0.0010791
0.0004905
-0.0010791
0.0004905
-0.0010791
0.0004905
-0.0010791
0.0004905
-0.0010791
0.0004905
-0.000981
0.0004905
-0.000981
0.0004905
-0.000981
0.0005886
-0.000981
0.0005886
-0.000981
0.0005886
-0.000981
0.0005886
-0.000981
0.0005886
-0.000981
0.0005886
-0.0008829
0.0005886
-0.0008829
0.0005886
-0.0008829
0.0006867
-0.0008829
0.0006867
-0.0008829
0.0006867
-0.0008829
0.0006867
-0.0008829
0.0006867
0