-0.000294
-0.0014715
-0.0005886
0.0006867
-0.0014715
-0.0006867
0.0007848
0.0001962
-0.00235
0.0006867
0.0005886
-0.0012753
-0.0012753
0.0003924
0.0003924
-0.0005886
-0.0021582
-0.0002943
0.0014715
-0.0007848
-0.0014715
-0.0002943
0.000589
0
-0.0015696
-0.0002943
0.0006867
0
-0.0012753
-0.0004905
0
-0.0007848
-0.0004905
0.0012753
-0.0014715
-0.0003924
0.0005886
0.0001962
-0.0014715
-0.00108
-0.000196
0.0003924
-0.0013734
-0.0012753
0.000589
0.0008829
-0.00167
-0.0001962
0.0011772
-0.0014715
-0.0004905
-0.000491
0.0002943
-0.0002943
-0.0006867
-9.81e-05
0.0004905
-0.000981
-0.0003924
0.000491
-0.0010791
-0.0008829
0.0003924
-9.81e-05
-0.0004905
-0.000883
0.000196
-0.0004905
-0.00137
0.000491
-9.81e-05
-0.0003924
-0.0007848
-0.000294
0
-0.0007848
-0.0005886
-0.0006867
0
-0.000589
-0.0006867
-0.00128
-0.000687
-0.0012753
-0.000392
-0.0012753
-0.00147
-0.0018639
-0.0018639
0.0004905
0
-0.0026487
-0.00118
0.0013734
0.000785
-0.0007848
-0.002943
0.00677
-0.0054
0.000883
0.0022563
0.0014715
-0.0054936
0.0035316
-0.0007848
-0.000294
-0.000294
-0.0031392
-0.0002943
-9.81e-05
-0.0025506
0.00245
-0.000981
-0.004905
0.007848
0.001962
-0.0042183
0.00785
-0.00863
0.0105948
-0.0073575
0.00284
0.00265
0.00412
-0.005
0.00294
-0.00598
0.0055917
-0.0017658
-9.81e-05
-0.011
0.0061803
0.003924
-0.0062784
-0.0044145
0.0074556
-0.0041202
-0.0041202
9.81e-05
0.0103986
-0.0100062
-0.0141
0.0129
0.0066708
-0.00903
-0.0015696
0.0116739
-0.0165789
0.00157
0.0171675
-0.0211896
0.00873
-9.81e-05
-0.00687
0.0152055
-0.0148131
0.0067689
-0.0004905
-0.0163827
0.0194
-0.00932
-0.0146
0.022
-0.0258003
0.0151
-0.0149
0.0132
0.0052
-0.0243
0.0113796
0.015
-0.0220725
0.00589
-0.00608
0.00167
-0.0054936
-0.00383
0.0126
0.0052974
-0.0160884
0.0440469
-0.0208953
-0.0222687
0.0140283
0.001962
-0.0076518
0.0042183
-0.0031392
-0.0111834
-0.0070632
-0.0248193
0.0079461
0.012
-0.0052
0.0130473
-0.0054936
0.0360027
-0.0028449
-0.0232497
0.0202086
0.0044145
0.0025506
-0.0191
0.0027468
0.030411
-0.0152
-0.0116739
0.0297243
-0.0031392
0.0031392
-0.0086328
0.0312939
0.0027468
-0.0222687
0.0135378
-0.0097119
-0.0069651
-0.028449
-0.0015696
0.00873
-0.0014715
-0.0339
0.0157941
0.00922
-0.00108
0.0251136
0.0066708
-0.0077499
0.0101043
-0.0128
-0.0374742
-0.00343
-0.0212877
0.0239364
-0.0122625
0.0249174
0.0311958
0.0233
-0.0527
0.0111834
-0.0326
0.0256041
0.0398
-0.0503
0.0455
-0.0239364
-0.0001962
-0.0401229
-0.00167
-0.0062784
0.028449
0.0103
0.0453
0.0152
-0.0342
0.0138
0.018
-0.0432
-0.0104967
0.0026487
0.0311958
-0.0639612
-0.0283509
0.0578
-0.0621954
-0.00343
0.0567018
0.00706
-0.00167
-0.0904482
0.0542
-0.0471861
0.00814
-0.00255
0.00334
-0.0351
0.0152
-0.005886
0.00667
0.035316
-0.0342
0.0709
-0.0221706
0.0363
0.0557
-0.0237402
-0.000491
-0.0353
-0.024525
0.00853
0.0142
-0.0143226
0.0159903
0.0467
-0.043164
0.0122625
0.0171675
0.0451
-0.0493443
-0.0044145
0.0406
0.00834
-0.0468918
-0.007848
0.0222687
0.0128
0.0401
0.0123606
-0.0188352
-0.0609201
-0.0136
-0.0242307
-0.060822
0.0357
0.00942
0.0586638
-0.0476766
-0.0017658
0.0366894
-0.0269
-0.0575
-0.0329616
0.0082404
0.0169
-0.0097119
0.0589
0.0687
-0.00559
0.00334
-0.0444393
-0.0871
0.0251136
0.0315882
0.139
0.0139302
-0.083385
0.0703
-0.0302148
0.004905
0.0224649
0.0323
0.0449298
0.0052974
-0.0420849
0.0427716
-0.101
-0.135
0.0697
0.0661
-0.0587
0.00706
-0.0129
-0.0525
0.0145188
-0.0437526
0.0073575
0.0445
-0.0313
0.0513063
0.0277623
-0.0546
-0.0375723
0.0472842
0.0491
0.0836793
0.0152055
0.0377
0.115
0.00491
-0.0271737
0.0231516
-0.0800496
-0.129
-0.0265851
-0.0248193
-0.0662175
0.0511
0.0178
0.164
0.108204
0.0259965
0.0719073
0.0701415
0.0625
0.0060822
0.0355122
-0.0201
-0.0166
0.00804
0.0530721
0.0535626
-0.108
-0.1
-0.0875052
-0.285275
-0.179
-0.12547
-0.0153
-0.166083
-0.22
0.118
0.189
0.0464994
0.0904
0.0925
-0.324417
0.0204
0.197377
0.0543
0.072
0.251823
0.00893
-0.238
-0.0555246
0.0717
0.169517
-0.0906444
0.206206
0.248389
0.172558
0.021582
-0.152447
0.0669
-0.0220725
0.112521
-0.207482
-0.147
-0.0838755
0.0454203
0.381
0.23
0.0904
-0.26644
-0.117524
-0.0056898
0.212485
0.133122
-0.206
0.0407115
-0.0541512
-0.0566037
0.461266
0.21945
-0.229
0.356
0.342467
-0.244171
-0.13
0.0803
-0.214
-0.427
-0.529
-0.204
0.0187
0.0746
0.22
0.0854451
-0.235
-0.373565
0.0615
0.496582
0.362
-0.253392
-0.0901
-0.133
-0.508256
-0.324711
0.10016
0.36
0.162
0.0955
-0.137
-0.0165789
0.411726
0.291
-0.159707
-0.142441
0.421
0.138
0.11
-0.0852489
0.185
0.102
0.0139302
-0.241522
-0.44
-0.110461
0.558778
0.435466
-0.0473823
-0.406428
-0.715
-0.723291
-0.547398
0.047088
0.389359
0.311762
0.511003
0.183839
0.0825021
-0.0584676
-0.479415
-0.438899
-0.14146
0.17452
-0.182368
-0.404761
-0.138419
0.0597429
0.0806382
0.596056
0.582224
0.227102
-0.10173
-0.0276642
-0.092214
0.0998658
0.174814
0.0172656
-0.150387
-0.109578
0.364147
0.934304
0.208953
-0.660802
-0.369935
-0.0112815
0.012753
-0.150191
-0.0145188
-0.15333
-0.0695529
-0.377979
-0.567901
-0.456754
-0.755272
-0.189529
0.168732
0.375919
-0.155096
-0.447925
-0.390634
-0.360616
-0.213858
0.415453
0.565645
0.280566
0.278996
-0.360125
-0.0781857
0.170694
0.130081
0.485104
0.408488
0.123606
-0.152251
0.362381
0.236225
0.112913
-0.0361989
0.325201
0.352768
0.16834
-0.0920178
-0.169321
-0.121938
-0.156175
-0.0157941
-0.129198
0.0818154
0.360812
0.23132
-0.264183
-0.266538
0.25663
-0.510022
-0.398
-0.138223
0.168438
0.018639
-0.261731
-0.169615
0.1394
0.280174
0.134691
-0.142735
0.220234
-0.190314
-0.0121644
0.261633
0.225238
-0.246231
-0.0124587
0.0434583
-0.615676
0.235636
0.607141
0.313822
0.291259
0.247506
0.657564
0.156273
-0.467545
-0.426637
0.0475785
-0.120173
0.235636
-0.28292
-0.173245
0.368464
-0.202675
0.0072594
0.238383
-0.220431
-0.454693
-0.638435
-0.107616
0.043164
0.136751
-0.0870147
-0.263595
-0.0607239
0.184232
0.383375
0.549458
0.386612
-1.01092
-0.7848
0.212975
-0.452241
-0.456165
0.547594
0.397305
0.0887805
0.540041
0.304797
0.469
0.151172
-0.285765
0.166868
0.228279
0.0623916
-0.111932
0.0936855
0.624799
0.521205
0.234459
-0.212877
-0.510905
-0.99287
-0.965598
-0.383179
-0.133122
0.507373
0.120467
0.637061
0.572708
-0.223766
0.0423792
0.237794
-0.143128
0.0796572
-0.242994
0.0103005
0.0290376
-0.245446
0.41614
0.0653346
0.146659
-0.237206
-0.0786762
0.403387
0.429678
0.0809325
-0.376802
-0.201007
-0.446551
0.40584
0.806872
-0.537686
-0.694744
-0.0499329
0.30254
0.747228
0.846505
0.354926
-0.322455
-0.0212877
-0.607533
-1.40342
-1.06664
-0.766553
-0.774892
-1.18632
-1.04467
-0.260848
0.447925
0.216016
-0.0401229
0.353454
0.243092
0.0753408
-0.224355
-0.313135
-0.485497
-0.176874
1.40106
1.00297
0.426245
0.445472
0.306759
1.20898
1.16876
-0.319414
-0.74507
0.466956
0.896045
-0.154507
0.671691
0.983354
-0.227984
-0.997873
-0.0528759
-0.46264
-0.987376
-0.393577
-0.575062
-0.629606
-1.01838
-1.15532
0.17246
0.332461
-0.984237
-0.540629
0.136261
0.159609
0.188254
0.556031
0.807657
0.0828945
0.590562
0.496582
0.289493
-0.387299
-0.298518
-0.0120663
-0.223962
-0.707105
-0.344429
0.743892
1.28658
1.33406
0.757724
0.544553
0.462051
-0.221019
-1.49975
-1.2545
-0.669827
-0.906346
-0.468624
0.356201
0.948333
-0.256728
-0.124881
0.514829
0.641476
0.455773
0.388672
0.659722
0.306563
0.0476766
-0.675222
-0.336287
-0.37121
0.166181
0.0308034
-0.887609
-0.36248
0.967266
0.848074
0.409077
-0.874169
-0.957848
-0.973152
-0.0835812
1.11059
0.14352
-0.921748
0.234753
1.03289
-0.060822
0.381805
1.1514
0.574572
0.611163
-0.191099
-0.755468
0.229456
1.12511
0.98051
0.683365
-1.11579
-1.92619
0.0530721
0.796768
-0.658447
-0.643242
-0.293711
-0.222981
-0.291946
-0.356103
0.103299
0.546025
0.613321
0.285275
-0.944114
-1.11863
-0.33354
0.888786
1.78532
0.745952
0.363755
0.190903
-0.185311
-0.448611
-0.858865
-0.572315
0.843071
0.226219
-0.545534
0.201792
0.989633
0.804322
0.157745
-0.415453
-0.857394
-1.1514
-0.90664
0.551322
0.776069
-0.25457
0.0717111
-0.173931
-0.915862
-0.834242
-1.04516
-0.880153
-0.691507
-0.518557
-0.171577
0.524639
0.0993753
0.389359
1.25666
0.832182
-0.742813
-0.596939
-0.610672
0.0199143
0.225
1.18662
1.42608
0.780287
-0.140283
-1.01337
0.723684
1.59893
1.2286
0.447827
0.452535
0.411824
-0.58085
-1.29943
-1.71852
-1.47866
-1.15032
-0.698472
-0.547889
-0.275563
-0.969424
-0.284588
1.23125
2.50812
1.64062
0.973741
0.387103
0.498937
-0.342663
-0.205814
0.179915
0.0425754
-0.731139
-1.21212
-0.937346
-0.71201
-0.699355
0.463523
0.472253
-0.056898
-0.356495
-0.414865
-0.725057
-0.889375
-0.434975
0.579575
0.979627
-0.526797
0.299499
1.1615
1.2957
0.911153
0.807
0.102711
-0.315293
0.94225
0.745462
-0.080442
0.44096
-0.193453
-0.43782
0.179327
0.280566
-1.05634
-1.4201
-1.84958
-0.932244
0.0867204
0.501978
0.512965
-0.0071613
-0.386318
-0.165298
0.449985
0.394264
-0.696412
-0.37484
0.304993
0.139891
-0.470684
-0.404761
-0.297439
-0.0263889
-0.47912
-0.629312
-0.532487
1.01347
1.322
0.0512082
0.118701
0.316471
0.220234
-0.166868
-0.434975
0.394558
0.596644
0.301658
-0.38828
-0.233184
-0.377587
-1.02554
0.161178
0.935776
0.0462051
-0.394166
-0.452045
0.540237
0.819626
0.465288
0.0830907
0.282037
0.379745
-0.030411
-0.252313
-0.754585
-0.799711
-0.442725
0.403682
0.388476
-0.125372
-0.220921
0.711127
1.10843
0.400052
0.0281547
-0.0837774
0.327948
-0.0272718
-0.824334
-0.830024
-0.539746
-0.0629802
-0.171969
-0.958339
-0.836793
-0.118505
0.372878
0.280566
0.636571
1.00621
0.684248
0.0820116
-0.491677
0.0084366
0.352179
0.666491
0.466073
-0.202576
-0.217488
-0.0282528
-0.0593505
0.485889
0.689054
0.719956
0.0288414
-0.0309996
-0.253196
-0.298126
-0.536018
-0.852685
-1.28805
-1.32445
-0.950883
0.536705
0.0472842
-0.262418
1.22998
1.80681
0.822078
-0.0864261
0.39191
0.0174618
-0.305483
0.159413
0.616559
0.597331
0.344037
0.832869
0.533272
0.3253
0.148621
0.440469
0.481769
0.817958
0.552205
-0.51218
-0.470782
-0.36297
-0.0816192
-0.395932
-0.486184
-0.549164
-0.635099
-1.11324
-1.28089
-1.49622
-1.43187
-0.941956
0.0651384
0.283901
0.558091
0.849742
1.0585
0.382492
-0.113698
0.208659
-0.0908406
-1.19849
-1.19358
0.0250155
0.235832
-0.194238
1.07822
0.447728
0.192472
-0.416827
-0.775088
-0.525031
0.681795
1.3837
0.235832
-0.377783
0.525424
0.567607
-0.226513
-0.856217
-0.429286
-0.0034335
0.277427
1.16239
1.08057
0.519145
0.310094
0.791569
1.33092
0.659722
-0.207089
-0.346784
-0.459402
-1.26215
-1.1873
-0.492266
0.187763
0.498152
0.91802
0.552499
0.137929
0.167653
0.242209
0.440273
-0.390242
-0.341584
0.294104
-0.25094
-0.0034335
1.29276
1.06232
0.280272
0.1704
0.997677
0.703279
-0.162061
-0.364441
-0.510905
0.100651
-0.0963342
-0.742911
-1.58314
-1.76433
-2.17929
-1.02269
-0.511984
-0.724468
-0.323632
0.248978
0.227003
0.954513
0.920374
-0.752035
-0.477845
-0.89222
-1.45777
-1.59785
-0.938621
0.276544
0.691311
0.353749
0.263693
0.835223
1.47866
1.4611
1.59677
0.783328
0.206206
2.03361
1.45051
0.884568
1.22144
0.621463
0.191001
0.580065
0.204637
0.356986
-0.733592
-0.586834
-0.965206
-1.56705
-1.27991
-1.42686
-0.171086
0.206893
-0.697687
-0.564271
0.385337
0.750367
2.80291
1.93826
1.75216
-0.725842
-1.33377
-0.351198
-0.220921
-0.727804
0.711029
0.294692
0.704064
0.724174
0.990516
0.412707
-0.0007848
-0.21788
-1.42902
-1.55842
-0.682384
-0.868087
1.90167
1.74834
1.14797
1.18534
1.09862
0.351394
0.575455
-0.884175
-0.677969
-0.521009
0.385435
-0.968149
-0.700826
1.2288
-0.18021
-1.21781
-1.47788
0.397011
0.129983
-0.016677
1.13894
2.10895
0.522284
-1.72215
0.0566037
0.687681
-0.281743
0.523069
0.758803
0.290474
-0.0796572
0.612733
1.55645
1.41176
0.08829
-0.144698
0.674732
0.452535
-0.143226
-1.6678
-2.14044
-1.06507
-1.05477
-1.35427
-0.287531
0.126255
0.560347
1.77924
0.185213
0.74193
1.22645
0.414963
-2.03018
-0.747816
0.437036
-0.706026
-1.10078
0.367777
1.62051
1.64484
0.264085
-0.123704
-0.301854
-0.419279
0.782053
-0.0171675
-0.340309
-0.184722
-0.0527778
0.900068
-0.7022
-0.793923
-1.34878
-0.800594
0.306464
-0.205127
-0.76675
-1.05634
0.638827
0.978646
-0.399659
0.509531
1.86076
-0.448317
-2.00811
-0.523363
0.905071
-0.181387
-0.762924
-1.02691
-0.24731
-0.981589
-0.54573
-1.06694
-1.30444
-1.11314
-0.446944
0.21219
0.674143
0.202478
0.843268
0.857885
-1.36781
-0.411431
0.193551
-0.0909387
-0.124096
-1.16141
-2.44632
-1.58745
-1.85576
-2.66351
-0.0493443
0.0654327
0.835125
1.08361
-0.691016
-0.489323
1.04055
1.2699
0.586736
-0.267224
-0.486478
-1.87803
-1.88009
-1.29394
-1.76619
-2.20637
-2.26376
-1.73745
2.41228
3.19973
3.19178
2.48821
-0.0898596
0.352375
-0.524246
-3.00981
-3.1446
-1.94493
-2.25522
-1.71449
0.821882
-0.314509
-1.13953
-2.80291
-2.1839
-2.87865
-1.11245
1.31209
2.38667
1.89608
-0.566822
-2.28033
-0.127039
-0.399169
-0.643634
-1.25087
-0.958045
-1.60246
-2.57218
-3.63461
-4.19525
-3.53229
-1.81161
-0.382394
0.968639
0.288414
-0.909681
-0.686406
0.323632
-0.123508
-0.683168
-0.720446
-2.83872
-3.8467
-2.85755
-2.13515
-0.741832
2.19273
2.10699
1.19966
1.34848
1.93767
2.75131
1.69635
-2.46957
-0.9397
-0.0747522
-0.345508
-0.629508
-0.683168
0.0819135
0.99699
1.34868
2.86756
0.940877
2.1632
2.57777
1.82623
1.42902
0.533566
0.186979
1.52732
2.76799
3.73889
4.53771
4.23851
0.145482
-0.431051
2.00477
1.73843
1.59785
2.65969
0.729275
-0.918118
-1.6366
-2.29819
-2.1687
-2.081
0.230437
0.441842
0.131552
1.63935
2.50263
3.58575
4.02642
1.72803
0.564958
2.46123
3.02226
3.71573
3.36208
2.55246
0.913213
0.423203
-0.432915
1.16768
0.961086
-1.08871
-2.03106
-2.03263
-2.04058
-3.19757
-4.14904
-3.56505
-0.160393
0.668159
0.338445
-1.28109
-0.894868
-1.11657
-1.53311
-2.66322
-2.23462
-3.46901
-2.17272
-0.809816
0.743402
-0.204146
0.568391
0.0632745
-0.491089
0.895555
0.270364
1.07096
1.33151
0.592524
0.0769104
-1.02063
0.114777
-1.27697
-1.45482
-1.90285
2.27729
1.96779
2.63232
2.87443
3.61302
2.31997
0.351885
1.63925
1.18073
0.390242
2.22118
1.69252
2.84912
0.683365
-1.47513
-1.80396
-1.86645
-1.79739
-1.1206
-0.49982
0.453516
1.25794
0.941466
1.86969
1.11618
1.6472
0.656191
-1.25048
-1.83987
-2.0396
0.533075
-0.976978
-2.65419
-2.9069
-3.19992
-3.14705
-3.56701
-3.26153
-3.6454
-3.80324
-2.55158
0.672083
1.85713
1.13198
0.328046
0.42183
1.13404
2.215
1.69664
2.09061
2.78663
3.1287
2.49086
1.68094
2.20146
3.03119
0.726234
-0.48687
-0.885745
-1.36702
-2.19244
-1.91893
-0.185017
1.22762
1.19839
3.64069
3.84111
3.33363
2.97155
1.9361
0.571138
0.895555
0.667472
-1.49926
-1.01612
-1.1669
-0.429678
-0.0656289
-0.61754
-1.46483
-2.00575
-1.57804
-0.144599
0.694548
1.32366
1.04241
0.372388
-0.177463
0.858767
1.84271
-0.466465
-1.36379
-1.29472
-1.33043
-0.548085
-0.596252
-0.993263
-1.25264
-0.436643
0.611948
0.4647
1.53311
2.12347
0.740557
1.06811
1.31395
-0.130473
-0.205323
0.766946
1.45894
2.61064
1.08038
0.170988
0.985218
1.8172
1.79317
1.37585
1.20094
1.3578
0.102318
-1.85517
-3.64069
-3.69631
-3.23818
-3.39573
-2.99283
-2.57395
-0.676792
0.265459
1.22448
1.68241
1.17916
0.847976
0.369739
-0.683855
-0.202871
1.16062
2.11013
2.95595
2.73699
2.48134
4.40469
4.38105
2.94025
1.606
1.32984
-0.461757
-1.75354
-0.10016
-0.539354
-0.867498
0.158235
-0.0174618
-0.0015696
0.77087
0.549556
-0.405251
-0.598214
-2.18822
-2.64576
-2.37637
-1.34113
-0.597037
-0.201497
-0.470095
-1.7402
-2.22609
-0.612144
-1.11559
-3.00647
-2.78741
-2.6024
-1.60246
0.875444
1.51908
2.61868
1.87999
1.29041
1.85625
0.712108
-0.138125
-0.100847
-0.081423
1.05762
1.33602
1.18681
0.731924
-0.44763
-1.79239
-2.61996
-0.560642
1.13384
1.5283
2.8606
3.02001
2.3698
0.518164
-0.358065
-1.43864
-1.49298
-1.76364
-2.10346
-1.6159
-0.296556
0.110853
-0.363461
-0.407115
-0.583695
-0.644517
-0.40584
-0.31549
-1.14542
-1.88068
-1.81828
-0.618815
-0.203459
-0.798632
0.263889
1.40371
1.61522
1.58431
1.9671
1.06645
-0.385631
-1.44697
-1.17436
-0.740557
-0.626761
-0.879565
-0.895064
-0.935285
-1.34063
-1.70988
-1.94464
-1.8586
-0.0177561
1.67202
1.10402
0.829632
0.296851
-0.203263
-0.591739
0.142441
1.33504
2.03136
1.85831
1.44482
1.94307
1.64484
2.38285
1.17671
-0.460285
-0.905953
-2.16781
-3.27899
-4.49131
-3.00608
-2.46721
-2.3959
-3.54641
-3.71014
-1.96602
-1.38429
-1.41755
-0.665412
0.221314
0.345116
0.601451
0.924691
0.608711
0.988259
1.56087
2.11307
2.63712
2.80458
2.37951
1.58049
0.425067
0.169026
-0.227788
-0.345018
-1.22959
-1.08489
-0.860827
-0.849055
-0.591052
-0.770968
-0.79255
-0.397697
-1.47866
-2.25022
-1.47366
-1.62473
-2.17802
-2.17929
-1.70831
0.933618
1.22998
1.24263
1.52045
0.778424
0.759196
2.2306
1.49406
1.22821
0.753997
1.15209
1.86135
2.31133
1.96455
1.73529
1.98437
2.33213
2.21824
1.73313
0.739674
1.00847
1.41745
0.911545
0.35522
0.380824
0.372191
-0.0762237
-1.19584
-1.6521
-1.52683
-1.25617
-1.39076
-1.52938
-1.21428
-1.3788
-1.80318
-2.15045
-2.03273
-1.09087
-0.0826002
0.578398
0.795297
1.58353
1.63798
1.31376
0.602236
-0.377685
-1.04535
-0.843562
-0.393185
-0.447434
-0.942349
-1.2806
-1.82397
-1.85183
-1.36143
-0.930773
-0.918216
-0.637552
-0.0895653
0.840521
1.69242
2.14564
2.20833
2.14378
2.35038
3.45822
3.05493
2.68225
1.7916
0.691605
0.321474
-0.182662
-1.4455
-1.98005
-1.41794
-0.81629
-1.15061
-1.81946
-1.10019
-1.0535
-1.44197
-1.37595
-0.982668
-1.04506
-1.12972
-1.25902
-1.44207
-1.24724
0.193257
0.375723
0.480984
0.649128
1.06968
0.917725
-0.120957
0.155489
0.610574
1.13619
2.63644
2.95252
2.3335
2.22952
1.32759
0.592818
0.6764
0.382786
0.0154017
-0.561623
-0.766946
-1.24038
-1.59775
-2.09895
-1.70145
-2.16997
-2.22991
-1.73696
-2.05529
-1.77747
-1.51986
-1.03142
0.343644
0.825806
-0.37072
-0.0190314
0.482652
0.628625
0.558679
-0.0168732
-0.0075537
0.23544
-0.0527778
0.213662
1.14296
0.201596
-0.0638631
-0.129198
-0.0388476
0.454792
0.858277
1.06213
1.11275
1.20114
0.59635
0.206893
0.10791
0.355514
-0.533762
-1.60403
-1.60099
-1.60717
-0.455969
-0.037278
-0.4182
-0.904286
-1.09126
-1.66505
-2.2201
-2.86099
-2.53991
-1.54861
-0.830515
0.236617
0.668944
0.978449
1.57097
0.902226
0.550047
1.06821
2.36166
2.64831
2.30466
2.04009
2.18783
2.73827
2.17998
1.24106
1.49504
1.52359
1.07724
0.287433
-0.480003
-1.31611
-2.32213
-2.72502
-2.19175
-1.30071
-1.09431
-1.58608
-2.28279
-2.49861
-2.10876
-1.51888
-0.811091
0.245544
1.13237
1.7451
1.68565
0.269775
0.982864
1.6366
1.66152
1.6987
1.19221
1.23959
1.29286
1.12805
1.41961
1.09705
1.1718
0.992282
0.448415
0.0419868
0.14303
-0.326182
-0.937934
-1.49602
-2.1891
-2.1119
-0.0445374
0.109578
-0.203852
-0.761256
-1.00994
-0.305876
0.144992
-0.191982
-0.528955
-0.625976
-0.425165
0.191001
0.501291
0.973152
1.12737
1.18446
1.26471
1.71567
1.45325
1.37389
1.24616
1.05703
0.218174
-0.35885
0.0192276
0.275661
0.508747
0.166181
-0.387985
-0.353454
-0.342663
-0.343546
-0.40015
-0.65933
-0.834046
-0.697687
-0.781661
-0.671102
-0.0829926
-0.0272718
-0.235636
-0.0910368
0.279683
-0.0551322
-0.298911
-0.50188
-0.762041
-0.464111
-0.0141264
-0.328341
0.268892
1.08724
0.907621
0.100258
-0.318433
0.0198162
-0.0884862
-0.0806382
0.578986
0.265949
0.014715
-0.559955
-0.575062
-0.169419
0.571727
0.10016
-0.42389
-0.0287433
-0.184624
-0.480396
-0.669336
-0.440567
-0.129001
-0.38622
-0.556521
-0.751152
0.138027
0.196494
0.401131
0.633235
0.261829
0.211798
0.424086
-0.0734769
-0.0668061
0.3511
0.0358065
-0.454203
-0.589385
-0.225434
0.573493
-0.208659
-0.0538569
-0.24731
-0.34698
-0.768908
-0.949117
-0.655504
-0.113992
-0.390438
-0.499035
-0.406624
-0.136948
0.261044
-0.318629
-0.694057
-1.05026
-0.17815
0.276642
-0.43007
-0.113109
0.295085
0.202576
-0.304993
0.0466956
0.42801
-0.276642
-1.01857
-0.966579
0.274484
0.691213
0.151368
0.495699
0.274189
0.110068
0.0981
-0.241228
-0.175501
-0.277427
-0.513161
0.0191295
0.0653346
-0.517674
-0.764395
-0.90615
-0.358065
-0.369445
0.17089
0.703475
0.470095
0.458029
-0.0332559
-0.232497
0.514927
0.284588
-0.2375
-0.571236
-0.842287
-0.487263
-0.592524
-0.616853
0.144109
0.684542
0.845033
0.118897
-0.675419
-0.33717
-0.307544
-0.477747
-0.6557
-0.281645
-0.375036
-0.705731
-0.578103
0.398188
0.206697
-0.192472
-0.18433
-0.317942
-0.250449
-0.603217
-0.718975
-0.42958
0.209542
0.532094
-0.0455184
0.241228
0.477355
0.539452
0.591445
0.477747
0.424086
0.536018
0.677969
0.061803
-0.228769
0.0908406
0.427618
0.461364
0.3511
0.275072
0.417121
0.494522
0.570255
0.588306
0.696412
0.155881
-0.54112
-0.180112
-0.0077499
0.201792
0.532487
0.303325
-0.175403
-0.407507
-0.0118701
0.770772
0.712795
0.152055
0.155292
-0.0374742
0.370229
0.820901
0.572708
0.151368
-0.256728
-0.345606
0.238089
-0.0542493
-0.474412
-0.154409
0.52925
0.60979
0.550635
-0.0923121
-0.232693
0.218076
0.353062
0.339818
0.305189
0.499035
0.361106
0.185998
-0.117033
0.0414963
0.648637
0.0340407
-0.361302
-0.169124
0.0140283
0.0279585
0.104378
-0.305189
-0.338151
-0.0622935
0.0310977
0.0656289
0.756253
0.717994
0.481867
0.0893691
-0.244858
-0.425165
-0.876425
-0.830318
-0.843268
-0.752623
-0.526699
-0.469899
-0.369739
0.415355
0.307347
0.186292
0.562211
0.841894
0.656191
0.0158922
-0.194925
0.299892
0.430463
0.402112
0.105457
-0.0571923
-0.0185409
-0.236715
0.212583
0.0845622
-0.332657
-0.0231516
0.0901539
-0.0033354
-0.489127
-0.830024
-0.822961
-0.804518
-0.49668
-0.0885843
-0.0507177
0.016677
0.548673
0.434779
0.142539
-0.248978
-0.679441
-0.98875
-1.05703
-0.800496
0.0962361
0.755762
0.628527
0.145777
0.326869
-0.154507
0.0055917
0.439194
0.429776
-0.044145
-0.366894
-0.815015
-0.970601
-0.868087
-0.485497
-0.21219
0.576337
0.292927
0.555736
0.707105
0.387103
-0.0278604
-0.149504
-0.0116739
-0.169615
-0.266047
0.094176
-0.0701415
0.389163
0.662666
-0.184722
-0.363264
-0.170596
-0.326967
-0.652659
-0.561819
-0.248193
-0.652856
-0.460187
0.317746
0.651286
0.718386
0.41045
-0.210424
-0.239854
-0.266145
0.176874
0.397599
0.244367
-0.0224649
0.0743598
0.34492
-0.0846603
-0.38622
-0.110657
0.149799
0.36248
0.240541
-0.115071
-0.11929
0.23387
0.213662
0.177659
0.091233
0.149897
0.244465
-0.07848
-0.195023
0.201399
0.364147
0.506883
0.293515
0.111442
-0.0116739
-0.0884862
-0.412707
-0.654621
-0.364932
0.179131
-0.0940779
-0.46156
0.0121644
0.541806
0.204833
-0.382394
-0.332068
-0.277231
-0.532389
-0.658643
-0.0905463
0.762433
0.532683
-0.0925083
0.169517
0.350708
0.195023
0.362872
-0.0395343
-0.0566037
0.0168732
-0.0361989
-0.0929007
-0.20758
-0.0155979
0.969424
0.494228
-0.403976
-0.260554
0.355122
0.418102
0.448121
0.554265
0.837283
0.664824
0.591445
0.28086
0.116543
-0.112226
-0.188254
-0.211111
-0.293221
-0.112423
-0.219352
-0.408194
-0.226317
0.379941
0.709361
0.364932
-0.0566037
0.115464
0.396716
0.331872
0.222981
0.496582
0.797259
1.0068
0.930675
0.242994
-0.138517
-0.160099
-0.0318825
-0.109872
-0.161865
-0.336679
-0.542395
-0.291259
0.0597429
0.390046
0.439194
0.699061
0.706516
0.452241
0.435074
0.499623
0.771458
0.620581
0.60616
-0.123017
-0.737221
-0.32167
-0.127039
-0.294006
-0.371014
-0.203263
0.0116739
-0.322259
0.038259
0.625191
0.917725
0.602432
-0.22357
-0.438016
-0.144992
-0.207776
-0.331186
-0.165397
-0.0482652
-0.399757
-0.604002
-0.562211
-0.237893
-0.176384
-0.128903
0.0474804
0.237206
0.235636
0.0501291
-0.147542
-0.274582
-0.17658
0.23495
0.0606258
-0.496582
-0.230927
0.215231
0.104967
-0.215722
-0.290278
-0.314312
-0.07848
0.202478
0.267519
0.13165
0.0030411
0.159707
0.30617
0.0597429
-0.0916254
-0.262516
-0.152644
0.173637
0.15539
-0.0753408
-0.0691605
0.137046
-0.182074
-0.391321
-0.130865
-0.0946665
0.0189333
0.0789705
0.122527
0.120271
0.174324
0.419279
0.300382
-0.128903
-0.165495
-0.14352
-0.181093
-0.255452
-0.382492
-0.271737
0.0263889
-0.0689643
-0.346784
-0.29842
-0.119682
0.215722
0.587423
0.417612
0.0246231
-0.255158
-0.421241
-0.199143
0.0319806
0.0544455
0.311664
0.25143
-0.138125
-0.420653
-0.232301
-0.445963
-0.449396
-0.321376
-0.0780876
0.344822
0.307642
0.184526
0.126255
-0.104869
-0.15647
-0.510218
-0.355122
-0.10428
0.0347274
0.20444
0.207972
0.193453
0.14715
0.0818154
-0.0675909
-0.218076
-0.309898
-0.51581
-0.452045
-0.216801
-0.162748
-0.281155
-0.13734
0.0269775
0.0924102
-0.0868185
-0.420457
-0.611752
-0.409764
-0.23132
0.164514
0.530917
0.0544455
-0.218567
-0.134201
-0.139204
-0.380922
-0.0823059
0.385043
0.191491
0.0486576
0.198358
0.165887
-0.040221
-0.279879
-0.223079
-0.187567
-0.0366894
-0.0153036
0.15902
0.117818
0.123802
0.0426735
0.146463
-0.0052974
-0.171283
-0.223864
0.0055917
0.0447336
-0.017658
0.145678
0.163729
-0.159413
-0.107223
-0.0501291
0.0142245
-0.164219
-0.423105
-0.310683
-0.380922
-0.530623
-0.196298
0.0170694
0.0184428
-0.225826
-0.178346
-0.0253098
0.0161865
-0.101239
-0.0174618
0.0624897
0.189137
-0.063765
-0.366403
-0.589581
-0.463523
-0.175403
0.0577809
0.177365
-0.208462
-0.507668
-0.283313
-0.201399
-0.24888
-0.298028
-0.202184
-0.216212
-0.42183
-0.50649
-0.284882
-0.132827
-0.203263
-0.280174
-0.427422
-0.608711
-0.429089
-0.12547
0.286452
0.518164
0.234263
-0.0876033
0.0446355
0.023544
-0.0168732
-0.244465
-0.112226
-0.139694
-0.257512
-0.288905
-0.235146
-0.222098
-0.22406
0.0043164
0.148621
0.24937
0.121252
0.255452
0.134887
0.0849546
0.176874
-0.0413982
-0.267421
-0.230339
0.0935874
0.18276
-0.0671985
0.242797
0.329812
0.209444
0.0662175
-0.361499
-0.485693
-0.452437
-0.260848
-0.0143226
-0.0589581
-0.0459108
-0.220921
-0.516987
-0.406134
0.1084
0.336483
0.0744579
-0.232105
-0.0893691
0.0933912
0.179523
0.175501
0.535724
0.707792
0.41045
0.375723
0.462443
0.21631
-0.0248193
-0.156273
-0.184624
-0.148916
0.167555
0.236225
0.0371799
0.0349236
-0.211896
-0.273699
-0.074556
0.137929
0.365717
0.267323
0.234753
0.278898
0.242994
0.0558189
0.123704
0.307642
0.396618
0.4595
0.394852
0.336581
0.297537
0.288414
0.391321
0.490794
0.532585
0.443118
0.376017
0.431346
0.405545
0.33354
0.143128
-0.0832869
-0.13734
-0.131944
-0.204931
-0.261927
-0.239953
0.132043
0.12341
0.074556
0.141853
0.087309
0.377293
0.60204
0.491677
0.452143
0.363755
0.272718
0.156077
-0.0204048
-0.185605
-0.16471
0.195317
0.32324
0.106733
-0.0799515
-0.206697
-0.180896
-0.181289
-0.201988
-0.232693
0.015696
0.0832869
0.111736
-0.0327654
-0.151761
-0.0925083
-0.13371
-0.21739
-0.173441
-0.209934
-0.140577
0.0079461
0.0777933
0.0532683
-0.180602
-0.212975
-0.252804
-0.234067
-0.185017
-0.173343
-0.0820116
-0.120369
-0.159903
-0.0159903
-0.116249
-0.207874
-0.200026
-0.160786
-0.180308
-0.160884
-0.0406134
0.103299
0.148327
0.230143
0.133514
0.237598
0.473234
0.671494
0.719465
0.48432
0.313135
0.107223
0.0678852
0.067689
-0.0171675
0.0210915
0.155489
-0.0187371
-0.17864
-0.10634
-0.0958437
-0.1136
-0.254668
-0.388378
-0.188058
-0.0655308
-0.025506
0.123214
0.184919
0.355024
0.170596
-0.116249
-0.120859
-0.002943
0.152055
0.182564
0.309898
0.290376
0.302737
0.29587
0.228475
0.28861
0.288022
0.0943722
0.138321
0.130865
0.109774
0.025506
0.106635
0.19257
0.239658
0.281155
0.229848
0.077499
0.0781857
-0.0603315
-0.0723978
0.081423
0.107616
0.0546417
0.101435
0.247016
0.265066
0.312939
0.266538
0.0930969
0.171283
-0.0205029
-0.176776
-0.0665118
0.0805401
0.0811287
-0.0365913
0.14921
0.303227
0.0869166
-0.107125
-0.27625
-0.182466
-0.0275661
0.114581
0.150191
-0.0411039
0.0890748
0.0985905
0.243975
0.294594
0.173539
0.139596
0.163336
0.179327
-0.0806382
-0.0219744
0.0487557
0.0012753
0.0521892
0.0733788
0.0364932
0.171675
0.0399267
-0.0828945
-0.209345
-0.0906444
0.179719
0.0799515
0.057879
0.191884
0.191687
0.0640593
0.153625
0.283901
0.126745
-0.0092214
0.0943722
-0.0864261
-0.294006
-0.247899
0.112128
0.170988
-0.137929
-0.153919
0.0242307
-0.0483633
-0.0958437
0.0614106
0.281056
0.0575847
-0.0123606
-0.0672966
-0.113404
-0.157156
-0.417808
-0.409273
-0.280664
-0.109676
-0.1084
-0.136457
-0.0541512
-0.0685719
0.04905
0.0354141
-0.0251136
0.0987867
0.0266832
-0.141656
-0.179523
-0.243877
-0.394852
-0.356986
-0.0516006
-0.0297243
-0.0548379
-0.008829
0.124489
0.0687681
-0.0310977
-0.169909
-0.236911
-0.0290376
-0.0572904
-0.12135
0.137634
0.0835812
-0.0558189
-0.0456165
-0.0247212
0.0315882
-0.137242
-0.194434
-0.0325692
0.0940779
0.129198
0.0364932
0.0296262
0.0007848
-0.167653
-0.316667
-0.186684
-0.0815211
0.0221706
-0.0015696
-0.143815
-0.192963
-0.404172
-0.338053
-0.287531
-0.208266
-0.169222
-0.128903
0.120761
0.261829
0.217095
-0.0933912
-0.23387
-0.0972171
-0.0986886
-0.189824
-0.283803
-0.301363
-0.290768
-0.269775
-0.320493
-0.42546
-0.361499
-0.357476
-0.390634
-0.33148
-0.176482
-0.255551
-0.267813
-0.274091
-0.175501
-0.234851
-0.223864
-0.0339426
-0.136457
-0.182858
-0.157352
-0.144207
-0.231908
-0.252215
-0.109087
-0.178542
-0.266145
-0.129786
0.0081423
-0.0208953
-0.0828945
-0.148131
-0.239266
-0.309996
-0.472057
-0.359144
-0.241915
-0.272718
-0.335698
-0.380628
-0.107027
-0.1291
-0.0229554
0.0605277
-0.0011772
0.037278
-0.0595467
-0.134495
-0.0423792
-0.23181
-0.3356
-0.119584
0.0561132
-0.0217782
-0.0457146
-0.0377685
0.141656
0.0779895
0.016677
0.010791
0.0681795
0.218567
0.261044
0.11772
0.213564
0.313528
0.280566
-0.0599391
-0.160295
-0.134201
-0.164612
0.015696
0.206108
0.0042183
-0.044145
0.128805
0.0109872
-0.0257022
0.0145188
-0.0199143
0.0952551
-0.0254079
-0.246623
-0.385925
-0.319806
-0.352768
-0.127824
0.0635688
0.101828
0.240934
0.251332
0.179425
0.103103
0.126549
0.246231
0.30411
0.243975
0.0309996
-0.0996696
-0.0084366
-0.0890748
-0.147346
-0.140479
-0.232693
-0.186979
0.0422811
0.017658
-0.0487557
0.0153036
0.136359
0.08829
0.0597429
-0.0307053
-0.101926
0.0080442
0.105065
0.011772
0.100945
-0.0155979
-0.0440469
-0.0033354
0.0881919
0.0216801
0.20395
0.298911
0.349726
0.518164
0.440567
0.270756
0.0707301
0.181779
0.185017
0.120271
0.112521
0.0030411
0.0662175
0.0870147
0.15745
0.0354141
-0.103397
0.0023544
0.168438
0.244
0.154507
0.125372
0.0532683
0.0644517
0.195611
0.112128
0.0721035
0.0212877
0.240443
0.215526
0.189333
0.296851
0.345116
0.237794
0.314705
0.390732
0.415453
0.371603
0.328341
0.206501
0.0495405
-0.0665118
-0.0177561
0.174127
0.0177561
-0.138615
-0.0803439
0.113011
0.186096
0.120271
0.150289
0.125764
0.0945684
-0.0086328
0.0051993
0.0705339
0.0635688
0.164906
0.0139302
-0.0830907
-0.235048
-0.249468
-0.133612
-0.121546
-0.0359046
0.0583695
0.0653346
-0.189137
-0.269775
-0.170204
0.005886
-0.0081423
0.0015696
0.0923121
0.0026487
-0.107616
-0.0142245
0.0428697
-0.0678852
0.0083385
0.11203
0.0997677
-0.0891729
-0.230241
-0.0979038
0.0212877
-0.0253098
-0.0195219
0.0407115
0.267519
0.397011
0.382982
0.249566
0.229358
0.198554
0.167261
0.146169
0.225336
0.356495
0.240149
0.139596
-0.0209934
-0.0268794
-0.0877995
-0.181485
-0.128119
-0.008829
0.0865242
0.035316
0.0628821
0.07848
-0.0832869
-0.179131
-0.250744
-0.162159
-0.024525
-0.153232
-0.230437
-0.147935
-0.0938817
-0.0907425
0.0290376
-0.0281547
-0.256532
-0.20807
-0.225041
-0.384062
-0.317942
-0.0220725
0.090252
0.0040221
0.0443412
0.036297
-0.0239364
0.0894672
0.148033
0.109676
0.171969
0.0729864
-0.0989829
-0.0979038
-0.0489519
-0.0026487
-0.0236421
-0.160786
-0.079461
-0.0632745
-0.0555246
-0.115758
-0.115856
-0.123116
-0.0571923
0.118505
0.1704
0.177757
0.0957456
-0.0582714
-0.0375723
-0.132926
-0.2375
-0.141951
-0.0714168
0.0037278
-0.0108891
-0.0330597
-0.0883881
-0.241522
-0.15539
-0.081423
-0.0289395
-0.0516987
-0.0648441
0.0312939
0.0357084
0.0180504
0.0999639
0.0837774
-0.0128511
0.14303
0.13528
0.0308034
0.0780876
-0.0309015
-0.215918
-0.214741
0.0302148
-0.079461
-0.261731
-0.190608
0.147739
0.202478
-0.0499329
0.220725
0.468035
-0.195023
-0.541316
0.244661
0.488636
-0.17501
-0.208659
0.33148
0.190216
-0.0927045
0.0052974
0.0854451
-0.0130473
-0.209934
-0.0760275
0.296164
0.188842
0.0044145
0.134299
0.0777933
0.0194238
-0.0321768
0.0635688
0.071613
0.0126549
-0.0253098
0.0197181
-0.0151074
-0.159511
-0.118995
0.0316863
-0.0316863
-0.0228573
-0.0332559
0.0469899
0.0635688
0.1704
0.26899
0.343546
0.0995715
0.0487557
0.0895653
-0.0567999
-0.072594
-0.021582
-0.0580752
-0.0881919
-0.0960399
-0.0103005
0.0393381
-0.0345312
-0.076518
0.0450279
0.134103
0.099081
0.0790686
0.0339426
0.0562113
-0.0459108
-0.171773
-0.11723
0.0289395
0.0626859
0.110461
0.0361989
0.0347274
0.043164
0.0276642
-0.0014715
0.069651
0.100945
0.0767142
0.0751446
0.145482
0.160393
0.18845
0.228867
0.11929
0.0566037
0.0022563
0.0506196
0.103496
0.0497367
-0.0348255
0.102024
0.105654
0.0793629
0.0717111
0.0761256
0.0056898
-0.130375
-0.16059
-0.129492
-0.048069
0.0399267
0.0659232
0.0424773
0.116935
0.109283
-0.0012753
-0.0286452
-0.080442
-0.0962361
-0.0604296
-0.185409
-0.220136
-0.175599
-0.148523
-0.0802458
-0.0080442
-0.0492462
-0.0447336
0.0855432
0.0257022
-0.0810306
-0.152153
-0.186979
-0.237794
-0.200418
-0.157156
-0.130571
-0.117131
-0.0950589
-0.0616068
-0.0751446
-0.0587619
-0.0567018
0.0037278
-0.0135378
-0.109676
-0.132043
-0.0069651
0.0018639
-0.0630783
-0.0959418
-0.109283
-0.144894
-0.141656
-0.0508158
-0.0169713
-0.0481671
-0.0553284
0.002943
-0.0671004
-0.010791
0.125764
0.12341
0.174716
0.134789
0.128413
0.0535626
-0.0914292
-0.0793629
-0.0860337
-0.133122
-0.1291
-0.0633726
-0.0837774
-0.146758
-0.161669
-0.121448
-0.0261927
0.105556
0.0963342
0.0661194
0.02943
-0.0325692
-0.0046107
-0.0684738
-0.0885843
-0.0219744
0.0027468
-0.0551322
0.0407115
0.118995
0.0590562
-0.0153036
0.0260946
0.0933912
0.120369
0.167947
0.181583
0.0821097
-0.0611163
0.0309015
0.102907
0.0219744
-0.0442431
-0.0932931
-0.0857394
-0.0240345
0.0125568
0.0988848
0.140185
0.086328
0.0577809
0.0492462
0.141951
0.118112
0.0895653
0.0056898
-0.017658
-0.0348255
-0.131454
-0.139596
-0.169811
-0.197671
-0.151368
-0.0103986
0.0722997
0.0420849
0.0291357
0.0115758
0.0558189
0.0257022
0.0253098
-0.0169713
-0.0514044
-0.0472842
-0.0139302
-0.112521
-0.0893691
0.0164808
0.102122
0.129688
0.148621
0.188646
0.179327
0.0134397
-0.0469899
-0.0399267
-0.0964323
-0.169713
-0.212877
-0.0825021
-0.0385533
-0.0576828
-0.0585657
-0.060822
-0.0737712
-0.210326
-0.167457
-0.0241326
-0.002943
0.0772047
0.10222
0.0992772
0.0390438
0.113796
0.172165
9.81e-05
-0.0865242
-0.023544
-0.0205029
-0.116
-0.178444
-0.115856
-0.130571
-0.151172
-0.0497367
0.0661194
0.0750465
0.0494424
0.0339426
-0.0045126
-0.0026487
-0.0413001
-0.0493443
-0.0430659
-0.14097
-0.0505215
-0.0879957
-0.0629802
0.0361989
0.0053955
0.0641574
0.148523
0.166279
0.183153
0.159903
0.0779895
0.0047088
-0.0261927
-0.0862299
-0.17246
-0.197671
-0.104084
-0.0525816
-0.139106
-0.151957
-0.0923121
-0.0438507
-0.0338445
0.0521892
0.0987867
0.144109
0.145973
0.189431
0.173245
0.0452241
0.0373761
0.0056898
0.0310977
-0.0839736
-0.0879957
0.0048069
-0.0246231
-0.0403191
0.0271737
0.131748
0.129983
0.101337
0.107321
0.151957
0.0427716
0.0286452
0.0121644
0.0203067
0.046107
0.0387495
0.0558189
-0.0191295
-0.128217
-0.0349236
0.0687681
0.129492
0.162356
0.1807
0.175697
0.166868
0.151074
0.0992772
0.0905463
0.104673
0.0254079
-0.0351198
-0.0126549
0.0214839
-0.0140283
-0.0952551
-0.0933912
0.0842679
0.136457
0.0348255
-0.118112
-0.135378
-0.0871128
-0.0238383
0.0615087
-0.0027468
-0.133907
-0.0970209
-0.0126549
0.0420849
0.0161865
-0.0532683
-0.0390438
0.10791
0.0536607
-0.173048
-0.211405
-0.139106
-0.11203
-0.148523
-0.0254079
0.0675909
0.0340407
-0.0380628
-0.0219744
0.0102024
0.099081
0.0783819
0.0770085
0.0023544
0.0110853
0.0516006
-0.0241326
0.0806382
0.0798534
0.000981
-0.0648441
-0.0288414
0.0710244
-0.0014715
-0.0055917
-0.01962
-0.0525816
-0.0528759
-0.0488538
-0.003924
0.056898
0.0065727
-0.0531702
-0.094176
-0.121448
-0.124783
-0.170302
-0.0305091
0.0704358
0.0478728
0.0828945
0.136555
0.154311
0.037278
-0.111147
-0.127726
-0.0722016
0.0388476
0.0671985
0.0722997
0.018639
-0.137438
-0.0665118
0.0736731
-0.0439488
-0.117033
-0.152349
-0.1239
-0.0650403
-0.075537
-0.0532683
0.0605277
0.0091233
-0.0163827
0.0141264
-0.0203067
-0.0516987
0.0309015
0.0656289
-0.0386514
-0.0488538
0.0849546
-0.0052974
0.0327654
0.142539
0.141068
0.0768123
0.075537
0.047088
-0.0283509
-0.103496
-0.0940779
-0.0836793
-0.0785781
-0.0145188
0.0554265
0.0636669
-0.0334521
0.0204048
0.0619011
0.119388
0.0496386
0.104967
0.17452
0.0075537
-0.0158922
0.0296262
0.0050031
0.0557208
0.0038259
-0.0310977
0.0305091
0.0719073
0.103299
0.069651
0.0160884
-0.0190314
-0.0126549
-0.0721035
-0.19051
-0.230437
-0.183643
-0.0932931
-0.0564075
-0.0047088
-0.0511101
-0.008829
-0.0232497
-0.097119
-0.0181485
0.0179523
0.0960399
0.1291
0.0908406
0.134789
0.057879
0.0409077
0.0155979
-0.0282528
-0.0533664
-0.0138321
0.0229554
0.0283509
0.0518949
0.0316863
0.0501291
0.0216801
0.0722016
0.0281547
0.0614106
0.0949608
0.0741636
0.0911349
0.0317844
-0.030411
-0.105065
-0.117524
-0.0162846
0.0580752
0.0655308
-0.0028449
-0.0188352
0.0006867
0.028449
-0.0067689
0.0620973
0.0416925
-0.0513063
-0.0399267
-0.0349236
0.0185409
0.0478728
0.0340407
0.0406134
0.0067689
0.129198
0.134789
0.126255
0.0875052
0.0851508
0.007848
0.0386514
-0.0095157
0.0241326
-0.0134397
-0.0066708
-0.0103986
-0.0673947
-0.0823059
-0.0845622
-0.0557208
-0.080442
0.0026487
0.092214
0.0312939
0.0309996
0.0635688
0.0277623
-0.0508158
-0.0286452
0.0184428
0.0303129
0.056898
0.0880938
0.122919
0.136359
0.0351198
0.0181485
0.190706
0.0869166
0.0242307
0.0648441
0.134691
0.0703377
-0.0663156
-0.011772
0.0748503
0.0351198
-0.0269775
-0.0589581
-0.0069651
-0.069651
-0.0648441
-0.0193257
-0.0017658
0.0731826
0.159609
0.186488
0.20238
0.0985905
0.0090252
0.0322749
0.0493443
0.0368856
-0.023544
0.0535626
-0.0345312
-0.14509
-0.112128
-0.0182466
0.0505215
0.0010791
0.0699453
-0.030411
-0.102416
-0.0014715
0.0542493
0.0038259
-0.0634707
-0.0988848
0.0011772
-0.0280566
-0.0317844
0.0890748
0.0643536
0.07848
0.0414963
0.0405153
-0.0580752
-0.122036
-0.197671
-0.12596
-0.042183
0.0139302
-0.10634
-0.17609
-0.155979
-0.275072
-0.250057
-0.277623
-0.138321
-0.0132435
-0.0635688
-0.100454
-0.0847584
-0.0350217
-0.114875
-0.14097
-0.0380628
0.024525
0.0167751
-0.110363
-0.117426
-0.0731826
-0.0715149
-0.0175599
0.014715
0.0683757
-0.0409077
-0.0575847
-0.0013734
-0.031392
-0.100749
-0.175305
-0.12596
-0.076518
-0.122919
-0.135182
-0.208953
-0.143324
-0.176972
-0.242405
-0.0573885
0.124489
0.01962
-0.120957
-0.171479
-0.0289395
-0.0741636
-0.0906444
-0.120761
-0.0688662
-0.0703377
-0.0661194
-0.037278
-0.0993753
-0.131552
-0.0552303
-0.116347
-0.0227592
-0.0949608
-0.0597429
-0.114875
-0.214054
-0.222491
-0.243779
-0.182074
-0.0772047
-0.0743598
-0.0985905
-0.112913
-0.154704
-0.126451
-0.112226
0.0279585
0.0680814
-0.033354
0.0211896
0.0643536
-0.0331578
-0.0747522
0.0263889
0.130277
0.0270756
0.079461
0.155685
0.0958437
0.0790686
0.102122
0.0185409
-0.0393381
0.0741636
0.0710244
0.120859
0.104967
0.103888
0.134593
0.145482
0.165004
0.154802
0.222098
0.134397
0.104869
0.24319
0.230241
0.180896
0.142637
0.123116
0.0795591
-0.0384552
-0.0458127
0.046107
0.0048069
-0.0688662
-0.0248193
-0.0033354
0.0143226
0.0928026
0.116543
0.0774009
0.043164
0.0777933
0.013734
-0.0181485
0.0789705
0.149308
0.104967
0.0430659
0.0410058
0.0243288
-0.0133416
-0.0530721
-0.0033354
0.079461
0.0138321
0.0858375
0.0854451
0.0366894
0.0457146
0.103397
0.100356
0.101926
0.11409
0.0680814
-0.027468
-0.0791667
-0.063765
0.048069
0.0312939
0.0723978
0.152349
0.194827
0.180504
0.0908406
0.0277623
0.0054936
0.132533
0.126647
0.0740655
0.0044145
0.0202086
0.120761
0.0939798
0.0508158
0.0324711
0.0535626
0.0477747
0.0357084
0.104967
0.0732807
0.0214839
0.0314901
0.0053955
0.0524835
0.11566
0.139204
0.0624897
0.0526797
0.0458127
-0.015696
0.0262908
0.0182466
-0.0004905
0.0743598
0.0495405
-0.0115758
0.0022563
0.0516006
0.0750465
0.0958437
0.177463
0.205519
0.168241
0.126058
0.092214
0.096138
0.130277
0.167457
0.119192
0.0821097
0.147641
0.138321
0.123116
0.0978057
0.0495405
0.0305091
0.0503253
0.0239364
0.060822
0.115758
0.094176
0.0401229
0.010791
0.0535626
0.0005886
0.025506
-0.0210915
-0.122233
-0.114777
-0.0218763
0.0506196
0.0043164
0.0496386
0.0625878
0.0850527
0.0946665
0.044145
0.03924
0.0862299
0.0108891
-0.0435564
-0.0256041
-0.0455184
-0.0243288
-0.0805401
-0.0475785
-0.048069
0.0368856
-0.0096138
-0.0612144
0.0143226
0.0055917
-0.0223668
-0.114286
-0.10742
-0.114875
-0.102809
-0.0813249
-0.145973
-0.206795
-0.222785
-0.195906
-0.15745
-0.116249
-0.103201
-0.0848565
-0.0360027
-0.0485595
-0.0517968
-0.0435564
0.0079461
0.0536607
0.0030411
-0.132926
-0.138419
-0.0999639
-0.134495
-0.0921159
-0.0905463
-0.114875
-0.0927045
-0.0324711
-0.0031392
-0.0011772
0.0408096
0.0464994
0.021582
-0.0646479
-0.12753
-0.0499329
-0.070632
-0.112226
-0.110068
-0.0792648
-0.109872
-0.13685
-0.121252
-0.075537
-0.0370818
-0.0832869
-0.109283
-0.0817173
-0.100847
-0.0972171
-0.11409
-0.0763218
-0.0327654
-0.0593505
-0.0603315
-0.120467
-0.130473
-0.143324
-0.0766161
-0.130277
-0.120565
-0.0939798
-0.0744579
-0.0805401
-0.0884862
-0.0591543
-0.0821097
-0.101043
-0.0978057
-0.111834
-0.101533
-0.0466956
-0.0740655
-0.0881919
-0.0400248
0.0111834
-0.0272718
-0.0481671
-0.034335
0.0287433
0.0713187
-0.0454203
-0.0775971
-0.0332559
-0.0732807
-0.0708282
-0.0478728
-0.0067689
0.0167751
0.0699453
0.0478728
-0.0193257
-0.0344331
0.0067689
0.0694548
0.0829926
0.092214
0.118112
0.0743598
0.0082404
-0.0080442
-0.0458127
-0.0143226
-0.0020601
-0.0234459
-0.0159903
-0.0250155
0.0002943
-0.043164
-0.0455184
-0.0840717
-0.0622935
-0.0361989
-0.051993
-0.014715
0.0167751
0.020601
0.0005886
0.0206991
0.0506196
0.0347274
0.0368856
0.0086328
-0.0065727
0.010791
0.0391419
0.0501291
0.0571923
0.0299205
-0.0056898
0.0550341
0.0479709
-0.0305091
-0.0711225
-0.0368856
0.0249174
0.0564075
0.0218763
0.0199143
0.0437526
0.010791
-0.0292338
-0.0057879
0.015696
-0.0158922
0.0070632
0.0849546
0.0194238
0.0240345
-0.0065727
-0.0204048
-0.025506
-0.0793629
-0.0025506
0.0149112
-0.0024525
0.0192276
0.0693567
0.0494424
0.0105948
0.0154998
0.0312939
-0.0032373
0.0280566
-0.0248193
-0.0775971
-0.0757332
-0.0820116
-0.0242307
0.0969228
0.106537
0.0456165
0.0366894
0.0619992
0.0750465
0.0521892
-0.0143226
0.0210915
0.03924
0.0151074
0.0681795
0.0286452
-0.0297243
0.10428
0.128805
0.134691
0.110657
0.0727902
0.0303129
0.046107
0.0656289
0.0515025
0.0295281
0.0488538
0.0661194
0.0399267
0.0462051
0.0253098
0.0258003
0.0868185
0.105948
0.0321768
0.0407115
0.0397305
0.0927045
0.110951
0.0153036
-0.0043164
0.0463032
0.133122
0.146659
0.0673947
-0.0094176
-0.0269775
0.0570942
-0.0116739
-0.0053955
0.0736731
0.0266832
-0.0641574
-0.0017658
0.104476
0.128119
0.0015696
0.0481671
0.0345312
0.059841
0.0112815
0.016677
-0.0172656
-0.0810306
-0.0561132
-0.0393381
-0.0849546
-0.124489
-0.0136359
-0.0442431
-0.063765
-0.0050031
-0.010791
-0.0025506
-0.0410058
0.0250155
0.0894672
0.0337464
-0.0495405
-0.0983943
-0.0458127
0.0291357
-0.074556
-0.0010791
0.184134
0.169124
0.0594486
0.0583695
0.0664137
0.0562113
0.133907
0.0826002
0.113502
0.0999639
-0.005886
-0.0293319
0.0823059
-0.0014715
-0.059841
0.0115758
0.0243288
0.0091233
-0.0056898
0.0016677
-0.0567018
-0.0167751
-0.0072594
0.0236421
-0.0287433
0.0024525
0.047088
0.0669042
-0.021582
-0.065727
-0.0527778
0.0418887
-0.0199143
0.0248193
0.0125568
0.0060822
0.0118701
0.0248193
-0.0384552
-0.0664137
0.0130473
0.035316
0.0253098
-0.032373
-0.0102024
-0.0238383
0.0024525
0.0282528
0.0103986
0.0177561
0.0227592
-0.0278604
0.0134397
-0.0199143
-0.051012
-0.0482652
-0.003924
-0.0190314
-0.109382
-0.0338445
0.0178542
0.0283509
0.0395343
0.0404172
0.0184428
0.0200124
-0.0238383
0.0091233
-0.043164
-0.0203067
0.0048069
-0.0285471
-0.02943
0.0140283
0.0242307
-0.0059841
-9.81e-05
-0.0619011
-0.0763218
-0.108597
-0.0769104
-0.0179523
-0.0180504
-0.0200124
-0.0066708
-0.0448317
-0.0635688
-0.0744579
-0.0709263
-0.0307053
-0.0165789
-0.0381609
-0.0518949
-0.0940779
-0.063765
-0.0541512
-0.0296262
-0.0352179
-0.0455184
-0.0540531
-0.0603315
-0.0687681
-0.0633726
-0.0530721
-0.0562113
-0.0523854
-0.0742617
-0.1239
-0.128707
-0.051012
-0.0471861
-0.118995
-0.103594
-0.0869166
-0.102907
-0.0300186
-0.0672966
-0.0954513
-0.0411039
-0.0123606
-0.0260946
-0.0576828
-0.0150093
-0.0062784
0.0275661
0.0335502
0.0615087
0.0787743
0.0641574
0.0695529
0.0654327
0.0564075
0.000981
0.0426735
0.0228573
0.0240345
0.0472842
0.0170694
0.0265851
0.0337464
-0.0395343
-0.0458127
-0.021582
-0.0075537
-0.0111834
-0.0512082
0.0366894
0.0217782
-0.025506
-0.0020601
0.027468
-0.0243288
-0.0295281
-0.0097119
-0.0217782
-0.0097119
-0.0101043
-0.0466956
-0.0016677
0.0782838
0.0061803
0.0231516
0.0506196
0.0175599
0.036297
0.0887805
0.075537
0.105065
0.111245
0.050031
0.0670023
0.0169713
-0.0388476
-0.0400248
-0.0709263
-0.0511101
-0.0184428
0.010791
0.0449298
0.0857394
0.0236421
0.0251136
0.0685719
0.061803
0.0142245
0.0652365
0.110657
0.03924
-0.0625878
-0.0246231
-0.0164808
0.0401229
0.0394362
0.010791
0.0244269
-0.0032373
0.056898
0.073575
-0.0229554
-0.0302148
0.0752427
0.136653
0.101926
0.0072594
0.0299205
0.189333
-0.154998
-0.258788
-0.213269
0.116052
-0.0338445
-0.255551
-0.0769104
0.0128511
0.0315882
0.015696
0.0715149
0.0432621
0.138027
0.215231
0.0106929
-0.0596448
0.0053955
0.15647
-0.138713
-0.197279
0.179719
0.160295
0.0619992
0.033354
-0.0151074
0.0289395
0.0947646
0.220038
0.0962361
0.156273
-0.134103
-0.26899
0.138125
0.134986
-0.0732807
-0.0662175
-0.0072594
0.0801477
-0.160197
-0.0866223
0.0219744
0.0715149
-0.073575
-0.0053955
0.0509139
-0.134103
0.0233478
0.127628
0.0918216
-0.0237402
-0.0008829
0.116052
-0.0149112
-0.0124587
-0.0260946
-0.0521892
0.0797553
0.0787743
0.054936
0.0960399
0.0447336
-0.0371799
-0.055917
0.0017658
0.0491481
0.0460089
0.0308034
-0.013734
-0.162944
-0.0719073
-0.0509139
0.0523854
-0.0366894
-0.0409077
-0.0369837
-0.091233
0.128119
-0.0123606
-0.0448317
0.0583695
0.082404
-0.0908406
-0.151074
-0.0505215
-0.0355122
-0.0582714
-0.102711
-0.0298224
0.0017658
-0.0288414
0.0100062
0.0731826
-0.0120663
0.0540531
0.0467937
-0.0732807
-0.0417906
0.0281547
0.0082404
-0.0054936
0.0143226
0.0754389
0.0486576
0.0308034
-0.0403191
0.0309015
-0.0048069
0.0145188
-0.0301167
-0.0538569
-0.051993
-0.0229554
-0.0576828
0.0154998
0.0792648
-0.0286452
-0.11154
-0.0286452
-0.101043
-0.154704
-0.10173
-0.065727
-0.0868185
-0.0920178
-0.0606258
-0.0216801
-0.0311958
-0.02943
-0.0337464
-0.0456165
-0.0341388
-0.0926064
-0.0736731
-0.0567999
-0.0808344
-0.0740655
-0.0787743
-0.0133416
-0.0563094
-0.0226611
0.0592524
0.0417906
0.0206991
0.0810306
0.0793629
0.0347274
0.0347274
0.0201105
0.112423
0.0584676
0.0256041
0.040221
0.0115758
-0.0339426
-0.0226611
-0.0139302
0.0141264
0.0381609
-0.0257022
-0.0695529
-0.0072594
0.0302148
0.0337464
0.0354141
0.0234459
0.031392
0.0495405
0.0299205
0.0153036
-0.036297
-0.0287433
0.0438507
0.0224649
0.10379
0.0949608
0.0734769
0.0690624
0.0122625
-0.0125568
0.042
0.0609201
0.0707301
0.0373761
0.0575847
0.0579771
0.0150093
0.0798534
0.124783
0.0770085
0.095157
0.167064
0.0650403
0.0360027
0.0704358
0.0600372
-0.0220725
0.0011772
0.0184428
0.0731826
-0.0074556
0.0050031
0.056898
-0.0348255
-0.0852489
-0.111638
-0.0047088
-0.0167751
-0.0429678
0.0128511
-0.0468918
-0.0753408
-0.0595467
-0.0080442
-0.0173637
-0.103103
-0.131846
-0.0934893
-0.038259
-0.129884
-0.139694
-0.0306072
-0.065727
-0.091233
0.0124587
0.0479709
0.0537588
-0.0287433
0.0181485
0.0389457
-0.0318825
-0.0571923
0.0328635
-0.0307053
-0.080442
0.0069651
0.04905
0.0212877
0.0360027
0.0153036
-0.0631764
-0.0267813
-0.014715
0.0057879
-0.0335502
-0.0277623
0.0429678
-0.0077499
-0.0632745
-0.0499329
0.0516987
-0.0586638
-0.0656289
-0.0087309
-0.0318825
-0.0393381
-0.017658
-0.0106929
-0.0095157
0.025506
0.0188352
0.0705339
0.0844641
-0.0334521
-0.050031
-0.0481671
-0.0670023
-0.0305091
0.040221
0.0096138
-0.0024525
0.0188352
-0.0001962
0.0349236
0.036297
-0.0173637
-0.0344331
0.0394362
0.0418887
-0.0302148
-0.0003924
0.0352179
0.0148131
0.0035316
0.0743598
0.0050031
0.0027468
0.0450279
0.0307053
-0.0325692
0.0081423
-0.0861318
-0.0669042
-0.0042183
-0.0031392
-0.0850527
-0.046107
-0.0070632
-0.0129492
-0.0045126
0.0116739
0.0164808
0.0283509
-0.0432621
-0.0718092
-0.0558189
-0.0715149
-0.0938817
-0.0504234
0.0075537
0.0555246
0.044145
-0.015696
-0.007848
0.0423792
0.0228573
-0.0217782
-0.0531702
-0.0048069
0.0360027
-0.0734769
-0.0570942
-0.0383571
-0.02943
-0.0020601
0.0448317
0.0350217
0.0252117
0.0778914
0.0458127
0.0422811
0.0509139
0.071613
0.0651384
0.0335502
0.0194238
0.0172656
0.0411039
-0.041202
-0.0318825
-0.0339426
-0.0091233
-0.0066708
-0.0227592
-0.000981
0.0004905
0.004905
-0.004905
0.0314901
0.0324711
0.0241326
0.0371799
0.0370818
0.0218763
-0.0066708
0.0124587
0.0396324
0.0376704
0.0312939
0.0223668
0.0602334
0.0712206
0.072594
0.0163827
-0.0095157
0.052974
0.0584676
0.0504234
0.0262908
0.0096138
-0.0043164
0.0059841
0.034335
0.0503253
0.0043164
0.0408096
0.0744579
0.0551322
0.0516006
0.0504234
0.0966285
0.106439
0.0442431
0.034335
0.0318825
0.0485595
0.0038259
0.0233478
0.0261927
-0.0102024
0.0220725
0.0126549
0.0191295
-0.013734
0.0024525
0.0104967
-0.0141264
-0.0110853
0.033354
0.0734769
0.0247212
-0.0032373
0.0014715
-0.007848
0.0037278
-0.0069651
-0.0064746
0.0146169
0.0247212
0.0080442
-0.0144207
0.0233478
0.0220725
0.008829
0.0355122
0.0266832
0.0149112
0.0164808
-0.0161865
0.0014715
0.0332559
0.0249174
-0.0193257
0.0185409
0.027468
0.0380628
0.0575847
0.056898
0.0314901
0.0122625
-0.0046107
0.0013734
0.0073575
0.0210915
0.0416925
0.0152055
0.0296262
0.0228573
0.0100062
-0.0008829
-0.0298224
-0.0046107
-0.0217782
-0.0376704
-0.0030411
-0.0079461
-0.0059841
-0.0207972
-0.0073575
9.81e-05
-0.0056898
-0.0072594
-0.0121644
0.0148131
0.0178542
0.0135378
0.0273699
0.0328635
-0.0018639
-0.0326673
-0.0450279
-0.0374742
-0.038259
9.81e-05
0.0105948
0.0207972
0.0047088
-0.000981
-0.0387495
-0.052974
0.0399267
0.0153036
-0.0322749
-0.0705339
-0.0621954
-0.0527778
-0.0538569
-0.0556227
-0.0719073
-0.0751446
-0.0970209
-0.0651384
-0.0741636
-0.0750465
-0.0679833
-0.052974
-0.0498348
-0.0484614
-0.0248193
-0.0377685
-0.0662175
-0.0834831
-0.0658251
-0.0760275
-0.0978057
-0.104084
-0.111736
-0.092214
-0.0776952
-0.0734769
-0.0339426
-0.0396324
-0.0590562
-0.0473823
-0.083385
-0.0317844
0.0263889
-0.0165789
-0.0518949
-0.0207972
0.0072594
-0.0008829
-0.0503253
-0.034335
0.017658
-0.0152055
-0.0562113
-0.0606258
0.0116739
-0.0191295
-0.0242307
0.0189333
0.0229554
0.0700434
-0.0484614
-0.0565056
-0.0350217
-0.0394362
-0.0764199
-0.0482652
-0.0312939
-0.0832869
-0.0064746
-0.0272718
-0.0515025
-0.0272718
-0.030411
-0.0695529
-0.0871128
-0.0554265
-0.007848
-0.0503253
-0.0240345
-0.0465975
-0.0575847
-0.0493443
-0.0050031
-0.0826002
-0.0453222
-0.0337464
-0.0926064
-0.0289395
-0.0589581
-0.0407115
0.0247212
0.0212877
-0.0411039
0.0030411
-0.0287433
-0.101926
-0.033354
0.0102024
-0.0851508
0.0052974
0.0210915
-0.0365913
-0.0123606
0.0142245
0.0743598
0.100553
0.0243288
0.0365913
0.0516006
0.0569961
0.0361989
0.0808344
0.0701415
0.0365913
0.0491481
0.0085347
0.0206991
0.0237402
0.0135378
0.0230535
0.0319806
0.0671004
0.0475785
0.0020601
-0.0132435
0.0034335
-0.0219744
0.0518949
0.0437526
-0.0064746
0.0051993
0.10948
0.06867
0.0884862
0.114286
0.0722997
0.0614106
0.0733788
0.0445374
0.0982962
0.101239
0.0131454
0.0364932
0.118701
0.0926064
0.0199143
0.0670023
0.0709263
0.0390438
0.0534645
0.0625878
0.030411
0.0711225
0.0599391
0.0557208
0.0672966
0.0576828
0.0437526
0.0660213
0.0226611
0.0087309
0.054936
0.0430659
0.0056898
0.0164808
0.0611163
0.0013734
0.0099081
0.0145188
0.0175599
0.0199143
-0.0020601
-0.0112815
0.0099081
0.0041202
-0.0120663
-0.0207972
-0.0150093
-0.0030411
-0.0226611
0.0317844
-0.0102024
-0.0236421
-0.0359046
-0.0468918
-0.0406134
-0.070632
-0.0299205
0.0100062
0.025506
0.0242307
-0.0488538
-0.0497367
-0.0297243
-0.0258003
0.0262908
-0.0025506
-0.0321768
0.0157941
0.0174618
0.0155979
-0.0535626
-0.0079461
0.0064746
-0.0285471
0.0376704
0.0027468
-0.0205029
-0.0354141
0.0038259
0.0339426
-0.0455184
0.0177561
0.0191295
-0.0427716
-0.0916254
-0.0523854
-0.0423792
-0.0649
-0.0379647
-0.0416925
-0.0378666
-0.0188352
0.0089271
0.0136359
0.0152055
-0.000981
-0.0067689
-0.0250155
-0.0247212
-0.0204048
0.0054936
0.0270756
0.0027468
0.0733788
0.0846603
0.0473823
0.0934893
0.0976095
0.0484614
0.054936
0.0984924
0.0898596
0.041202
0.0452241
0.0889767
0.0455184
0.026487
0.0670023
0.0842679
0.013734
0
0.0504234
0.0528759
0.0149112
0.0189333
0.0209934
0.0397305
0.0612144
0.0378666
-0.0036297
0.0299205
0.0344331
0.0116739
0.0010791
-0.0045126
0.0356103
-0.0084366
-0.0060822
0.0053955
-0.0299205
-0.0571923
-0.0864261
-0.0694548
-0.0173637
-0.0680814
-0.0373761
-0.0151074
0.0013734
-0.0272718
-0.0361008
-0.0621954
-0.0398286
-0.0201105
-0.054936
-0.0514044
-0.0271737
-0.0414963
-0.0365913
-0.0298224
-0.0633726
-0.0227592
-0.0045126
-0.0266832
-0.0192276
-0.0073575
-0.0031392
-0.0042183
0.0331578
0.0118701
0.0340407
0.0376704
0.0366894
-0.0062784
-0.0016677
0.0290376
0.0145188
-0.0099081
-0.0247212
0.0135378
-0.0246231
-0.0646479
-0.0188352
0.0164808
-0.0425754
-0.0426735
0.0027468
-0.0087309
-0.0152055
-0.0052974
0.0168732
0.0066708
-0.0222687
0.0151074
0.0300186
0.0096138
-0.0851508
-0.0220725
0.0574866
0.0592524
0.0477747
0.0052974
0.0072594
-0.0464013
0.0028449
0.0331578
0.0352179
0.0446355
0.0487557
0.0819135
0.0698472
0.0139302
0.030411
0.0888786
0.0528759
0.0055917
-0.0057879
0.0306072
0.0452241
0.0317844
0.0995715
0.0722016
0.0338445
0.0328635
0.0423792
-0.0296262
-0.0096138
0.0466956
0.0028449
0.0002943
0.0192276
0.0309996
-0.0404172
-0.0112815
-0.0222687
-0.0083385
-0.0085347
-0.0357084
-0.0077499
0.0184428
-0.0075537
-0.027468
-0.0452241
-0.0214839
0.0172656
0.0454203
0.0178542
0.0011772
0.0164808
-0.0030411
0.0056898
0.0297243
0.0185409
-0.0174618
0.0396324
-0.0045126
-0.0297243
-0.0028449
-0.0062784
-0.0011772
0.0053955
-0.0119682
-0.0050031
-0.0532683
-0.0387495
-0.0493443
0.0018639
-0.0298224
-0.0100062
-0.0643536
-0.0570942
-0.012753
-0.013734
0.0063765
-0.0473823
-0.062784
-0.0538569
-0.0459108
-0.0530721
-0.0261927
-0.0758313
-0.0846603
-0.0429678
0.0090252
-0.0407115
-0.0868185
-0.0306072
-0.0511101
-0.067689
-0.0542493
0.018639
-0.0112815
-0.0734769
-0.0542493
-0.0319806
-0.0222687
-0.025506
0.0074556
-0.0414963
-0.0586638
-0.0387495
-0.06867
-0.0391419
-0.0295281
0.0212877
0.0002943
-0.0379647
-0.042183
0.0081423
-0.0036297
-0.0339426
-0.0109872
-0.0224649
-0.0538569
0.0014715
-0.00981
-0.0357084
-0.0199143
-0.0184428
-0.0406134
-0.0208953
-0.0105948
-0.0479709
-0.0933912
-0.0414963
-0.0404172
-0.0054936
-0.0237402
-0.070632
-0.0277623
-0.0236421
-0.0714168
-0.0649422
-0.0193257
-0.0659232
-0.0969228
-0.0506196
-0.0452241
-0.0364932
-0.0554265
-0.0394362
-0.0128511
-0.0018639
-0.024525
-0.0523854
-0.0428697
-0.0231516
0.0094176
-0.0101043
-0.0065727
-0.0055917
0.036297
0.0236421
0.0271737
0.0346293
0.0265851
0.0007848
0.0144207
0.0715149
0.0556227
0.0571923
0.0445374
0.045126
0.0840717
0.0251136
0.0148131
0.0331578
0.038259
0.0135378
0.0289395
0.054936
0.0467937
0.0358065
0.0138321
0.008829
0.0181485
-0.015696
0.0038259
0.0246231
0.0144207
0.0126549
0.0413982
0.0633726
0.0471861
0.0260946
-0.0003924
0.0199143
0.0308034
0.0154017
0.0299205
0.0680814
0.0586638
0.0325692
0.0418887
0.0359046
0.0085347
0.008829
0.022563
0.0427716
-0.001962
-9.81e-05
0.0234459
0.0425754
-0.0020601
-0.0105948
0.018639
0.0221706
-0.001962
0.022563
0.041202
0.0275661
-0.0282528
0.0126549
0.0609201
0.0370818
0.0135378
-0.0037278
0.0573885
0.0222687
-0.0031392
0.0810306
0.0397305
0.0516006
0.0204048
0.0387495
0.0624897
0.0633726
0.0006867
-0.0361008
0.0359046
0.086328
0.0327654
-0.0339426
0.0436545
0.0222687
0.0486576
0.0244269
0.0218763
0.0309996
0.0006867
0.0251136
0.0085347
0.0161865
0.0361008
0.031392
0.0291357
-0.006867
0.0241326
-0.0025506
-0.0020601
0.006867
0.0281547
-0.0037278
0.0358065
0.0002943
-0.0170694
-0.0038259
0.0208953
0.007848
-0.0189333
-0.0042183
0.0086328
0.0316863
-0.0171675
-0.0385533
0.0194238
0.0193257
-0.0191295
-0.0087309
-0.0037278
0.0002943
0.0011772
-0.0090252
0.0028449
0.0150093
-0.0170694
-0.0260946
-0.0032373
-0.0020601
0.0102024
0.0032373
-0.0015696
-0.0015696
-0.0050031
-0.0002943
-0.0092214
-0.0074556
-0.008829
-0.0083385
0.0077499
-0.0075537
-0.015696
-0.0018639
-0.0157941
-0.0065727
-0.0051993
-0.0268794
-0.0077499
0.0095157
0.0022563
-0.0213858
-0.0303129
-0.0140283
-0.0199143
-0.0357084
-0.0253098
-0.0149112
-0.0014715
-0.0238383
-0.0219744
-0.0213858
-0.033354
-0.0328635
-0.0276642
-0.0234459
-0.0317844
-0.023544
-0.0246231
-0.0195219
-0.0193257
-0.0293319
-0.0335502
-0.0171675
-0.0155979
-0.0293319
-0.0314901
-0.0189333
-0.0292338
-0.0197181
-0.0132435
-0.005886
-0.0128511
-0.0045126
-0.0070632
0.0004905
-0.0059841
-0.0085347
-0.0095157
-0.0004905
-0.0115758
-0.0074556
-0.0061803
0.0036297
0.0042183
-0.0034335
0.0028449
-0.0092214
0
-0.0032373
-0.0046107
-0.003924
-0.007848
-0.013734
-0.0148131
-0.0067689
-0.0126549
-0.0197181
-0.0022563
-0.0031392
-0.0103005
-0.0124587
9.81e-05
-0.0022563
-0.003924
-0.0087309
-0.0065727
-0.0005886
-0.0047088
-0.0069651
-0.0089271
0.0010791
-0.0040221
-0.0112815
-0.012753
-0.005886
0.0006867
-0.003924
-0.0072594
-0.0087309
-0.0037278
0.0040221
0.0018639
-0.0064746
9.81e-05
-0.0011772
-0.0077499
-0.0083385
-0.0002943
-0.0032373
0.0008829
0.0057879
0.0004905
-0.0033354
0.0079461
0.0001962
0.0013734
0.0038259
0.0050031
0.0062784
0.0017658
0.0024525
0.001962
0.0010791
0.0020601
0.0045126
0.0042183
0.00177
0.0056898
0.0023544
-0.0005886
0.0042183
0.0037278
0.0060822
0.0060822
0.0073575
0.0015696
0.0064746
0.0071613
0.0044145
0.0044145
0.0055917
0.003924
0.0070632
0.0012753
0.0065727
0.0045126
0.0027468
0.0035316
0.0059841
0.0028449
0.0031392
0.005886
0.0053955
0.0020601
0.0027468
0.0038259
0.0035316
0.0035316
0.0037278
0.0031392
0.0054936
0.0032373
0.0066708
0.0066708
0.0051993
0.0051993
0.0081423
0.0026487
0.000981
0.0032373
0.0062784
0.004905
0.0028449
-0.0021582
0.0035316
0.006867
0.0050031
0.0048069
0.0037278
0.0012753
0.0034335
0.003924
0.003924
0.0030411
0.0047088
0.0021582
0.0042183
0.0028449
0.0018639
0.0022563
0.004905
0.0025506
0.0027468
0.0028449
0.0023544
0.0017658
0.0018639
0.0013734
0.0015696
0.0011772
0.001962
0.0002943
0.001962
-9.81e-05
0.0006867
9.81e-05
0.000981
0
0.0013734
0.0006867
0.0006867
0.0001962
0.0004905
0.0004905
0.0011772
9.81e-05
0.0007848
0
0.0010791
0.0001962
0.0008829
-9.81e-05
0.0007848
0.0002943
0.0006867
9.81e-05
0.0006867
0.0002943
0.0006867
-9.81e-05
0.0004905
-9.81e-05
0.0003924
-0.0001962
0.0001962
-9.81e-05
0.0002943
-0.0001962
0.0003924
-0.0002943
0.0002943
-0.0002943
0.0001962
-0.0001962
0.0002943
-0.0003924
9.81e-05
-0.0002943
0.0001962
-0.0003924
0.0001962
-0.0003924
0.0001962
-0.0004905
9.81e-05
-0.0004905
9.81e-05
-0.0004905
9.81e-05
-0.0004905
9.81e-05
-0.0004905
9.81e-05
-0.0004905
9.81e-05
-0.0004905
9.81e-05
-0.0004905
9.81e-05
-0.0004905
9.81e-05
-0.0004905
9.81e-05
-0.0004905
9.81e-05
-0.0004905
0
-0.0004905
0
-0.0004905
0
-0.0004905
0
-0.0004905
0
-0.0005886
0
-0.0005886
0
-0.0005886
0
-0.0005886
0
-0.0005886
0
-0.0005886
0
-0.0005886
0
-0.0005886
0
-0.0005886
0
-0.0005886
0
-0.0005886
-0.0002943